1.000000000000000000e+00 1.940000000000000058e-01 7.172340000000000160e+00 3.008299999999999863e-01
2.000000000000000000e+00 1.940000000000000058e-01 6.656080000000000219e+00 2.360299999999999898e-01
3.000000000000000000e+00 1.739999999999999880e-01 4.812890000000000335e+00 2.178299999999999959e-01
4.000000000000000000e+00 1.670000000000000095e-01 6.690920000000000201e+00 2.349900000000000044e-01
5.000000000000000000e+00 1.940000000000000058e-01 6.512509999999999799e+00 2.901299999999999990e-01
6.000000000000000000e+00 1.940000000000000058e-01 7.169889999999999652e+00 3.220799999999999774e-01
7.000000000000000000e+00 1.940000000000000058e-01 7.466739999999999711e+00 3.325000000000000178e-01
8.000000000000000000e+00 1.940000000000000058e-01 7.569370000000000154e+00 3.360600000000000254e-01
9.000000000000000000e+00 1.809999999999999942e-01 7.663789999999999658e+00 3.390699999999999825e-01
1.000000000000000000e+01 1.869999999999999996e-01 7.764619999999999855e+00 3.379900000000000126e-01
1.100000000000000000e+01 1.809999999999999942e-01 7.808010000000000339e+00 3.261100000000000110e-01
1.200000000000000000e+01 1.670000000000000095e-01 7.798119999999999941e+00 3.063500000000000112e-01
1.300000000000000000e+01 1.670000000000000095e-01 7.786360000000000170e+00 2.928999999999999937e-01
1.400000000000000000e+01 1.739999999999999880e-01 8.114929999999999310e+00 3.559800000000000186e-01
1.500000000000000000e+01 1.739999999999999880e-01 8.153140000000000498e+00 3.608399999999999941e-01
1.600000000000000000e+01 1.739999999999999880e-01 8.199120000000000630e+00 3.653600000000000181e-01
1.700000000000000000e+01 1.739999999999999880e-01 8.255729999999999791e+00 3.703899999999999970e-01
1.800000000000000000e+01 1.739999999999999880e-01 8.305680000000000618e+00 3.716999999999999749e-01
1.900000000000000000e+01 1.739999999999999880e-01 8.355199999999999960e+00 3.730200000000000182e-01
2.000000000000000000e+01 1.739999999999999880e-01 8.396420000000000883e+00 3.741099999999999981e-01
2.100000000000000000e+01 1.739999999999999880e-01 8.430989999999999540e+00 3.740800000000000236e-01
2.200000000000000000e+01 1.739999999999999880e-01 8.465609999999999857e+00 3.737300000000000066e-01
2.300000000000000000e+01 1.739999999999999880e-01 8.497360000000000468e+00 3.734100000000000197e-01
2.400000000000000000e+01 1.739999999999999880e-01 8.531230000000000757e+00 3.734199999999999742e-01
2.500000000000000000e+01 1.739999999999999880e-01 8.603229999999999933e+00 3.759299999999999864e-01
2.600000000000000000e+01 1.739999999999999880e-01 8.678390000000000271e+00 3.786399999999999766e-01
2.700000000000000000e+01 1.739999999999999880e-01 8.740190000000000126e+00 3.791100000000000025e-01
2.800000000000000000e+01 1.739999999999999880e-01 8.787750000000000838e+00 3.794000000000000150e-01
2.900000000000000000e+01 1.739999999999999880e-01 8.829990000000000450e+00 3.793199999999999905e-01
3.000000000000000000e+01 1.739999999999999880e-01 8.866270000000000095e+00 3.783299999999999996e-01
3.100000000000000000e+01 1.739999999999999880e-01 8.900230000000000530e+00 3.768500000000000183e-01
3.200000000000000000e+01 1.670000000000000095e-01 8.932349999999999568e+00 3.751700000000000035e-01
3.300000000000000000e+01 1.670000000000000095e-01 8.961140000000000327e+00 3.733000000000000207e-01
3.400000000000000000e+01 1.670000000000000095e-01 8.987170000000000769e+00 3.715100000000000069e-01
3.500000000000000000e+01 1.670000000000000095e-01 9.012560000000000571e+00 3.696099999999999941e-01
3.600000000000000000e+01 1.670000000000000095e-01 9.039179999999999993e+00 3.679899999999999838e-01
3.700000000000000000e+01 1.670000000000000095e-01 9.062260000000000204e+00 3.663100000000000245e-01
3.800000000000000000e+01 1.670000000000000095e-01 9.086460000000000647e+00 3.644200000000000217e-01
3.900000000000000000e+01 1.670000000000000095e-01 9.110599999999999810e+00 3.629899999999999793e-01
4.000000000000000000e+01 1.670000000000000095e-01 9.134550000000000836e+00 3.616599999999999815e-01
4.100000000000000000e+01 1.670000000000000095e-01 9.155179999999999652e+00 3.602000000000000202e-01
4.200000000000000000e+01 1.670000000000000095e-01 9.170629999999999171e+00 3.575300000000000145e-01
4.300000000000000000e+01 1.670000000000000095e-01 9.184760000000000701e+00 3.549200000000000133e-01
4.400000000000000000e+01 1.670000000000000095e-01 9.197770000000000223e+00 3.524200000000000110e-01
4.500000000000000000e+01 1.670000000000000095e-01 9.209939999999999571e+00 3.501500000000000168e-01
4.600000000000000000e+01 1.670000000000000095e-01 9.221989999999999910e+00 3.479400000000000270e-01
4.700000000000000000e+01 1.670000000000000095e-01 9.234009999999999607e+00 3.457200000000000273e-01
4.800000000000000000e+01 1.670000000000000095e-01 9.246299999999999741e+00 3.435300000000000020e-01
4.900000000000000000e+01 1.739999999999999880e-01 9.258660000000000778e+00 3.412000000000000033e-01
5.000000000000000000e+01 1.739999999999999880e-01 9.270609999999999573e+00 3.388599999999999945e-01
5.100000000000000000e+01 1.739999999999999880e-01 9.280799999999999272e+00 3.365199999999999858e-01
5.200000000000000000e+01 1.739999999999999880e-01 9.288449999999999207e+00 3.342899999999999761e-01
5.300000000000000000e+01 1.739999999999999880e-01 9.294169999999999376e+00 3.317899999999999738e-01
5.400000000000000000e+01 1.739999999999999880e-01 9.298460000000000392e+00 3.292599999999999971e-01
5.500000000000000000e+01 1.739999999999999880e-01 9.302239999999999398e+00 3.268199999999999994e-01
5.600000000000000000e+01 1.739999999999999880e-01 9.307470000000000354e+00 3.247900000000000231e-01
5.700000000000000000e+01 1.739999999999999880e-01 9.314640000000000697e+00 3.231700000000000128e-01
5.800000000000000000e+01 1.739999999999999880e-01 9.322469999999999146e+00 3.215999999999999970e-01
5.900000000000000000e+01 1.739999999999999880e-01 9.331229999999999691e+00 3.195600000000000107e-01
6.000000000000000000e+01 1.739999999999999880e-01 9.340239999999999654e+00 3.174600000000000199e-01
6.100000000000000000e+01 1.739999999999999880e-01 9.351069999999999993e+00 3.156999999999999806e-01
6.200000000000000000e+01 1.739999999999999880e-01 9.361309999999999576e+00 3.139899999999999913e-01
6.300000000000000000e+01 1.739999999999999880e-01 9.370580000000000354e+00 3.121499999999999830e-01
6.400000000000000000e+01 1.739999999999999880e-01 9.381619999999999848e+00 3.104600000000000137e-01
6.500000000000000000e+01 1.739999999999999880e-01 9.393990000000000506e+00 3.088400000000000034e-01
6.600000000000000000e+01 1.739999999999999880e-01 9.407339999999999591e+00 3.073000000000000176e-01
6.700000000000000000e+01 1.739999999999999880e-01 9.421229999999999549e+00 3.058299999999999907e-01
6.800000000000000000e+01 1.739999999999999880e-01 9.435399999999999565e+00 3.044299999999999784e-01
6.900000000000000000e+01 1.739999999999999880e-01 9.449149999999999494e+00 3.031099999999999905e-01
7.000000000000000000e+01 1.739999999999999880e-01 9.462479999999999336e+00 3.018899999999999917e-01
7.100000000000000000e+01 1.739999999999999880e-01 9.476739999999999498e+00 3.007699999999999818e-01
7.200000000000000000e+01 1.739999999999999880e-01 9.491580000000000794e+00 2.998000000000000109e-01
7.300000000000000000e+01 1.739999999999999880e-01 9.506169999999999121e+00 2.989899999999999780e-01
7.400000000000000000e+01 1.739999999999999880e-01 9.518819999999999837e+00 2.980499999999999816e-01
7.500000000000000000e+01 1.739999999999999880e-01 9.531190000000000495e+00 2.975200000000000067e-01
7.600000000000000000e+01 1.739999999999999880e-01 9.543430000000000746e+00 2.970400000000000262e-01
7.700000000000000000e+01 1.739999999999999880e-01 9.556179999999999453e+00 2.964899999999999758e-01
7.800000000000000000e+01 1.739999999999999880e-01 9.569290000000000518e+00 2.952899999999999969e-01
7.900000000000000000e+01 1.739999999999999880e-01 9.582670000000000243e+00 2.944800000000000195e-01
8.000000000000000000e+01 1.739999999999999880e-01 9.598470000000000724e+00 2.938600000000000101e-01
8.100000000000000000e+01 1.739999999999999880e-01 9.614779999999999660e+00 2.933000000000000052e-01
8.200000000000000000e+01 1.739999999999999880e-01 9.630689999999999529e+00 2.926900000000000057e-01
8.300000000000000000e+01 1.529999999999999971e-01 7.378059999999999619e+00 5.118300000000000072e-01
8.400000000000000000e+01 1.739999999999999880e-01 9.662789999999999324e+00 2.916799999999999948e-01
8.500000000000000000e+01 1.529999999999999971e-01 7.394269999999999676e+00 5.129399999999999515e-01
8.600000000000000000e+01 1.529999999999999971e-01 7.403850000000000264e+00 5.131599999999999495e-01
8.700000000000000000e+01 1.529999999999999971e-01 7.413409999999999833e+00 5.132999999999999785e-01
8.800000000000000000e+01 1.529999999999999971e-01 7.422489999999999810e+00 5.134499999999999620e-01
8.900000000000000000e+01 1.529999999999999971e-01 7.431420000000000137e+00 5.136399999999999855e-01
9.000000000000000000e+01 1.529999999999999971e-01 7.440279999999999561e+00 5.138200000000000545e-01
9.100000000000000000e+01 1.529999999999999971e-01 7.448579999999999757e+00 5.140400000000000524e-01
9.200000000000000000e+01 1.529999999999999971e-01 7.456669999999999909e+00 5.143400000000000194e-01
9.300000000000000000e+01 1.529999999999999971e-01 7.464529999999999887e+00 5.146399999999999864e-01
9.400000000000000000e+01 1.529999999999999971e-01 7.472019999999999662e+00 5.149299999999999988e-01
9.500000000000000000e+01 1.529999999999999971e-01 7.479549999999999699e+00 5.153499999999999748e-01
9.600000000000000000e+01 1.529999999999999971e-01 7.487230000000000274e+00 5.159200000000000452e-01
9.700000000000000000e+01 1.529999999999999971e-01 7.494710000000000427e+00 5.164900000000000047e-01
9.800000000000000000e+01 1.529999999999999971e-01 7.501900000000000013e+00 5.170299999999999896e-01
9.900000000000000000e+01 1.529999999999999971e-01 7.509039999999999715e+00 5.175600000000000200e-01
1.000000000000000000e+02 1.529999999999999971e-01 7.516729999999999912e+00 5.182600000000000540e-01
1.010000000000000000e+02 1.529999999999999971e-01 7.523850000000000371e+00 5.188099999999999934e-01
1.020000000000000000e+02 1.529999999999999971e-01 7.530780000000000030e+00 5.193200000000000038e-01
1.030000000000000000e+02 1.529999999999999971e-01 7.537560000000000038e+00 5.198300000000000143e-01
1.040000000000000000e+02 1.529999999999999971e-01 7.544229999999999769e+00 5.204100000000000392e-01
1.050000000000000000e+02 1.529999999999999971e-01 7.550790000000000113e+00 5.209700000000000442e-01
1.060000000000000000e+02 1.529999999999999971e-01 7.557190000000000296e+00 5.214699999999999891e-01
1.070000000000000000e+02 1.529999999999999971e-01 7.563369999999999926e+00 5.219799999999999995e-01
1.080000000000000000e+02 1.529999999999999971e-01 7.569239999999999746e+00 5.224400000000000155e-01
1.090000000000000000e+02 1.529999999999999971e-01 7.575350000000000250e+00 5.229399999999999604e-01
1.100000000000000000e+02 1.529999999999999971e-01 7.581450000000000244e+00 5.233999999999999764e-01
1.110000000000000000e+02 1.529999999999999971e-01 7.587559999999999860e+00 5.238800000000000123e-01
1.120000000000000000e+02 1.529999999999999971e-01 7.593429999999999680e+00 5.243400000000000283e-01
1.130000000000000000e+02 1.529999999999999971e-01 7.598989999999999689e+00 5.247800000000000242e-01
1.140000000000000000e+02 1.529999999999999971e-01 7.604339999999999655e+00 5.251599999999999602e-01
1.150000000000000000e+02 1.529999999999999971e-01 7.609560000000000102e+00 5.255900000000000016e-01
1.160000000000000000e+02 1.529999999999999971e-01 7.614480000000000359e+00 5.259800000000000031e-01
1.170000000000000000e+02 1.529999999999999971e-01 7.619239999999999569e+00 5.263700000000000045e-01
1.180000000000000000e+02 1.529999999999999971e-01 7.623850000000000016e+00 5.267600000000000060e-01
1.190000000000000000e+02 1.529999999999999971e-01 7.628169999999999895e+00 5.271799999999999820e-01
1.200000000000000000e+02 1.529999999999999971e-01 7.632509999999999906e+00 5.275800000000000489e-01
