1.000000000000000000e+00 1.459999999999999909e-01 6.332690000000000374e+00 6.924400000000000555e-01
2.000000000000000000e+00 1.459999999999999909e-01 4.138919999999999710e+00 1.667200000000000071e-01
3.000000000000000000e+00 1.320000000000000062e-01 2.571979999999999933e+00 3.241999999999999882e-01
4.000000000000000000e+00 1.320000000000000062e-01 2.314329999999999998e+00 2.356499999999999984e-01
5.000000000000000000e+00 -1.000000000000000000e+00 -1.000000000000000000e+00 0.000000000000000000e+00
6.000000000000000000e+00 -1.000000000000000000e+00 -1.000000000000000000e+00 0.000000000000000000e+00
7.000000000000000000e+00 -1.000000000000000000e+00 -1.000000000000000000e+00 0.000000000000000000e+00
8.000000000000000000e+00 -1.000000000000000000e+00 -1.000000000000000000e+00 0.000000000000000000e+00
9.000000000000000000e+00 -1.000000000000000000e+00 -1.000000000000000000e+00 0.000000000000000000e+00
1.000000000000000000e+01 -1.000000000000000000e+00 -1.000000000000000000e+00 0.000000000000000000e+00
1.100000000000000000e+01 1.459999999999999909e-01 4.175139999999999851e+00 5.129999999999999838e-02
1.200000000000000000e+01 1.390000000000000124e-01 3.809639999999999915e+00 4.841999999999999776e-02
1.300000000000000000e+01 1.390000000000000124e-01 3.593420000000000059e+00 5.342000000000000220e-02
1.400000000000000000e+01 1.320000000000000062e-01 3.360990000000000144e+00 9.275999999999999523e-02
1.500000000000000000e+01 1.320000000000000062e-01 2.586300000000000043e+00 2.724400000000000155e-01
1.600000000000000000e+01 -1.000000000000000000e+00 -1.000000000000000000e+00 0.000000000000000000e+00
1.700000000000000000e+01 -1.000000000000000000e+00 -1.000000000000000000e+00 0.000000000000000000e+00
1.800000000000000000e+01 -1.000000000000000000e+00 -1.000000000000000000e+00 0.000000000000000000e+00
1.900000000000000000e+01 -1.000000000000000000e+00 -1.000000000000000000e+00 0.000000000000000000e+00
2.000000000000000000e+01 -1.000000000000000000e+00 -1.000000000000000000e+00 0.000000000000000000e+00
2.100000000000000000e+01 -1.000000000000000000e+00 -1.000000000000000000e+00 0.000000000000000000e+00
2.200000000000000000e+01 -1.000000000000000000e+00 -1.000000000000000000e+00 0.000000000000000000e+00
2.300000000000000000e+01 -1.000000000000000000e+00 -1.000000000000000000e+00 0.000000000000000000e+00
2.400000000000000000e+01 -1.000000000000000000e+00 -1.000000000000000000e+00 0.000000000000000000e+00
2.500000000000000000e+01 1.390000000000000124e-01 1.725289999999999990e+00 4.335100000000000064e-01
2.600000000000000000e+01 1.320000000000000062e-01 1.746890000000000054e+00 4.798499999999999988e-01
2.700000000000000000e+01 1.320000000000000062e-01 1.773120000000000029e+00 4.751799999999999913e-01
2.800000000000000000e+01 1.320000000000000062e-01 1.796969999999999956e+00 4.588400000000000256e-01
2.900000000000000000e+01 1.250000000000000000e-01 1.819290000000000074e+00 4.414899999999999936e-01
3.000000000000000000e+01 1.250000000000000000e-01 1.838060000000000027e+00 4.242500000000000160e-01
3.100000000000000000e+01 1.250000000000000000e-01 1.856870000000000021e+00 4.105199999999999960e-01
3.200000000000000000e+01 1.250000000000000000e-01 1.868989999999999929e+00 4.009300000000000086e-01
3.300000000000000000e+01 1.250000000000000000e-01 1.883119999999999905e+00 3.930899999999999950e-01
3.400000000000000000e+01 1.250000000000000000e-01 1.899599999999999955e+00 3.875399999999999956e-01
3.500000000000000000e+01 1.250000000000000000e-01 1.919510000000000050e+00 3.817200000000000037e-01
3.600000000000000000e+01 1.250000000000000000e-01 1.943880000000000052e+00 3.759000000000000119e-01
3.700000000000000000e+01 1.250000000000000000e-01 1.973629999999999995e+00 3.711800000000000099e-01
3.800000000000000000e+01 1.250000000000000000e-01 1.999430000000000041e+00 3.674000000000000044e-01
3.900000000000000000e+01 1.250000000000000000e-01 2.025020000000000042e+00 3.638500000000000068e-01
4.000000000000000000e+01 1.250000000000000000e-01 2.054580000000000073e+00 3.612099999999999755e-01
4.100000000000000000e+01 1.250000000000000000e-01 2.079559999999999853e+00 3.600400000000000267e-01
4.200000000000000000e+01 1.250000000000000000e-01 2.107940000000000147e+00 3.599100000000000077e-01
4.300000000000000000e+01 1.250000000000000000e-01 2.135269999999999779e+00 3.604800000000000226e-01
4.400000000000000000e+01 1.250000000000000000e-01 2.161859999999999893e+00 3.611800000000000010e-01
4.500000000000000000e+01 1.250000000000000000e-01 2.189979999999999816e+00 3.620700000000000029e-01
4.600000000000000000e+01 1.250000000000000000e-01 2.219510000000000094e+00 3.629700000000000149e-01
4.700000000000000000e+01 1.250000000000000000e-01 2.248810000000000198e+00 3.637299999999999978e-01
4.800000000000000000e+01 1.250000000000000000e-01 2.276089999999999947e+00 3.637699999999999823e-01
4.900000000000000000e+01 1.250000000000000000e-01 2.297849999999999948e+00 3.634600000000000053e-01
5.000000000000000000e+01 1.250000000000000000e-01 2.322709999999999830e+00 3.628500000000000059e-01
5.100000000000000000e+01 1.250000000000000000e-01 2.348419999999999952e+00 3.622000000000000219e-01
5.200000000000000000e+01 1.250000000000000000e-01 2.377689999999999859e+00 3.612099999999999755e-01
5.300000000000000000e+01 1.250000000000000000e-01 2.408739999999999881e+00 3.595999999999999752e-01
5.400000000000000000e+01 1.179999999999999938e-01 2.440020000000000078e+00 3.571799999999999975e-01
5.500000000000000000e+01 1.250000000000000000e-01 2.468129999999999935e+00 3.547299999999999898e-01
5.600000000000000000e+01 1.250000000000000000e-01 2.494299999999999962e+00 3.523200000000000220e-01
5.700000000000000000e+01 1.179999999999999938e-01 2.518260000000000165e+00 3.498800000000000243e-01
5.800000000000000000e+01 1.179999999999999938e-01 2.544490000000000141e+00 3.472299999999999831e-01
5.900000000000000000e+01 1.179999999999999938e-01 2.572670000000000012e+00 3.442600000000000104e-01
6.000000000000000000e+01 1.179999999999999938e-01 2.601370000000000182e+00 3.412000000000000033e-01
6.100000000000000000e+01 1.179999999999999938e-01 2.628569999999999851e+00 3.381500000000000061e-01
6.200000000000000000e+01 1.179999999999999938e-01 2.655219999999999914e+00 3.357499999999999929e-01
6.300000000000000000e+01 1.179999999999999938e-01 2.682259999999999867e+00 3.339400000000000146e-01
6.400000000000000000e+01 1.179999999999999938e-01 2.713789999999999925e+00 3.321999999999999953e-01
6.500000000000000000e+01 1.179999999999999938e-01 2.744880000000000209e+00 3.304400000000000115e-01
6.600000000000000000e+01 1.179999999999999938e-01 2.775659999999999794e+00 3.287999999999999812e-01
6.700000000000000000e+01 1.179999999999999938e-01 2.806350000000000122e+00 3.267300000000000204e-01
6.800000000000000000e+01 1.179999999999999938e-01 2.838360000000000216e+00 3.247999999999999776e-01
6.900000000000000000e+01 1.179999999999999938e-01 2.863469999999999960e+00 3.231499999999999928e-01
7.000000000000000000e+01 1.179999999999999938e-01 2.887370000000000214e+00 3.218699999999999894e-01
7.100000000000000000e+01 1.179999999999999938e-01 2.914250000000000007e+00 3.207900000000000196e-01
7.200000000000000000e+01 1.179999999999999938e-01 2.941390000000000171e+00 3.200600000000000112e-01
7.300000000000000000e+01 1.179999999999999938e-01 2.965669999999999806e+00 3.196499999999999897e-01
7.400000000000000000e+01 1.179999999999999938e-01 2.990819999999999812e+00 3.192999999999999727e-01
7.500000000000000000e+01 1.179999999999999938e-01 3.015509999999999913e+00 3.187699999999999978e-01
7.600000000000000000e+01 1.179999999999999938e-01 3.039429999999999854e+00 3.180799999999999739e-01
7.700000000000000000e+01 1.179999999999999938e-01 3.063000000000000167e+00 3.177800000000000069e-01
7.800000000000000000e+01 1.179999999999999938e-01 3.085519999999999818e+00 3.177099999999999924e-01
7.900000000000000000e+01 1.179999999999999938e-01 3.109189999999999898e+00 3.175700000000000189e-01
8.000000000000000000e+01 1.179999999999999938e-01 3.132719999999999949e+00 3.173099999999999810e-01
8.100000000000000000e+01 1.179999999999999938e-01 3.154980000000000118e+00 3.170100000000000140e-01
8.200000000000000000e+01 1.179999999999999938e-01 3.176480000000000192e+00 3.165600000000000080e-01
8.300000000000000000e+01 1.179999999999999938e-01 3.196610000000000174e+00 3.160800000000000276e-01
8.400000000000000000e+01 1.179999999999999938e-01 3.218129999999999935e+00 3.154799999999999827e-01
8.500000000000000000e+01 1.179999999999999938e-01 3.237859999999999960e+00 3.148099999999999787e-01
8.600000000000000000e+01 1.179999999999999938e-01 3.256699999999999928e+00 3.141300000000000203e-01
8.700000000000000000e+01 1.110000000000000014e-01 3.274090000000000167e+00 3.133400000000000074e-01
8.800000000000000000e+01 1.110000000000000014e-01 3.291009999999999991e+00 3.124600000000000155e-01
8.900000000000000000e+01 1.110000000000000014e-01 3.309410000000000185e+00 3.114899999999999891e-01
9.000000000000000000e+01 1.110000000000000014e-01 3.327560000000000073e+00 3.106099999999999972e-01
9.100000000000000000e+01 1.110000000000000014e-01 3.345400000000000151e+00 3.098099999999999743e-01
9.200000000000000000e+01 1.110000000000000014e-01 3.363789999999999836e+00 3.089600000000000124e-01
9.300000000000000000e+01 1.110000000000000014e-01 3.382880000000000109e+00 3.081300000000000150e-01
9.400000000000000000e+01 1.110000000000000014e-01 3.400570000000000093e+00 3.074100000000000166e-01
9.500000000000000000e+01 1.110000000000000014e-01 3.418410000000000171e+00 3.067099999999999826e-01
9.600000000000000000e+01 1.110000000000000014e-01 3.436720000000000219e+00 3.061599999999999877e-01
9.700000000000000000e+01 1.110000000000000014e-01 3.453930000000000167e+00 3.057799999999999963e-01
9.800000000000000000e+01 1.110000000000000014e-01 3.469310000000000116e+00 3.053899999999999948e-01
9.900000000000000000e+01 1.110000000000000014e-01 3.483039999999999914e+00 3.051099999999999923e-01
1.000000000000000000e+02 1.110000000000000014e-01 3.495540000000000092e+00 3.049000000000000044e-01
1.010000000000000000e+02 1.110000000000000014e-01 3.507390000000000008e+00 3.047599999999999754e-01
1.020000000000000000e+02 1.110000000000000014e-01 3.519000000000000128e+00 3.046200000000000019e-01
1.030000000000000000e+02 1.110000000000000014e-01 3.529679999999999929e+00 3.045499999999999874e-01
1.040000000000000000e+02 1.110000000000000014e-01 3.540150000000000130e+00 3.044000000000000039e-01
1.050000000000000000e+02 1.110000000000000014e-01 3.550260000000000193e+00 3.043000000000000149e-01
1.060000000000000000e+02 1.110000000000000014e-01 3.561510000000000176e+00 3.041400000000000214e-01
1.070000000000000000e+02 1.110000000000000014e-01 3.572410000000000085e+00 3.039700000000000180e-01
1.080000000000000000e+02 1.110000000000000014e-01 3.584210000000000118e+00 3.037599999999999745e-01
1.090000000000000000e+02 1.110000000000000014e-01 3.595390000000000086e+00 3.036499999999999755e-01
1.100000000000000000e+02 1.110000000000000014e-01 3.606279999999999930e+00 3.035399999999999765e-01
1.110000000000000000e+02 1.110000000000000014e-01 3.617179999999999840e+00 3.033799999999999830e-01
1.120000000000000000e+02 1.110000000000000014e-01 3.627720000000000056e+00 3.031599999999999850e-01
1.130000000000000000e+02 1.039999999999999952e-01 3.639019999999999921e+00 3.028899999999999926e-01
1.140000000000000000e+02 1.039999999999999952e-01 3.649960000000000093e+00 3.026800000000000046e-01
1.150000000000000000e+02 1.039999999999999952e-01 3.661509999999999820e+00 3.024399999999999866e-01
1.160000000000000000e+02 1.039999999999999952e-01 3.674549999999999983e+00 3.021499999999999742e-01
1.170000000000000000e+02 1.039999999999999952e-01 3.687910000000000021e+00 3.018199999999999772e-01
1.180000000000000000e+02 1.039999999999999952e-01 3.701909999999999812e+00 3.015700000000000047e-01
1.190000000000000000e+02 1.039999999999999952e-01 3.717859999999999943e+00 3.012400000000000078e-01
1.200000000000000000e+02 1.039999999999999952e-01 3.734630000000000116e+00 3.009700000000000153e-01
