1.000000000000000000e+00 -1.000000000000000000e+00 -1.000000000000000000e+00 0.000000000000000000e+00
2.000000000000000000e+00 2.010000000000000120e-01 5.799680000000000391e+00 6.154100000000000126e-01
3.000000000000000000e+00 1.739999999999999880e-01 3.341629999999999878e+00 4.293299999999999894e-01
4.000000000000000000e+00 1.809999999999999942e-01 3.969230000000000036e+00 4.299000000000000044e-01
5.000000000000000000e+00 2.010000000000000120e-01 3.935670000000000002e+00 4.142600000000000171e-01
6.000000000000000000e+00 1.940000000000000058e-01 4.267479999999999940e+00 2.859700000000000020e-01
7.000000000000000000e+00 1.809999999999999942e-01 3.608169999999999877e+00 4.229999999999999871e-01
8.000000000000000000e+00 1.809999999999999942e-01 3.284050000000000136e+00 4.075900000000000079e-01
9.000000000000000000e+00 2.079999999999999905e-01 3.719629999999999992e+00 3.182099999999999929e-01
1.000000000000000000e+01 2.079999999999999905e-01 3.921780000000000044e+00 3.135100000000000109e-01
1.100000000000000000e+01 1.940000000000000058e-01 4.227820000000000356e+00 3.155200000000000227e-01
1.200000000000000000e+01 1.940000000000000058e-01 4.759380000000000166e+00 3.256899999999999795e-01
1.300000000000000000e+01 1.940000000000000058e-01 4.876100000000000101e+00 3.226499999999999924e-01
1.400000000000000000e+01 1.880000000000000004e-01 5.018720000000000070e+00 3.182099999999999929e-01
1.500000000000000000e+01 1.809999999999999942e-01 5.180010000000000225e+00 3.161399999999999766e-01
1.600000000000000000e+01 1.880000000000000004e-01 5.308159999999999989e+00 3.143400000000000083e-01
1.700000000000000000e+01 1.880000000000000004e-01 5.359469999999999956e+00 3.063500000000000112e-01
1.800000000000000000e+01 1.880000000000000004e-01 5.371389999999999887e+00 2.989299999999999735e-01
1.900000000000000000e+01 1.880000000000000004e-01 5.320159999999999556e+00 2.919300000000000228e-01
2.000000000000000000e+01 1.880000000000000004e-01 5.214070000000000427e+00 2.852700000000000236e-01
2.100000000000000000e+01 1.880000000000000004e-01 5.156850000000000378e+00 2.788499999999999868e-01
2.200000000000000000e+01 1.809999999999999942e-01 5.123990000000000045e+00 2.735099999999999754e-01
2.300000000000000000e+01 1.739999999999999880e-01 5.139409999999999812e+00 2.720600000000000240e-01
2.400000000000000000e+01 1.739999999999999880e-01 5.148780000000000356e+00 2.713800000000000101e-01
2.500000000000000000e+01 1.739999999999999880e-01 5.184910000000000352e+00 2.710899999999999976e-01
2.600000000000000000e+01 1.739999999999999880e-01 5.237580000000000346e+00 2.706600000000000117e-01
2.700000000000000000e+01 1.739999999999999880e-01 5.303160000000000096e+00 2.692200000000000149e-01
2.800000000000000000e+01 1.809999999999999942e-01 5.369299999999999962e+00 2.680400000000000005e-01
2.900000000000000000e+01 1.809999999999999942e-01 5.435450000000000337e+00 2.669500000000000206e-01
3.000000000000000000e+01 1.809999999999999942e-01 5.505090000000000039e+00 2.669500000000000206e-01
3.100000000000000000e+01 1.809999999999999942e-01 5.549299999999999677e+00 2.661100000000000132e-01
3.200000000000000000e+01 1.809999999999999942e-01 5.579889999999999795e+00 2.647900000000000253e-01
3.300000000000000000e+01 1.809999999999999942e-01 5.593399999999999928e+00 2.639099999999999779e-01
3.400000000000000000e+01 1.809999999999999942e-01 5.601409999999999556e+00 2.629299999999999971e-01
3.500000000000000000e+01 1.809999999999999942e-01 5.610990000000000144e+00 2.616399999999999837e-01
3.600000000000000000e+01 1.809999999999999942e-01 5.611250000000000071e+00 2.603800000000000003e-01
3.700000000000000000e+01 1.880000000000000004e-01 5.608590000000000408e+00 2.594099999999999739e-01
3.800000000000000000e+01 1.880000000000000004e-01 5.630690000000000417e+00 2.587900000000000200e-01
3.900000000000000000e+01 1.880000000000000004e-01 5.684079999999999799e+00 2.567900000000000182e-01
4.000000000000000000e+01 1.880000000000000004e-01 5.743920000000000137e+00 2.546499999999999875e-01
4.100000000000000000e+01 1.880000000000000004e-01 5.809610000000000163e+00 2.536399999999999766e-01
4.200000000000000000e+01 1.809999999999999942e-01 5.882620000000000182e+00 2.522099999999999898e-01
4.300000000000000000e+01 1.809999999999999942e-01 5.958330000000000126e+00 2.505600000000000049e-01
4.400000000000000000e+01 1.739999999999999880e-01 6.015469999999999651e+00 2.494800000000000073e-01
4.500000000000000000e+01 1.739999999999999880e-01 6.035560000000000258e+00 2.502699999999999925e-01
4.600000000000000000e+01 1.880000000000000004e-01 3.440999999999999837e+00 4.109200000000000075e-01
4.700000000000000000e+01 1.809999999999999942e-01 3.456129999999999924e+00 4.128499999999999948e-01
4.800000000000000000e+01 1.739999999999999880e-01 6.074790000000000134e+00 2.514799999999999813e-01
4.900000000000000000e+01 1.739999999999999880e-01 6.083569999999999922e+00 2.508600000000000274e-01
5.000000000000000000e+01 1.880000000000000004e-01 3.493110000000000159e+00 4.161000000000000254e-01
5.100000000000000000e+01 1.739999999999999880e-01 6.064669999999999561e+00 2.508000000000000229e-01
5.200000000000000000e+01 1.739999999999999880e-01 6.050860000000000127e+00 2.512499999999999734e-01
5.300000000000000000e+01 1.880000000000000004e-01 3.502670000000000172e+00 4.177500000000000102e-01
5.400000000000000000e+01 1.809999999999999942e-01 6.040759999999999685e+00 2.503400000000000070e-01
5.500000000000000000e+01 1.880000000000000004e-01 3.501489999999999991e+00 4.169399999999999773e-01
5.600000000000000000e+01 1.809999999999999942e-01 3.500700000000000145e+00 4.167500000000000093e-01
5.700000000000000000e+01 1.809999999999999942e-01 3.500090000000000146e+00 4.163499999999999979e-01
5.800000000000000000e+01 1.809999999999999942e-01 3.498530000000000140e+00 4.158299999999999774e-01
5.900000000000000000e+01 1.809999999999999942e-01 3.494660000000000100e+00 4.150400000000000200e-01
6.000000000000000000e+01 1.809999999999999942e-01 3.489479999999999915e+00 4.141900000000000026e-01
6.100000000000000000e+01 1.809999999999999942e-01 3.487249999999999961e+00 4.136099999999999777e-01
6.200000000000000000e+01 1.809999999999999942e-01 3.484949999999999992e+00 4.129999999999999782e-01
6.300000000000000000e+01 1.809999999999999942e-01 3.484519999999999840e+00 4.124599999999999933e-01
6.400000000000000000e+01 1.809999999999999942e-01 3.484210000000000029e+00 4.118800000000000239e-01
6.500000000000000000e+01 1.809999999999999942e-01 3.481259999999999799e+00 4.113200000000000189e-01
6.600000000000000000e+01 1.809999999999999942e-01 3.478120000000000100e+00 4.108399999999999830e-01
6.700000000000000000e+01 1.809999999999999942e-01 3.475600000000000023e+00 4.102799999999999780e-01
6.800000000000000000e+01 1.809999999999999942e-01 3.472539999999999960e+00 4.095500000000000251e-01
6.900000000000000000e+01 1.809999999999999942e-01 3.469770000000000021e+00 4.091500000000000137e-01
7.000000000000000000e+01 1.809999999999999942e-01 3.469730000000000203e+00 4.087600000000000122e-01
7.100000000000000000e+01 1.809999999999999942e-01 3.471350000000000158e+00 4.084599999999999898e-01
7.200000000000000000e+01 1.809999999999999942e-01 3.472039999999999793e+00 4.081099999999999728e-01
7.300000000000000000e+01 1.809999999999999942e-01 3.472869999999999902e+00 4.077500000000000013e-01
7.400000000000000000e+01 1.809999999999999942e-01 3.473949999999999871e+00 4.073599999999999999e-01
7.500000000000000000e+01 1.809999999999999942e-01 3.474400000000000155e+00 4.068800000000000194e-01
7.600000000000000000e+01 1.809999999999999942e-01 3.473790000000000155e+00 4.062700000000000200e-01
7.700000000000000000e+01 1.809999999999999942e-01 3.472049999999999859e+00 4.056000000000000161e-01
7.800000000000000000e+01 1.809999999999999942e-01 3.469819999999999904e+00 4.050199999999999911e-01
7.900000000000000000e+01 1.809999999999999942e-01 3.467639999999999834e+00 4.044900000000000162e-01
8.000000000000000000e+01 1.739999999999999880e-01 3.467649999999999899e+00 4.040300000000000002e-01
8.100000000000000000e+01 1.739999999999999880e-01 3.469539999999999846e+00 4.036699999999999733e-01
8.200000000000000000e+01 1.739999999999999880e-01 3.472770000000000135e+00 4.033700000000000063e-01
8.300000000000000000e+01 1.739999999999999880e-01 3.478860000000000063e+00 4.032200000000000228e-01
8.400000000000000000e+01 1.739999999999999880e-01 3.484970000000000123e+00 4.030799999999999939e-01
8.500000000000000000e+01 1.739999999999999880e-01 3.491280000000000161e+00 4.029800000000000049e-01
8.600000000000000000e+01 1.739999999999999880e-01 3.496589999999999865e+00 4.028800000000000159e-01
8.700000000000000000e+01 1.739999999999999880e-01 3.501889999999999947e+00 4.027999999999999914e-01
8.800000000000000000e+01 1.739999999999999880e-01 3.508090000000000153e+00 4.027700000000000169e-01
8.900000000000000000e+01 1.739999999999999880e-01 3.514339999999999797e+00 4.027299999999999769e-01
9.000000000000000000e+01 1.739999999999999880e-01 3.521059999999999857e+00 4.027000000000000024e-01
9.100000000000000000e+01 1.739999999999999880e-01 3.527670000000000083e+00 4.026799999999999824e-01
9.200000000000000000e+01 1.739999999999999880e-01 3.533830000000000027e+00 4.026299999999999879e-01
9.300000000000000000e+01 1.739999999999999880e-01 3.540119999999999933e+00 4.025599999999999734e-01
9.400000000000000000e+01 1.739999999999999880e-01 3.546229999999999993e+00 4.025199999999999889e-01
9.500000000000000000e+01 1.739999999999999880e-01 3.553329999999999878e+00 4.025400000000000089e-01
9.600000000000000000e+01 1.739999999999999880e-01 3.562380000000000102e+00 4.026799999999999824e-01
9.700000000000000000e+01 1.739999999999999880e-01 3.572319999999999940e+00 4.028399999999999759e-01
9.800000000000000000e+01 1.739999999999999880e-01 3.581869999999999887e+00 4.029800000000000049e-01
9.900000000000000000e+01 1.739999999999999880e-01 3.590629999999999988e+00 4.030400000000000094e-01
1.000000000000000000e+02 1.739999999999999880e-01 3.599239999999999995e+00 4.030699999999999839e-01
1.010000000000000000e+02 1.739999999999999880e-01 3.607810000000000183e+00 4.030799999999999939e-01
1.020000000000000000e+02 1.739999999999999880e-01 3.615959999999999841e+00 4.031600000000000183e-01
1.030000000000000000e+02 1.739999999999999880e-01 3.623819999999999819e+00 4.032700000000000173e-01
1.040000000000000000e+02 1.739999999999999880e-01 3.632280000000000175e+00 4.033399999999999763e-01
1.050000000000000000e+02 1.739999999999999880e-01 3.641490000000000116e+00 4.035599999999999743e-01
1.060000000000000000e+02 1.739999999999999880e-01 3.650619999999999976e+00 4.037299999999999778e-01
1.070000000000000000e+02 1.739999999999999880e-01 3.658110000000000195e+00 4.038200000000000123e-01
1.080000000000000000e+02 1.739999999999999880e-01 3.664270000000000138e+00 4.037999999999999923e-01
1.090000000000000000e+02 1.739999999999999880e-01 3.670110000000000205e+00 4.037299999999999778e-01
1.100000000000000000e+02 1.739999999999999880e-01 3.675390000000000157e+00 4.036600000000000188e-01
1.110000000000000000e+02 1.739999999999999880e-01 3.680410000000000181e+00 4.035400000000000098e-01
1.120000000000000000e+02 1.739999999999999880e-01 3.686170000000000169e+00 4.034900000000000153e-01
1.130000000000000000e+02 1.739999999999999880e-01 3.692159999999999886e+00 4.034599999999999853e-01
1.140000000000000000e+02 1.739999999999999880e-01 3.697220000000000173e+00 4.034499999999999753e-01
1.150000000000000000e+02 1.739999999999999880e-01 3.702789999999999804e+00 4.036000000000000143e-01
1.160000000000000000e+02 1.739999999999999880e-01 3.708979999999999944e+00 4.038300000000000223e-01
1.170000000000000000e+02 1.739999999999999880e-01 3.714719999999999800e+00 4.040199999999999902e-01
1.180000000000000000e+02 1.809999999999999942e-01 3.719910000000000050e+00 4.041299999999999892e-01
1.190000000000000000e+02 1.809999999999999942e-01 3.724870000000000125e+00 4.042200000000000237e-01
1.200000000000000000e+02 1.809999999999999942e-01 3.730510000000000215e+00 4.042299999999999782e-01
