1.000000000000000000e+00 1.809999999999999942e-01 4.520769999999999733e+00 6.255300000000000304e-01
2.000000000000000000e+00 1.600000000000000033e-01 4.927900000000000169e+00 6.134100000000000108e-01
3.000000000000000000e+00 1.529999999999999971e-01 4.787250000000000227e+00 6.131699999999999928e-01
4.000000000000000000e+00 1.529999999999999971e-01 4.535680000000000156e+00 2.890499999999999736e-01
5.000000000000000000e+00 1.600000000000000033e-01 4.172780000000000378e+00 4.757299999999999862e-01
6.000000000000000000e+00 1.600000000000000033e-01 4.345279999999999809e+00 5.386600000000000277e-01
7.000000000000000000e+00 1.600000000000000033e-01 4.448419999999999597e+00 5.373499999999999943e-01
8.000000000000000000e+00 1.459999999999999909e-01 4.795569999999999666e+00 5.244400000000000173e-01
9.000000000000000000e+00 1.529999999999999971e-01 5.014850000000000030e+00 5.025800000000000267e-01
1.000000000000000000e+01 1.529999999999999971e-01 5.052539999999999587e+00 4.955600000000000005e-01
1.100000000000000000e+01 1.529999999999999971e-01 5.026430000000000398e+00 4.920499999999999874e-01
1.200000000000000000e+01 1.529999999999999971e-01 5.050930000000000142e+00 4.853100000000000191e-01
1.300000000000000000e+01 1.529999999999999971e-01 5.077280000000000015e+00 4.766000000000000236e-01
1.400000000000000000e+01 1.529999999999999971e-01 5.046960000000000335e+00 4.581899999999999862e-01
1.500000000000000000e+01 1.600000000000000033e-01 4.983500000000000263e+00 4.373400000000000065e-01
1.600000000000000000e+01 1.600000000000000033e-01 4.920740000000000336e+00 4.174800000000000177e-01
1.700000000000000000e+01 1.600000000000000033e-01 4.863249999999999851e+00 4.005500000000000171e-01
1.800000000000000000e+01 1.600000000000000033e-01 4.824539999999999829e+00 3.890000000000000124e-01
1.900000000000000000e+01 1.600000000000000033e-01 4.868619999999999948e+00 3.885100000000000220e-01
2.000000000000000000e+01 1.600000000000000033e-01 4.883180000000000298e+00 3.834099999999999731e-01
2.100000000000000000e+01 1.600000000000000033e-01 4.910919999999999952e+00 3.797400000000000220e-01
2.200000000000000000e+01 1.600000000000000033e-01 4.879719999999999835e+00 3.748500000000000165e-01
2.300000000000000000e+01 1.600000000000000033e-01 4.821609999999999729e+00 3.664899999999999824e-01
2.400000000000000000e+01 1.600000000000000033e-01 4.747139999999999915e+00 3.550400000000000222e-01
2.500000000000000000e+01 1.600000000000000033e-01 4.647359999999999935e+00 3.417799999999999727e-01
2.600000000000000000e+01 1.600000000000000033e-01 4.589240000000000208e+00 3.330099999999999727e-01
2.700000000000000000e+01 1.600000000000000033e-01 4.577340000000000408e+00 3.278300000000000103e-01
2.800000000000000000e+01 1.670000000000000095e-01 4.596390000000000420e+00 3.260600000000000165e-01
2.900000000000000000e+01 1.670000000000000095e-01 4.609950000000000436e+00 3.256100000000000105e-01
3.000000000000000000e+01 1.670000000000000095e-01 4.653279999999999639e+00 3.261600000000000055e-01
3.100000000000000000e+01 1.670000000000000095e-01 4.680790000000000006e+00 3.263300000000000090e-01
3.200000000000000000e+01 1.670000000000000095e-01 4.717150000000000176e+00 3.271299999999999764e-01
3.300000000000000000e+01 1.670000000000000095e-01 4.758289999999999687e+00 3.276499999999999968e-01
3.400000000000000000e+01 1.670000000000000095e-01 4.815140000000000420e+00 3.282300000000000217e-01
3.500000000000000000e+01 1.670000000000000095e-01 4.862599999999999589e+00 3.274500000000000188e-01
3.600000000000000000e+01 1.670000000000000095e-01 4.899029999999999774e+00 3.255600000000000160e-01
3.700000000000000000e+01 1.670000000000000095e-01 4.925119999999999720e+00 3.231299999999999728e-01
3.800000000000000000e+01 1.670000000000000095e-01 4.948820000000000441e+00 3.202900000000000191e-01
3.900000000000000000e+01 1.670000000000000095e-01 4.984860000000000291e+00 3.178400000000000114e-01
4.000000000000000000e+01 1.670000000000000095e-01 5.030030000000000001e+00 3.160299999999999776e-01
4.100000000000000000e+01 1.670000000000000095e-01 5.061209999999999987e+00 3.137099999999999889e-01
4.200000000000000000e+01 1.670000000000000095e-01 5.078870000000000218e+00 3.118299999999999961e-01
4.300000000000000000e+01 1.670000000000000095e-01 5.102500000000000036e+00 3.104500000000000037e-01
4.400000000000000000e+01 1.670000000000000095e-01 5.138349999999999973e+00 3.091099999999999959e-01
4.500000000000000000e+01 1.320000000000000062e-01 3.999530000000000030e+00 5.838999999999999746e-01
4.600000000000000000e+01 1.320000000000000062e-01 3.728920000000000012e+00 6.134600000000000053e-01
4.700000000000000000e+01 1.320000000000000062e-01 3.784569999999999990e+00 6.078999999999999959e-01
4.800000000000000000e+01 1.320000000000000062e-01 3.848819999999999908e+00 6.013399999999999856e-01
4.900000000000000000e+01 1.320000000000000062e-01 3.896549999999999958e+00 5.966599999999999682e-01
5.000000000000000000e+01 1.320000000000000062e-01 3.923820000000000086e+00 5.942600000000000104e-01
5.100000000000000000e+01 1.320000000000000062e-01 3.946200000000000152e+00 5.923699999999999521e-01
5.200000000000000000e+01 1.320000000000000062e-01 3.965370000000000061e+00 5.908499999999999863e-01
5.300000000000000000e+01 1.320000000000000062e-01 3.981710000000000083e+00 5.896400000000000530e-01
5.400000000000000000e+01 1.320000000000000062e-01 3.995810000000000084e+00 5.886599999999999611e-01
5.500000000000000000e+01 1.320000000000000062e-01 4.008309999999999818e+00 5.878499999999999837e-01
5.600000000000000000e+01 1.320000000000000062e-01 4.022100000000000009e+00 5.869999999999999662e-01
5.700000000000000000e+01 1.320000000000000062e-01 4.035330000000000084e+00 5.863199999999999523e-01
5.800000000000000000e+01 1.320000000000000062e-01 4.049129999999999896e+00 5.855500000000000149e-01
5.900000000000000000e+01 1.320000000000000062e-01 4.064739999999999576e+00 5.846200000000000285e-01
6.000000000000000000e+01 1.320000000000000062e-01 4.080079999999999707e+00 5.836799999999999766e-01
6.100000000000000000e+01 1.320000000000000062e-01 4.091929999999999623e+00 5.829800000000000537e-01
6.200000000000000000e+01 1.320000000000000062e-01 4.101040000000000241e+00 5.824000000000000288e-01
6.300000000000000000e+01 1.320000000000000062e-01 4.108500000000000263e+00 5.819100000000000383e-01
6.400000000000000000e+01 1.320000000000000062e-01 4.115949999999999775e+00 5.814000000000000279e-01
6.500000000000000000e+01 1.320000000000000062e-01 4.122950000000000337e+00 5.809400000000000119e-01
6.600000000000000000e+01 1.320000000000000062e-01 4.130939999999999834e+00 5.803700000000000525e-01
6.700000000000000000e+01 1.320000000000000062e-01 4.139380000000000059e+00 5.796499999999999986e-01
6.800000000000000000e+01 1.390000000000000124e-01 4.146349999999999980e+00 5.790699999999999736e-01
6.900000000000000000e+01 1.390000000000000124e-01 4.154119999999999813e+00 5.785599999999999632e-01
7.000000000000000000e+01 1.390000000000000124e-01 4.162040000000000184e+00 5.780800000000000383e-01
7.100000000000000000e+01 1.390000000000000124e-01 4.168459999999999610e+00 5.778100000000000458e-01
7.200000000000000000e+01 1.390000000000000124e-01 4.174999999999999822e+00 5.775799999999999823e-01
7.300000000000000000e+01 1.390000000000000124e-01 4.181750000000000078e+00 5.772899999999999698e-01
7.400000000000000000e+01 1.809999999999999942e-01 5.177620000000000111e+00 5.521800000000000042e-01
7.500000000000000000e+01 1.809999999999999942e-01 5.162869999999999848e+00 5.513900000000000468e-01
7.600000000000000000e+01 1.809999999999999942e-01 5.148299999999999876e+00 5.506699999999999928e-01
7.700000000000000000e+01 1.809999999999999942e-01 5.133659999999999890e+00 5.500000000000000444e-01
7.800000000000000000e+01 1.809999999999999942e-01 5.118829999999999991e+00 5.494200000000000195e-01
7.900000000000000000e+01 1.809999999999999942e-01 5.105299999999999727e+00 5.489399999999999835e-01
8.000000000000000000e+01 1.809999999999999942e-01 5.091520000000000046e+00 5.484099999999999531e-01
8.100000000000000000e+01 1.809999999999999942e-01 5.078050000000000175e+00 5.479199999999999626e-01
8.200000000000000000e+01 1.809999999999999942e-01 5.064610000000000056e+00 5.474400000000000377e-01
8.300000000000000000e+01 1.809999999999999942e-01 5.051720000000000432e+00 5.470099999999999962e-01
8.400000000000000000e+01 1.809999999999999942e-01 5.038949999999999818e+00 5.465999999999999748e-01
8.500000000000000000e+01 1.739999999999999880e-01 5.026919999999999611e+00 5.462299999999999933e-01
8.600000000000000000e+01 1.739999999999999880e-01 5.014789999999999637e+00 5.458499999999999464e-01
8.700000000000000000e+01 1.739999999999999880e-01 5.002740000000000187e+00 5.453900000000000414e-01
8.800000000000000000e+01 1.739999999999999880e-01 4.991310000000000358e+00 5.449800000000000200e-01
8.900000000000000000e+01 1.739999999999999880e-01 4.980710000000000193e+00 5.446999999999999620e-01
9.000000000000000000e+01 1.739999999999999880e-01 4.971040000000000347e+00 5.445299999999999585e-01
9.100000000000000000e+01 1.739999999999999880e-01 4.962410000000000210e+00 5.443500000000000005e-01
9.200000000000000000e+01 1.739999999999999880e-01 4.954209999999999781e+00 5.441899999999999515e-01
9.300000000000000000e+01 1.739999999999999880e-01 4.945520000000000138e+00 5.440800000000000081e-01
9.400000000000000000e+01 1.739999999999999880e-01 4.936720000000000219e+00 5.439599999999999991e-01
9.500000000000000000e+01 1.739999999999999880e-01 4.927599999999999980e+00 5.438100000000000156e-01
9.600000000000000000e+01 1.739999999999999880e-01 4.919100000000000250e+00 5.436900000000000066e-01
9.700000000000000000e+01 1.670000000000000095e-01 4.911310000000000286e+00 5.435400000000000231e-01
9.800000000000000000e+01 1.670000000000000095e-01 4.903929999999999900e+00 5.433499999999999996e-01
9.900000000000000000e+01 1.670000000000000095e-01 4.896950000000000358e+00 5.432099999999999707e-01
1.000000000000000000e+02 1.670000000000000095e-01 4.890710000000000335e+00 5.430599999999999872e-01
1.010000000000000000e+02 1.739999999999999880e-01 4.885040000000000049e+00 5.429500000000000437e-01
1.020000000000000000e+02 1.739999999999999880e-01 4.879209999999999603e+00 5.428800000000000292e-01
1.030000000000000000e+02 1.739999999999999880e-01 4.873870000000000147e+00 5.427999999999999492e-01
1.040000000000000000e+02 1.739999999999999880e-01 4.868990000000000151e+00 5.427600000000000202e-01
1.050000000000000000e+02 1.739999999999999880e-01 4.864770000000000039e+00 5.426999999999999602e-01
1.060000000000000000e+02 1.739999999999999880e-01 4.860879999999999868e+00 5.426400000000000112e-01
1.070000000000000000e+02 1.739999999999999880e-01 4.857359999999999900e+00 5.426199999999999912e-01
1.080000000000000000e+02 1.739999999999999880e-01 4.854309999999999903e+00 5.425900000000000167e-01
1.090000000000000000e+02 1.739999999999999880e-01 4.851510000000000211e+00 5.425699999999999967e-01
1.100000000000000000e+02 1.739999999999999880e-01 4.848799999999999777e+00 5.425100000000000477e-01
1.110000000000000000e+02 1.739999999999999880e-01 4.846320000000000405e+00 5.424499999999999877e-01
1.120000000000000000e+02 1.739999999999999880e-01 4.843919999999999781e+00 5.423900000000000388e-01
1.130000000000000000e+02 1.739999999999999880e-01 4.841649999999999565e+00 5.423099999999999588e-01
1.140000000000000000e+02 1.739999999999999880e-01 4.839450000000000252e+00 5.422299999999999898e-01
1.150000000000000000e+02 1.739999999999999880e-01 4.837480000000000224e+00 5.421300000000000008e-01
1.160000000000000000e+02 1.809999999999999942e-01 4.835390000000000299e+00 5.420300000000000118e-01
1.170000000000000000e+02 1.809999999999999942e-01 4.832840000000000025e+00 5.419599999999999973e-01
1.180000000000000000e+02 1.809999999999999942e-01 4.830250000000000377e+00 5.418899999999999828e-01
1.190000000000000000e+02 1.809999999999999942e-01 4.827810000000000379e+00 5.418199999999999683e-01
1.200000000000000000e+02 1.809999999999999942e-01 4.825499999999999901e+00 5.417199999999999793e-01
