1.000000000000000000e+00 1.880000000000000004e-01 3.432589999999999808e+00 4.790200000000000014e-01
2.000000000000000000e+00 1.670000000000000095e-01 3.157659999999999911e+00 4.273600000000000176e-01
3.000000000000000000e+00 1.739999999999999880e-01 3.102259999999999796e+00 4.437800000000000078e-01
4.000000000000000000e+00 1.739999999999999880e-01 3.230999999999999872e+00 3.075200000000000156e-01
5.000000000000000000e+00 1.940000000000000058e-01 3.078530000000000211e+00 6.406500000000000528e-01
6.000000000000000000e+00 1.940000000000000058e-01 3.078530000000000211e+00 6.406500000000000528e-01
7.000000000000000000e+00 1.940000000000000058e-01 3.078530000000000211e+00 6.406500000000000528e-01
8.000000000000000000e+00 1.600000000000000033e-01 3.036529999999999951e+00 4.565000000000000169e-01
9.000000000000000000e+00 1.600000000000000033e-01 3.036529999999999951e+00 4.565000000000000169e-01
1.000000000000000000e+01 1.880000000000000004e-01 2.857369999999999965e+00 6.688600000000000101e-01
1.100000000000000000e+01 1.880000000000000004e-01 2.857369999999999965e+00 6.688600000000000101e-01
1.200000000000000000e+01 1.809999999999999942e-01 2.699829999999999952e+00 4.935700000000000087e-01
1.300000000000000000e+01 1.809999999999999942e-01 2.699829999999999952e+00 4.935700000000000087e-01
1.400000000000000000e+01 1.809999999999999942e-01 2.699829999999999952e+00 4.935700000000000087e-01
1.500000000000000000e+01 1.809999999999999942e-01 2.699829999999999952e+00 4.935700000000000087e-01
1.600000000000000000e+01 1.809999999999999942e-01 2.699829999999999952e+00 4.935700000000000087e-01
1.700000000000000000e+01 1.809999999999999942e-01 2.699829999999999952e+00 4.935700000000000087e-01
1.800000000000000000e+01 1.670000000000000095e-01 2.564309999999999867e+00 4.889999999999999902e-01
1.900000000000000000e+01 1.670000000000000095e-01 2.564309999999999867e+00 4.889999999999999902e-01
2.000000000000000000e+01 1.670000000000000095e-01 2.564309999999999867e+00 4.889999999999999902e-01
2.100000000000000000e+01 1.670000000000000095e-01 2.564309999999999867e+00 4.889999999999999902e-01
2.200000000000000000e+01 1.670000000000000095e-01 2.564309999999999867e+00 4.889999999999999902e-01
2.300000000000000000e+01 1.670000000000000095e-01 2.564309999999999867e+00 4.889999999999999902e-01
2.400000000000000000e+01 1.670000000000000095e-01 2.564309999999999867e+00 4.889999999999999902e-01
2.500000000000000000e+01 1.670000000000000095e-01 2.564309999999999867e+00 4.889999999999999902e-01
2.600000000000000000e+01 1.670000000000000095e-01 2.564309999999999867e+00 4.889999999999999902e-01
2.700000000000000000e+01 1.670000000000000095e-01 2.564309999999999867e+00 4.889999999999999902e-01
2.800000000000000000e+01 1.670000000000000095e-01 2.564309999999999867e+00 4.889999999999999902e-01
2.900000000000000000e+01 1.670000000000000095e-01 2.564309999999999867e+00 4.889999999999999902e-01
3.000000000000000000e+01 1.670000000000000095e-01 2.564309999999999867e+00 4.889999999999999902e-01
3.100000000000000000e+01 1.880000000000000004e-01 2.857369999999999965e+00 6.688600000000000101e-01
3.200000000000000000e+01 1.600000000000000033e-01 3.064680000000000071e+00 6.060900000000000176e-01
3.300000000000000000e+01 1.600000000000000033e-01 3.036529999999999951e+00 4.565000000000000169e-01
3.400000000000000000e+01 1.600000000000000033e-01 3.036529999999999951e+00 4.565000000000000169e-01
3.500000000000000000e+01 1.600000000000000033e-01 2.896850000000000147e+00 5.715299999999999825e-01
3.600000000000000000e+01 1.600000000000000033e-01 2.896850000000000147e+00 5.715299999999999825e-01
3.700000000000000000e+01 1.670000000000000095e-01 2.950219999999999843e+00 5.099500000000000144e-01
3.800000000000000000e+01 1.600000000000000033e-01 2.896850000000000147e+00 5.715299999999999825e-01
3.900000000000000000e+01 1.670000000000000095e-01 2.950219999999999843e+00 5.099500000000000144e-01
4.000000000000000000e+01 1.670000000000000095e-01 2.950219999999999843e+00 5.099500000000000144e-01
4.100000000000000000e+01 1.670000000000000095e-01 2.950219999999999843e+00 5.099500000000000144e-01
4.200000000000000000e+01 1.670000000000000095e-01 2.950219999999999843e+00 5.099500000000000144e-01
4.300000000000000000e+01 1.670000000000000095e-01 2.950219999999999843e+00 5.099500000000000144e-01
4.400000000000000000e+01 1.670000000000000095e-01 2.950219999999999843e+00 5.099500000000000144e-01
4.500000000000000000e+01 1.529999999999999971e-01 1.484760000000000080e+00 8.113099999999999756e-01
4.600000000000000000e+01 1.529999999999999971e-01 1.484760000000000080e+00 8.113099999999999756e-01
4.700000000000000000e+01 1.529999999999999971e-01 1.484760000000000080e+00 8.113099999999999756e-01
4.800000000000000000e+01 1.529999999999999971e-01 1.484760000000000080e+00 8.113099999999999756e-01
4.900000000000000000e+01 1.529999999999999971e-01 1.484760000000000080e+00 8.113099999999999756e-01
5.000000000000000000e+01 1.529999999999999971e-01 1.484760000000000080e+00 8.113099999999999756e-01
5.100000000000000000e+01 1.529999999999999971e-01 1.484760000000000080e+00 8.113099999999999756e-01
5.200000000000000000e+01 1.529999999999999971e-01 1.484760000000000080e+00 8.113099999999999756e-01
5.300000000000000000e+01 1.529999999999999971e-01 1.484760000000000080e+00 8.113099999999999756e-01
5.400000000000000000e+01 1.529999999999999971e-01 1.484760000000000080e+00 8.113099999999999756e-01
5.500000000000000000e+01 1.529999999999999971e-01 1.484760000000000080e+00 8.113099999999999756e-01
5.600000000000000000e+01 1.529999999999999971e-01 1.484760000000000080e+00 8.113099999999999756e-01
5.700000000000000000e+01 1.529999999999999971e-01 1.484760000000000080e+00 8.113099999999999756e-01
5.800000000000000000e+01 1.529999999999999971e-01 1.484760000000000080e+00 8.113099999999999756e-01
5.900000000000000000e+01 1.529999999999999971e-01 1.484760000000000080e+00 8.113099999999999756e-01
6.000000000000000000e+01 1.529999999999999971e-01 1.484760000000000080e+00 8.113099999999999756e-01
6.100000000000000000e+01 1.529999999999999971e-01 1.484760000000000080e+00 8.113099999999999756e-01
6.200000000000000000e+01 1.529999999999999971e-01 1.484760000000000080e+00 8.113099999999999756e-01
6.300000000000000000e+01 1.529999999999999971e-01 1.484760000000000080e+00 8.113099999999999756e-01
6.400000000000000000e+01 1.529999999999999971e-01 1.484760000000000080e+00 8.113099999999999756e-01
6.500000000000000000e+01 1.529999999999999971e-01 1.484760000000000080e+00 8.113099999999999756e-01
6.600000000000000000e+01 1.529999999999999971e-01 1.484760000000000080e+00 8.113099999999999756e-01
6.700000000000000000e+01 1.529999999999999971e-01 1.484760000000000080e+00 8.113099999999999756e-01
6.800000000000000000e+01 1.529999999999999971e-01 1.484760000000000080e+00 8.113099999999999756e-01
6.900000000000000000e+01 1.529999999999999971e-01 1.484760000000000080e+00 8.113099999999999756e-01
7.000000000000000000e+01 1.529999999999999971e-01 1.484760000000000080e+00 8.113099999999999756e-01
7.100000000000000000e+01 1.529999999999999971e-01 1.484760000000000080e+00 8.113099999999999756e-01
7.200000000000000000e+01 1.529999999999999971e-01 1.484760000000000080e+00 8.113099999999999756e-01
7.300000000000000000e+01 1.529999999999999971e-01 1.484760000000000080e+00 8.113099999999999756e-01
7.400000000000000000e+01 1.670000000000000095e-01 2.943290000000000184e+00 5.977400000000000491e-01
7.500000000000000000e+01 1.670000000000000095e-01 2.943290000000000184e+00 5.977400000000000491e-01
7.600000000000000000e+01 1.670000000000000095e-01 2.943290000000000184e+00 5.977400000000000491e-01
7.700000000000000000e+01 1.670000000000000095e-01 2.943290000000000184e+00 5.977400000000000491e-01
7.800000000000000000e+01 1.670000000000000095e-01 2.943290000000000184e+00 5.977400000000000491e-01
7.900000000000000000e+01 1.670000000000000095e-01 2.943290000000000184e+00 5.977400000000000491e-01
8.000000000000000000e+01 1.670000000000000095e-01 2.943290000000000184e+00 5.977400000000000491e-01
8.100000000000000000e+01 1.670000000000000095e-01 2.943290000000000184e+00 5.977400000000000491e-01
8.200000000000000000e+01 1.670000000000000095e-01 2.943290000000000184e+00 5.977400000000000491e-01
8.300000000000000000e+01 1.670000000000000095e-01 2.943290000000000184e+00 5.977400000000000491e-01
8.400000000000000000e+01 1.670000000000000095e-01 2.943290000000000184e+00 5.977400000000000491e-01
8.500000000000000000e+01 1.670000000000000095e-01 2.943290000000000184e+00 5.977400000000000491e-01
8.600000000000000000e+01 1.739999999999999880e-01 2.560999999999999943e+00 6.137299999999999978e-01
8.700000000000000000e+01 1.739999999999999880e-01 2.560999999999999943e+00 6.137299999999999978e-01
8.800000000000000000e+01 1.739999999999999880e-01 2.560999999999999943e+00 6.137299999999999978e-01
8.900000000000000000e+01 1.739999999999999880e-01 2.560999999999999943e+00 6.137299999999999978e-01
9.000000000000000000e+01 1.739999999999999880e-01 2.560999999999999943e+00 6.137299999999999978e-01
9.100000000000000000e+01 1.739999999999999880e-01 2.560999999999999943e+00 6.137299999999999978e-01
9.200000000000000000e+01 1.739999999999999880e-01 2.560999999999999943e+00 6.137299999999999978e-01
9.300000000000000000e+01 1.739999999999999880e-01 2.560999999999999943e+00 6.137299999999999978e-01
9.400000000000000000e+01 1.739999999999999880e-01 2.560999999999999943e+00 6.137299999999999978e-01
9.500000000000000000e+01 1.459999999999999909e-01 2.419979999999999798e+00 6.132400000000000073e-01
9.600000000000000000e+01 1.459999999999999909e-01 2.419979999999999798e+00 6.132400000000000073e-01
9.700000000000000000e+01 1.459999999999999909e-01 2.419979999999999798e+00 6.132400000000000073e-01
9.800000000000000000e+01 1.529999999999999971e-01 1.484760000000000080e+00 8.113099999999999756e-01
9.900000000000000000e+01 1.529999999999999971e-01 1.484760000000000080e+00 8.113099999999999756e-01
1.000000000000000000e+02 1.529999999999999971e-01 1.484760000000000080e+00 8.113099999999999756e-01
1.010000000000000000e+02 1.529999999999999971e-01 1.484760000000000080e+00 8.113099999999999756e-01
1.020000000000000000e+02 1.529999999999999971e-01 1.484760000000000080e+00 8.113099999999999756e-01
1.030000000000000000e+02 1.529999999999999971e-01 1.484760000000000080e+00 8.113099999999999756e-01
1.040000000000000000e+02 1.529999999999999971e-01 1.484760000000000080e+00 8.113099999999999756e-01
1.050000000000000000e+02 1.529999999999999971e-01 1.484760000000000080e+00 8.113099999999999756e-01
1.060000000000000000e+02 1.529999999999999971e-01 1.484760000000000080e+00 8.113099999999999756e-01
1.070000000000000000e+02 1.529999999999999971e-01 1.484760000000000080e+00 8.113099999999999756e-01
1.080000000000000000e+02 1.529999999999999971e-01 1.484760000000000080e+00 8.113099999999999756e-01
1.090000000000000000e+02 1.529999999999999971e-01 1.484760000000000080e+00 8.113099999999999756e-01
1.100000000000000000e+02 1.529999999999999971e-01 1.484760000000000080e+00 8.113099999999999756e-01
1.110000000000000000e+02 1.529999999999999971e-01 1.484760000000000080e+00 8.113099999999999756e-01
1.120000000000000000e+02 1.529999999999999971e-01 1.484760000000000080e+00 8.113099999999999756e-01
1.130000000000000000e+02 1.529999999999999971e-01 1.484760000000000080e+00 8.113099999999999756e-01
1.140000000000000000e+02 1.529999999999999971e-01 1.484760000000000080e+00 8.113099999999999756e-01
1.150000000000000000e+02 1.529999999999999971e-01 1.484760000000000080e+00 8.113099999999999756e-01
1.160000000000000000e+02 1.529999999999999971e-01 1.484760000000000080e+00 8.113099999999999756e-01
1.170000000000000000e+02 1.529999999999999971e-01 1.484760000000000080e+00 8.113099999999999756e-01
1.180000000000000000e+02 1.529999999999999971e-01 1.484760000000000080e+00 8.113099999999999756e-01
1.190000000000000000e+02 1.529999999999999971e-01 1.484760000000000080e+00 8.113099999999999756e-01
1.200000000000000000e+02 1.529999999999999971e-01 1.484760000000000080e+00 8.113099999999999756e-01
