1.000000000000000000e+00 1.809999999999999942e-01 2.601399999999999935e+00 9.228300000000000392e-01
2.000000000000000000e+00 1.600000000000000033e-01 2.650619999999999976e+00 3.796100000000000030e-01
3.000000000000000000e+00 2.010000000000000120e-01 3.198269999999999946e+00 6.945900000000000407e-01
4.000000000000000000e+00 1.390000000000000124e-01 3.081599999999999895e+00 5.478300000000000392e-01
5.000000000000000000e+00 1.940000000000000058e-01 3.301419999999999799e+00 4.143100000000000116e-01
6.000000000000000000e+00 1.390000000000000124e-01 3.081599999999999895e+00 5.478300000000000392e-01
7.000000000000000000e+00 1.940000000000000058e-01 3.429539999999999811e+00 4.614099999999999868e-01
8.000000000000000000e+00 1.940000000000000058e-01 3.429539999999999811e+00 4.614099999999999868e-01
9.000000000000000000e+00 1.940000000000000058e-01 3.429539999999999811e+00 4.614099999999999868e-01
1.000000000000000000e+01 1.880000000000000004e-01 3.459519999999999929e+00 5.364900000000000224e-01
1.100000000000000000e+01 1.880000000000000004e-01 3.459519999999999929e+00 5.364900000000000224e-01
1.200000000000000000e+01 1.880000000000000004e-01 3.459519999999999929e+00 5.364900000000000224e-01
1.300000000000000000e+01 1.880000000000000004e-01 3.459519999999999929e+00 5.364900000000000224e-01
1.400000000000000000e+01 1.880000000000000004e-01 3.459519999999999929e+00 5.364900000000000224e-01
1.500000000000000000e+01 1.880000000000000004e-01 3.459519999999999929e+00 5.364900000000000224e-01
1.600000000000000000e+01 1.880000000000000004e-01 3.459519999999999929e+00 5.364900000000000224e-01
1.700000000000000000e+01 1.880000000000000004e-01 3.459519999999999929e+00 5.364900000000000224e-01
1.800000000000000000e+01 1.880000000000000004e-01 3.459519999999999929e+00 5.364900000000000224e-01
1.900000000000000000e+01 1.880000000000000004e-01 3.459519999999999929e+00 5.364900000000000224e-01
2.000000000000000000e+01 1.880000000000000004e-01 3.459519999999999929e+00 5.364900000000000224e-01
2.100000000000000000e+01 1.880000000000000004e-01 3.459519999999999929e+00 5.364900000000000224e-01
2.200000000000000000e+01 1.880000000000000004e-01 3.459519999999999929e+00 5.364900000000000224e-01
2.300000000000000000e+01 1.880000000000000004e-01 3.459519999999999929e+00 5.364900000000000224e-01
2.400000000000000000e+01 1.880000000000000004e-01 3.459519999999999929e+00 5.364900000000000224e-01
2.500000000000000000e+01 1.880000000000000004e-01 3.459519999999999929e+00 5.364900000000000224e-01
2.600000000000000000e+01 1.880000000000000004e-01 3.459519999999999929e+00 5.364900000000000224e-01
2.700000000000000000e+01 1.880000000000000004e-01 3.459519999999999929e+00 5.364900000000000224e-01
2.800000000000000000e+01 1.809999999999999942e-01 3.485339999999999883e+00 3.269099999999999784e-01
2.900000000000000000e+01 1.809999999999999942e-01 3.485339999999999883e+00 3.269099999999999784e-01
3.000000000000000000e+01 1.809999999999999942e-01 3.485339999999999883e+00 3.269099999999999784e-01
3.100000000000000000e+01 1.809999999999999942e-01 3.485339999999999883e+00 3.269099999999999784e-01
3.200000000000000000e+01 1.809999999999999942e-01 3.485339999999999883e+00 3.269099999999999784e-01
3.300000000000000000e+01 1.809999999999999942e-01 3.485339999999999883e+00 3.269099999999999784e-01
3.400000000000000000e+01 1.809999999999999942e-01 3.485339999999999883e+00 3.269099999999999784e-01
3.500000000000000000e+01 1.809999999999999942e-01 3.485339999999999883e+00 3.269099999999999784e-01
3.600000000000000000e+01 1.809999999999999942e-01 3.485339999999999883e+00 3.269099999999999784e-01
3.700000000000000000e+01 1.809999999999999942e-01 3.485339999999999883e+00 3.269099999999999784e-01
3.800000000000000000e+01 1.809999999999999942e-01 3.485339999999999883e+00 3.269099999999999784e-01
3.900000000000000000e+01 1.809999999999999942e-01 3.485339999999999883e+00 3.269099999999999784e-01
4.000000000000000000e+01 1.809999999999999942e-01 3.485339999999999883e+00 3.269099999999999784e-01
4.100000000000000000e+01 1.809999999999999942e-01 3.485339999999999883e+00 3.269099999999999784e-01
4.200000000000000000e+01 1.809999999999999942e-01 3.485339999999999883e+00 3.269099999999999784e-01
4.300000000000000000e+01 1.809999999999999942e-01 3.485339999999999883e+00 3.269099999999999784e-01
4.400000000000000000e+01 1.809999999999999942e-01 3.485339999999999883e+00 3.269099999999999784e-01
4.500000000000000000e+01 1.809999999999999942e-01 3.485339999999999883e+00 3.269099999999999784e-01
4.600000000000000000e+01 1.809999999999999942e-01 3.485339999999999883e+00 3.269099999999999784e-01
4.700000000000000000e+01 1.809999999999999942e-01 3.485339999999999883e+00 3.269099999999999784e-01
4.800000000000000000e+01 1.809999999999999942e-01 3.485339999999999883e+00 3.269099999999999784e-01
4.900000000000000000e+01 1.809999999999999942e-01 3.485339999999999883e+00 3.269099999999999784e-01
5.000000000000000000e+01 1.809999999999999942e-01 3.485339999999999883e+00 3.269099999999999784e-01
5.100000000000000000e+01 1.809999999999999942e-01 3.485339999999999883e+00 3.269099999999999784e-01
5.200000000000000000e+01 1.809999999999999942e-01 3.485339999999999883e+00 3.269099999999999784e-01
5.300000000000000000e+01 1.809999999999999942e-01 3.485339999999999883e+00 3.269099999999999784e-01
5.400000000000000000e+01 1.809999999999999942e-01 3.485339999999999883e+00 3.269099999999999784e-01
5.500000000000000000e+01 1.809999999999999942e-01 3.485339999999999883e+00 3.269099999999999784e-01
5.600000000000000000e+01 1.809999999999999942e-01 3.485339999999999883e+00 3.269099999999999784e-01
5.700000000000000000e+01 1.809999999999999942e-01 3.485339999999999883e+00 3.269099999999999784e-01
5.800000000000000000e+01 1.809999999999999942e-01 3.485339999999999883e+00 3.269099999999999784e-01
5.900000000000000000e+01 1.809999999999999942e-01 3.485339999999999883e+00 3.269099999999999784e-01
6.000000000000000000e+01 1.809999999999999942e-01 3.485339999999999883e+00 3.269099999999999784e-01
6.100000000000000000e+01 1.809999999999999942e-01 3.485339999999999883e+00 3.269099999999999784e-01
6.200000000000000000e+01 1.809999999999999942e-01 3.485339999999999883e+00 3.269099999999999784e-01
6.300000000000000000e+01 1.809999999999999942e-01 3.485339999999999883e+00 3.269099999999999784e-01
6.400000000000000000e+01 1.809999999999999942e-01 3.485339999999999883e+00 3.269099999999999784e-01
6.500000000000000000e+01 1.809999999999999942e-01 3.485339999999999883e+00 3.269099999999999784e-01
6.600000000000000000e+01 1.809999999999999942e-01 3.485339999999999883e+00 3.269099999999999784e-01
6.700000000000000000e+01 1.809999999999999942e-01 3.485339999999999883e+00 3.269099999999999784e-01
6.800000000000000000e+01 1.809999999999999942e-01 3.485339999999999883e+00 3.269099999999999784e-01
6.900000000000000000e+01 1.809999999999999942e-01 3.485339999999999883e+00 3.269099999999999784e-01
7.000000000000000000e+01 1.809999999999999942e-01 3.485339999999999883e+00 3.269099999999999784e-01
7.100000000000000000e+01 1.809999999999999942e-01 3.485339999999999883e+00 3.269099999999999784e-01
7.200000000000000000e+01 1.809999999999999942e-01 3.485339999999999883e+00 3.269099999999999784e-01
7.300000000000000000e+01 1.809999999999999942e-01 3.485339999999999883e+00 3.269099999999999784e-01
7.400000000000000000e+01 1.809999999999999942e-01 3.485339999999999883e+00 3.269099999999999784e-01
7.500000000000000000e+01 1.809999999999999942e-01 3.485339999999999883e+00 3.269099999999999784e-01
7.600000000000000000e+01 1.809999999999999942e-01 3.485339999999999883e+00 3.269099999999999784e-01
7.700000000000000000e+01 1.809999999999999942e-01 3.485339999999999883e+00 3.269099999999999784e-01
7.800000000000000000e+01 1.809999999999999942e-01 3.485339999999999883e+00 3.269099999999999784e-01
7.900000000000000000e+01 1.809999999999999942e-01 3.485339999999999883e+00 3.269099999999999784e-01
8.000000000000000000e+01 1.809999999999999942e-01 3.485339999999999883e+00 3.269099999999999784e-01
8.100000000000000000e+01 1.809999999999999942e-01 3.485339999999999883e+00 3.269099999999999784e-01
8.200000000000000000e+01 1.809999999999999942e-01 3.485339999999999883e+00 3.269099999999999784e-01
8.300000000000000000e+01 1.809999999999999942e-01 3.485339999999999883e+00 3.269099999999999784e-01
8.400000000000000000e+01 1.809999999999999942e-01 3.485339999999999883e+00 3.269099999999999784e-01
8.500000000000000000e+01 1.809999999999999942e-01 3.485339999999999883e+00 3.269099999999999784e-01
8.600000000000000000e+01 1.809999999999999942e-01 3.485339999999999883e+00 3.269099999999999784e-01
8.700000000000000000e+01 1.809999999999999942e-01 3.485339999999999883e+00 3.269099999999999784e-01
8.800000000000000000e+01 1.809999999999999942e-01 3.485339999999999883e+00 3.269099999999999784e-01
8.900000000000000000e+01 1.809999999999999942e-01 3.485339999999999883e+00 3.269099999999999784e-01
9.000000000000000000e+01 1.809999999999999942e-01 3.485339999999999883e+00 3.269099999999999784e-01
9.100000000000000000e+01 1.809999999999999942e-01 3.485339999999999883e+00 3.269099999999999784e-01
9.200000000000000000e+01 1.809999999999999942e-01 3.485339999999999883e+00 3.269099999999999784e-01
9.300000000000000000e+01 1.809999999999999942e-01 3.485339999999999883e+00 3.269099999999999784e-01
9.400000000000000000e+01 1.809999999999999942e-01 3.485339999999999883e+00 3.269099999999999784e-01
9.500000000000000000e+01 1.809999999999999942e-01 3.485339999999999883e+00 3.269099999999999784e-01
9.600000000000000000e+01 1.809999999999999942e-01 3.485339999999999883e+00 3.269099999999999784e-01
9.700000000000000000e+01 1.809999999999999942e-01 3.485339999999999883e+00 3.269099999999999784e-01
9.800000000000000000e+01 1.809999999999999942e-01 3.485339999999999883e+00 3.269099999999999784e-01
9.900000000000000000e+01 1.809999999999999942e-01 3.485339999999999883e+00 3.269099999999999784e-01
1.000000000000000000e+02 1.809999999999999942e-01 3.485339999999999883e+00 3.269099999999999784e-01
1.010000000000000000e+02 1.809999999999999942e-01 3.485339999999999883e+00 3.269099999999999784e-01
1.020000000000000000e+02 1.809999999999999942e-01 3.485339999999999883e+00 3.269099999999999784e-01
1.030000000000000000e+02 1.809999999999999942e-01 3.485339999999999883e+00 3.269099999999999784e-01
1.040000000000000000e+02 1.809999999999999942e-01 3.485339999999999883e+00 3.269099999999999784e-01
1.050000000000000000e+02 1.809999999999999942e-01 3.485339999999999883e+00 3.269099999999999784e-01
1.060000000000000000e+02 1.809999999999999942e-01 3.485339999999999883e+00 3.269099999999999784e-01
1.070000000000000000e+02 1.809999999999999942e-01 3.485339999999999883e+00 3.269099999999999784e-01
1.080000000000000000e+02 1.809999999999999942e-01 3.485339999999999883e+00 3.269099999999999784e-01
1.090000000000000000e+02 1.809999999999999942e-01 3.485339999999999883e+00 3.269099999999999784e-01
1.100000000000000000e+02 1.809999999999999942e-01 3.485339999999999883e+00 3.269099999999999784e-01
1.110000000000000000e+02 1.809999999999999942e-01 3.485339999999999883e+00 3.269099999999999784e-01
1.120000000000000000e+02 1.809999999999999942e-01 3.485339999999999883e+00 3.269099999999999784e-01
1.130000000000000000e+02 1.809999999999999942e-01 3.485339999999999883e+00 3.269099999999999784e-01
1.140000000000000000e+02 1.809999999999999942e-01 3.485339999999999883e+00 3.269099999999999784e-01
1.150000000000000000e+02 1.809999999999999942e-01 3.485339999999999883e+00 3.269099999999999784e-01
1.160000000000000000e+02 1.809999999999999942e-01 3.485339999999999883e+00 3.269099999999999784e-01
1.170000000000000000e+02 1.809999999999999942e-01 3.485339999999999883e+00 3.269099999999999784e-01
1.180000000000000000e+02 1.600000000000000033e-01 2.879199999999999982e+00 7.658899999999999597e-01
1.190000000000000000e+02 1.600000000000000033e-01 2.879199999999999982e+00 7.658899999999999597e-01
1.200000000000000000e+02 1.600000000000000033e-01 2.879199999999999982e+00 7.658899999999999597e-01
