1.000000000000000000e+00 1.880000000000000004e-01 6.121570000000000178e+00 5.104600000000000248e-01
2.000000000000000000e+00 1.940000000000000058e-01 6.953389999999999738e+00 5.614599999999999591e-01
3.000000000000000000e+00 1.880000000000000004e-01 6.333980000000000388e+00 2.470700000000000118e-01
4.000000000000000000e+00 1.880000000000000004e-01 6.550060000000000215e+00 2.132699999999999874e-01
5.000000000000000000e+00 1.809999999999999942e-01 6.483600000000000030e+00 2.010500000000000065e-01
6.000000000000000000e+00 1.670000000000000095e-01 6.856160000000000032e+00 1.897300000000000098e-01
7.000000000000000000e+00 1.739999999999999880e-01 6.855800000000000338e+00 2.651100000000000123e-01
8.000000000000000000e+00 1.739999999999999880e-01 6.926569999999999894e+00 2.823599999999999999e-01
9.000000000000000000e+00 2.010000000000000120e-01 6.917510000000000048e+00 2.958799999999999764e-01
1.000000000000000000e+01 1.940000000000000058e-01 7.114049999999999763e+00 3.756999999999999784e-01
1.100000000000000000e+01 1.940000000000000058e-01 7.123249999999999638e+00 3.663799999999999835e-01
1.200000000000000000e+01 1.940000000000000058e-01 7.120849999999999902e+00 3.566199999999999926e-01
1.300000000000000000e+01 1.940000000000000058e-01 7.119830000000000325e+00 3.485300000000000065e-01
1.400000000000000000e+01 1.940000000000000058e-01 7.129389999999999894e+00 3.428999999999999826e-01
1.500000000000000000e+01 1.940000000000000058e-01 7.143189999999999706e+00 3.378999999999999782e-01
1.600000000000000000e+01 1.940000000000000058e-01 7.154329999999999856e+00 3.331999999999999962e-01
1.700000000000000000e+01 1.940000000000000058e-01 7.170149999999999579e+00 3.295299999999999896e-01
1.800000000000000000e+01 1.940000000000000058e-01 7.179499999999999993e+00 3.253599999999999826e-01
1.900000000000000000e+01 1.940000000000000058e-01 7.176000000000000156e+00 3.201899999999999746e-01
2.000000000000000000e+01 1.940000000000000058e-01 7.175609999999999822e+00 3.153699999999999837e-01
2.100000000000000000e+01 1.940000000000000058e-01 7.176730000000000054e+00 3.114700000000000246e-01
2.200000000000000000e+01 1.940000000000000058e-01 7.195129999999999804e+00 3.100399999999999823e-01
2.300000000000000000e+01 1.869999999999999996e-01 7.215169999999999639e+00 3.085899999999999754e-01
2.400000000000000000e+01 1.869999999999999996e-01 7.234210000000000029e+00 3.067199999999999926e-01
2.500000000000000000e+01 1.869999999999999996e-01 7.254940000000000389e+00 3.050100000000000033e-01
2.600000000000000000e+01 1.869999999999999996e-01 7.273240000000000371e+00 3.034600000000000075e-01
2.700000000000000000e+01 1.869999999999999996e-01 7.288660000000000139e+00 3.017299999999999982e-01
2.800000000000000000e+01 1.940000000000000058e-01 7.304960000000000342e+00 3.000800000000000134e-01
2.900000000000000000e+01 1.940000000000000058e-01 7.320599999999999774e+00 2.982199999999999851e-01
3.000000000000000000e+01 1.940000000000000058e-01 7.337679999999999758e+00 2.965599999999999903e-01
3.100000000000000000e+01 1.940000000000000058e-01 7.354440000000000310e+00 2.955599999999999894e-01
3.200000000000000000e+01 1.940000000000000058e-01 7.370040000000000369e+00 2.946500000000000230e-01
3.300000000000000000e+01 1.940000000000000058e-01 7.384970000000000034e+00 2.937199999999999811e-01
3.400000000000000000e+01 1.940000000000000058e-01 7.400170000000000137e+00 2.931400000000000117e-01
3.500000000000000000e+01 1.940000000000000058e-01 7.417159999999999975e+00 2.929700000000000082e-01
3.600000000000000000e+01 1.940000000000000058e-01 7.438449999999999562e+00 2.934999999999999831e-01
3.700000000000000000e+01 1.940000000000000058e-01 7.458849999999999980e+00 2.940699999999999981e-01
3.800000000000000000e+01 1.940000000000000058e-01 7.478780000000000427e+00 2.946500000000000230e-01
3.900000000000000000e+01 1.940000000000000058e-01 7.501190000000000246e+00 2.955900000000000194e-01
4.000000000000000000e+01 1.940000000000000058e-01 7.524379999999999846e+00 2.965599999999999903e-01
4.100000000000000000e+01 1.940000000000000058e-01 7.548540000000000028e+00 2.976099999999999857e-01
4.200000000000000000e+01 1.940000000000000058e-01 7.572280000000000122e+00 2.982299999999999951e-01
4.300000000000000000e+01 1.940000000000000058e-01 7.595909999999999940e+00 2.988399999999999945e-01
4.400000000000000000e+01 1.940000000000000058e-01 7.618979999999999642e+00 2.997000000000000219e-01
4.500000000000000000e+01 1.940000000000000058e-01 7.641370000000000218e+00 3.006300000000000083e-01
4.600000000000000000e+01 1.940000000000000058e-01 7.662589999999999790e+00 3.016199999999999992e-01
4.700000000000000000e+01 1.940000000000000058e-01 7.683360000000000412e+00 3.025499999999999856e-01
4.800000000000000000e+01 1.940000000000000058e-01 7.703800000000000203e+00 3.034600000000000075e-01
4.900000000000000000e+01 1.869999999999999996e-01 7.721409999999999663e+00 3.041900000000000159e-01
5.000000000000000000e+01 1.869999999999999996e-01 7.737180000000000391e+00 3.048600000000000199e-01
5.100000000000000000e+01 1.869999999999999996e-01 7.751369999999999649e+00 3.053699999999999748e-01
5.200000000000000000e+01 1.869999999999999996e-01 7.766090000000000160e+00 3.058400000000000007e-01
5.300000000000000000e+01 1.869999999999999996e-01 7.780009999999999870e+00 3.063600000000000212e-01
5.400000000000000000e+01 1.869999999999999996e-01 7.792959999999999887e+00 3.068199999999999816e-01
5.500000000000000000e+01 1.869999999999999996e-01 7.806009999999999671e+00 3.072699999999999876e-01
5.600000000000000000e+01 1.869999999999999996e-01 7.818819999999999659e+00 3.077900000000000080e-01
5.700000000000000000e+01 1.869999999999999996e-01 7.831229999999999691e+00 3.083899999999999975e-01
5.800000000000000000e+01 1.869999999999999996e-01 7.843379999999999797e+00 3.091499999999999804e-01
5.900000000000000000e+01 1.869999999999999996e-01 7.854460000000000441e+00 3.098299999999999943e-01
6.000000000000000000e+01 1.869999999999999996e-01 7.865529999999999688e+00 3.104700000000000237e-01
6.100000000000000000e+01 1.869999999999999996e-01 7.876170000000000115e+00 3.108400000000000052e-01
6.200000000000000000e+01 1.869999999999999996e-01 7.887100000000000222e+00 3.112699999999999911e-01
6.300000000000000000e+01 1.869999999999999996e-01 7.897660000000000124e+00 3.117500000000000271e-01
6.400000000000000000e+01 1.869999999999999996e-01 7.908059999999999867e+00 3.122599999999999820e-01
6.500000000000000000e+01 1.869999999999999996e-01 7.918409999999999727e+00 3.127900000000000125e-01
6.600000000000000000e+01 1.869999999999999996e-01 7.928950000000000387e+00 3.132599999999999829e-01
6.700000000000000000e+01 1.869999999999999996e-01 7.939230000000000231e+00 3.136300000000000199e-01
6.800000000000000000e+01 1.869999999999999996e-01 7.949779999999999625e+00 3.140399999999999858e-01
6.900000000000000000e+01 1.869999999999999996e-01 7.959900000000000198e+00 3.145000000000000018e-01
7.000000000000000000e+01 1.869999999999999996e-01 7.970139999999999780e+00 3.150399999999999867e-01
7.100000000000000000e+01 1.869999999999999996e-01 7.980159999999999698e+00 3.157200000000000006e-01
7.200000000000000000e+01 1.869999999999999996e-01 7.989250000000000185e+00 3.164199999999999791e-01
7.300000000000000000e+01 1.869999999999999996e-01 7.997250000000000192e+00 3.171399999999999775e-01
7.400000000000000000e+01 1.869999999999999996e-01 8.004220000000000113e+00 3.179600000000000204e-01
7.500000000000000000e+01 1.869999999999999996e-01 8.009570000000000078e+00 3.189000000000000168e-01
7.600000000000000000e+01 1.869999999999999996e-01 8.014540000000000219e+00 3.197599999999999887e-01
7.700000000000000000e+01 1.869999999999999996e-01 8.019569999999999865e+00 3.205999999999999961e-01
7.800000000000000000e+01 1.869999999999999996e-01 8.024749999999999162e+00 3.214799999999999880e-01
7.900000000000000000e+01 1.869999999999999996e-01 8.030110000000000525e+00 3.223599999999999799e-01
8.000000000000000000e+01 1.869999999999999996e-01 8.035299999999999443e+00 3.231800000000000228e-01
8.100000000000000000e+01 1.869999999999999996e-01 8.039820000000000633e+00 3.239699999999999802e-01
8.200000000000000000e+01 1.869999999999999996e-01 8.044180000000000774e+00 3.247399999999999731e-01
8.300000000000000000e+01 1.869999999999999996e-01 8.048339999999999606e+00 3.255299999999999860e-01
8.400000000000000000e+01 1.869999999999999996e-01 8.052670000000000883e+00 3.262999999999999790e-01
8.500000000000000000e+01 1.940000000000000058e-01 8.057470000000000354e+00 3.270799999999999819e-01
8.600000000000000000e+01 1.940000000000000058e-01 8.062390000000000612e+00 3.278800000000000048e-01
8.700000000000000000e+01 1.940000000000000058e-01 8.067289999999999850e+00 3.287200000000000122e-01
8.800000000000000000e+01 1.940000000000000058e-01 8.072440000000000282e+00 3.295699999999999741e-01
8.900000000000000000e+01 1.940000000000000058e-01 8.077749999999999986e+00 3.304300000000000015e-01
9.000000000000000000e+01 1.940000000000000058e-01 8.082990000000000563e+00 3.312200000000000144e-01
9.100000000000000000e+01 1.940000000000000058e-01 8.088210000000000122e+00 3.318800000000000083e-01
9.200000000000000000e+01 1.940000000000000058e-01 8.093550000000000466e+00 3.323900000000000188e-01
9.300000000000000000e+01 2.010000000000000120e-01 8.098850000000000549e+00 3.328800000000000092e-01
9.400000000000000000e+01 2.010000000000000120e-01 8.104419999999999291e+00 3.332700000000000107e-01
9.500000000000000000e+01 2.010000000000000120e-01 8.109859999999999403e+00 3.336000000000000076e-01
9.600000000000000000e+01 2.010000000000000120e-01 8.114710000000000534e+00 3.338599999999999901e-01
9.700000000000000000e+01 2.010000000000000120e-01 8.119049999999999656e+00 3.341100000000000181e-01
9.800000000000000000e+01 2.010000000000000120e-01 8.122999999999999332e+00 3.343700000000000006e-01
9.900000000000000000e+01 2.010000000000000120e-01 8.126060000000000727e+00 3.345400000000000040e-01
1.000000000000000000e+02 2.010000000000000120e-01 8.129049999999999443e+00 3.347399999999999820e-01
1.010000000000000000e+02 2.010000000000000120e-01 8.131700000000000372e+00 3.349199999999999955e-01
1.020000000000000000e+02 2.010000000000000120e-01 8.134159999999999613e+00 3.351199999999999735e-01
1.030000000000000000e+02 2.010000000000000120e-01 8.137050000000000338e+00 3.352399999999999824e-01
1.040000000000000000e+02 2.010000000000000120e-01 8.140190000000000481e+00 3.354199999999999959e-01
1.050000000000000000e+02 2.010000000000000120e-01 8.143050000000000566e+00 3.355699999999999794e-01
1.060000000000000000e+02 2.010000000000000120e-01 8.145849999999999369e+00 3.356000000000000094e-01
1.070000000000000000e+02 2.010000000000000120e-01 8.148659999999999570e+00 3.355500000000000149e-01
1.080000000000000000e+02 2.010000000000000120e-01 8.151619999999999422e+00 3.355400000000000049e-01
1.090000000000000000e+02 2.010000000000000120e-01 8.154680000000000817e+00 3.355699999999999794e-01
1.100000000000000000e+02 2.010000000000000120e-01 8.157659999999999911e+00 3.356399999999999939e-01
1.110000000000000000e+02 2.010000000000000120e-01 8.159969999999999501e+00 3.357200000000000184e-01
1.120000000000000000e+02 2.010000000000000120e-01 8.162129999999999441e+00 3.356899999999999884e-01
1.130000000000000000e+02 2.010000000000000120e-01 8.164249999999999119e+00 3.356999999999999984e-01
1.140000000000000000e+02 2.010000000000000120e-01 8.166140000000000398e+00 3.356700000000000239e-01
1.150000000000000000e+02 2.010000000000000120e-01 8.169829999999999259e+00 3.355500000000000149e-01
1.160000000000000000e+02 2.010000000000000120e-01 8.173989999999999867e+00 3.354199999999999959e-01
1.170000000000000000e+02 2.010000000000000120e-01 8.177849999999999397e+00 3.352600000000000025e-01
1.180000000000000000e+02 2.010000000000000120e-01 8.182420000000000471e+00 3.352800000000000225e-01
1.190000000000000000e+02 2.010000000000000120e-01 8.187229999999999563e+00 3.353800000000000114e-01
1.200000000000000000e+02 2.010000000000000120e-01 8.191829999999999501e+00 3.355000000000000204e-01
