1.000000000000000000e+00 -1.000000000000000000e+00 -1.000000000000000000e+00 0.000000000000000000e+00
2.000000000000000000e+00 1.600000000000000033e-01 7.458499999999999908e+00 5.463700000000000223e-01
3.000000000000000000e+00 1.600000000000000033e-01 7.028470000000000439e+00 6.563400000000000345e-01
4.000000000000000000e+00 1.869999999999999996e-01 6.208580000000000432e+00 4.798600000000000088e-01
5.000000000000000000e+00 1.739999999999999880e-01 8.259499999999999176e+00 4.236699999999999910e-01
6.000000000000000000e+00 1.869999999999999996e-01 6.053309999999999746e+00 3.647599999999999731e-01
7.000000000000000000e+00 1.809999999999999942e-01 6.471210000000000129e+00 3.519200000000000106e-01
8.000000000000000000e+00 1.809999999999999942e-01 6.691769999999999996e+00 3.538999999999999924e-01
9.000000000000000000e+00 1.809999999999999942e-01 6.988010000000000055e+00 3.463100000000000067e-01
1.000000000000000000e+01 1.739999999999999880e-01 7.273570000000000313e+00 3.453899999999999748e-01
1.100000000000000000e+01 1.670000000000000095e-01 7.599429999999999907e+00 3.496600000000000263e-01
1.200000000000000000e+01 1.670000000000000095e-01 7.630309999999999704e+00 3.518800000000000261e-01
1.300000000000000000e+01 1.739999999999999880e-01 7.690820000000000434e+00 3.648799999999999821e-01
1.400000000000000000e+01 1.739999999999999880e-01 7.879319999999999879e+00 3.833099999999999841e-01
1.500000000000000000e+01 1.670000000000000095e-01 8.052149999999999253e+00 3.926799999999999735e-01
1.600000000000000000e+01 1.600000000000000033e-01 8.145400000000000418e+00 3.951500000000000012e-01
1.700000000000000000e+01 1.600000000000000033e-01 8.186600000000000321e+00 3.937999999999999834e-01
1.800000000000000000e+01 1.529999999999999971e-01 8.194779999999999731e+00 3.905000000000000138e-01
1.900000000000000000e+01 1.459999999999999909e-01 8.183519999999999683e+00 3.863599999999999812e-01
2.000000000000000000e+01 1.459999999999999909e-01 8.172589999999999577e+00 3.820899999999999852e-01
2.100000000000000000e+01 1.390000000000000124e-01 8.173780000000000712e+00 3.764500000000000068e-01
2.200000000000000000e+01 1.390000000000000124e-01 8.231759999999999522e+00 3.693799999999999861e-01
2.300000000000000000e+01 1.390000000000000124e-01 8.216490000000000293e+00 3.558200000000000252e-01
2.400000000000000000e+01 1.390000000000000124e-01 8.168810000000000571e+00 3.410099999999999798e-01
2.500000000000000000e+01 1.390000000000000124e-01 8.170049999999999812e+00 3.350600000000000245e-01
2.600000000000000000e+01 1.390000000000000124e-01 8.159309999999999619e+00 3.337600000000000011e-01
2.700000000000000000e+01 1.390000000000000124e-01 8.153919999999999391e+00 3.319799999999999973e-01
2.800000000000000000e+01 1.390000000000000124e-01 8.205320000000000391e+00 3.276700000000000168e-01
2.900000000000000000e+01 1.390000000000000124e-01 8.257030000000000314e+00 3.208900000000000086e-01
3.000000000000000000e+01 1.390000000000000124e-01 8.272819999999999396e+00 3.135999999999999899e-01
3.100000000000000000e+01 1.390000000000000124e-01 8.217169999999999419e+00 3.065999999999999837e-01
3.200000000000000000e+01 1.390000000000000124e-01 8.153370000000000672e+00 3.024899999999999811e-01
3.300000000000000000e+01 1.390000000000000124e-01 8.097220000000000084e+00 2.976099999999999857e-01
3.400000000000000000e+01 1.390000000000000124e-01 8.041560000000000485e+00 2.906000000000000250e-01
3.500000000000000000e+01 1.390000000000000124e-01 7.990140000000000242e+00 2.797000000000000042e-01
3.600000000000000000e+01 1.390000000000000124e-01 7.927170000000000272e+00 2.684599999999999764e-01
3.700000000000000000e+01 1.390000000000000124e-01 7.866299999999999848e+00 2.583599999999999786e-01
3.800000000000000000e+01 1.390000000000000124e-01 7.820490000000000386e+00 2.525700000000000167e-01
3.900000000000000000e+01 1.390000000000000124e-01 7.782720000000000304e+00 2.498599999999999988e-01
4.000000000000000000e+01 1.390000000000000124e-01 7.715489999999999959e+00 2.484899999999999887e-01
4.100000000000000000e+01 1.390000000000000124e-01 7.652250000000000441e+00 2.462100000000000122e-01
4.200000000000000000e+01 1.390000000000000124e-01 7.580630000000000202e+00 2.452000000000000013e-01
4.300000000000000000e+01 1.390000000000000124e-01 7.516390000000000349e+00 2.464300000000000102e-01
4.400000000000000000e+01 1.390000000000000124e-01 7.442980000000000373e+00 2.487800000000000011e-01
4.500000000000000000e+01 1.390000000000000124e-01 7.391250000000000320e+00 2.530499999999999972e-01
4.600000000000000000e+01 1.390000000000000124e-01 7.354190000000000005e+00 2.557800000000000074e-01
4.700000000000000000e+01 1.390000000000000124e-01 7.319869999999999877e+00 2.567300000000000137e-01
4.800000000000000000e+01 1.390000000000000124e-01 7.306930000000000369e+00 2.572099999999999942e-01
4.900000000000000000e+01 1.390000000000000124e-01 7.301520000000000010e+00 2.574899999999999967e-01
5.000000000000000000e+01 1.390000000000000124e-01 7.312000000000000277e+00 2.567499999999999782e-01
5.100000000000000000e+01 1.390000000000000124e-01 7.324639999999999596e+00 2.563300000000000023e-01
5.200000000000000000e+01 1.390000000000000124e-01 7.340810000000000279e+00 2.561599999999999988e-01
5.300000000000000000e+01 1.390000000000000124e-01 7.338440000000000296e+00 2.573799999999999977e-01
5.400000000000000000e+01 1.390000000000000124e-01 7.332099999999999618e+00 2.585299999999999820e-01
5.500000000000000000e+01 1.390000000000000124e-01 7.320229999999999571e+00 2.603199999999999958e-01
5.600000000000000000e+01 1.390000000000000124e-01 7.301090000000000302e+00 2.632800000000000140e-01
5.700000000000000000e+01 1.390000000000000124e-01 7.282729999999999926e+00 2.659099999999999797e-01
5.800000000000000000e+01 1.390000000000000124e-01 7.268699999999999939e+00 2.677300000000000235e-01
5.900000000000000000e+01 1.390000000000000124e-01 7.251089999999999591e+00 2.696100000000000163e-01
6.000000000000000000e+01 1.390000000000000124e-01 7.220279999999999809e+00 2.712800000000000211e-01
6.100000000000000000e+01 1.390000000000000124e-01 7.166150000000000020e+00 2.733200000000000074e-01
6.200000000000000000e+01 1.390000000000000124e-01 7.071799999999999642e+00 2.768499999999999850e-01
6.300000000000000000e+01 1.390000000000000124e-01 6.971879999999999633e+00 2.799400000000000222e-01
6.400000000000000000e+01 1.390000000000000124e-01 6.735129999999999839e+00 2.851099999999999746e-01
6.500000000000000000e+01 1.390000000000000124e-01 6.222780000000000200e+00 3.003399999999999959e-01
6.600000000000000000e+01 1.179999999999999938e-01 9.554949999999999832e+00 4.377900000000000125e-01
6.700000000000000000e+01 1.179999999999999938e-01 9.504569999999999297e+00 4.241199999999999970e-01
6.800000000000000000e+01 1.179999999999999938e-01 9.507469999999999644e+00 4.252900000000000014e-01
6.900000000000000000e+01 1.179999999999999938e-01 9.518179999999999197e+00 4.271900000000000142e-01
7.000000000000000000e+01 1.179999999999999938e-01 9.530039999999999623e+00 4.294700000000000184e-01
7.100000000000000000e+01 1.179999999999999938e-01 9.541109999999999758e+00 4.317699999999999871e-01
7.200000000000000000e+01 1.179999999999999938e-01 9.553570000000000562e+00 4.338899999999999979e-01
7.300000000000000000e+01 1.179999999999999938e-01 9.563520000000000465e+00 4.358099999999999752e-01
7.400000000000000000e+01 1.179999999999999938e-01 9.573339999999999961e+00 4.379000000000000115e-01
7.500000000000000000e+01 1.179999999999999938e-01 9.583280000000000243e+00 4.393799999999999928e-01
7.600000000000000000e+01 1.179999999999999938e-01 9.593769999999999243e+00 4.404000000000000137e-01
7.700000000000000000e+01 1.179999999999999938e-01 9.604430000000000689e+00 4.417599999999999860e-01
7.800000000000000000e+01 1.179999999999999938e-01 9.615040000000000475e+00 4.434400000000000008e-01
7.900000000000000000e+01 1.179999999999999938e-01 9.625329999999999941e+00 4.450600000000000112e-01
8.000000000000000000e+01 1.179999999999999938e-01 9.635379999999999612e+00 4.467700000000000005e-01
8.100000000000000000e+01 1.179999999999999938e-01 9.645880000000000010e+00 4.484500000000000153e-01
8.200000000000000000e+01 1.179999999999999938e-01 9.656459999999999155e+00 4.500299999999999856e-01
8.300000000000000000e+01 1.179999999999999938e-01 9.667550000000000310e+00 4.515600000000000169e-01
8.400000000000000000e+01 1.179999999999999938e-01 9.678119999999999834e+00 4.530299999999999883e-01
8.500000000000000000e+01 1.179999999999999938e-01 9.687260000000000204e+00 4.547100000000000031e-01
8.600000000000000000e+01 1.179999999999999938e-01 9.695360000000000866e+00 4.565400000000000014e-01
8.700000000000000000e+01 1.179999999999999938e-01 9.703979999999999606e+00 4.587200000000000166e-01
8.800000000000000000e+01 1.179999999999999938e-01 9.711579999999999657e+00 4.606000000000000094e-01
8.900000000000000000e+01 1.250000000000000000e-01 6.525430000000000064e+00 3.747500000000000275e-01
9.000000000000000000e+01 1.250000000000000000e-01 6.501900000000000013e+00 3.737500000000000266e-01
9.100000000000000000e+01 1.179999999999999938e-01 9.732020000000000337e+00 4.653399999999999759e-01
9.200000000000000000e+01 1.179999999999999938e-01 9.738340000000000884e+00 4.667499999999999982e-01
9.300000000000000000e+01 1.250000000000000000e-01 9.744059999999999278e+00 4.681799999999999851e-01
9.400000000000000000e+01 1.250000000000000000e-01 6.426009999999999778e+00 3.707099999999999840e-01
9.500000000000000000e+01 1.179999999999999938e-01 6.392820000000000391e+00 3.697599999999999776e-01
9.600000000000000000e+01 1.250000000000000000e-01 9.760759999999999437e+00 4.707700000000000218e-01
9.700000000000000000e+01 1.179999999999999938e-01 6.327280000000000015e+00 3.681599999999999873e-01
9.800000000000000000e+01 1.179999999999999938e-01 6.284370000000000012e+00 3.674499999999999988e-01
9.900000000000000000e+01 1.250000000000000000e-01 9.775980000000000558e+00 4.734200000000000075e-01
1.000000000000000000e+02 1.179999999999999938e-01 6.153109999999999857e+00 3.661200000000000010e-01
1.010000000000000000e+02 1.179999999999999938e-01 6.051999999999999602e+00 3.657400000000000095e-01
1.020000000000000000e+02 1.179999999999999938e-01 5.988819999999999588e+00 3.656200000000000006e-01
1.030000000000000000e+02 1.250000000000000000e-01 5.921529999999999738e+00 3.658299999999999885e-01
1.040000000000000000e+02 1.250000000000000000e-01 5.791269999999999918e+00 3.674200000000000244e-01
1.050000000000000000e+02 1.250000000000000000e-01 5.801210000000000200e+00 3.670999999999999819e-01
1.060000000000000000e+02 1.250000000000000000e-01 5.818480000000000096e+00 3.667000000000000259e-01
1.070000000000000000e+02 1.250000000000000000e-01 5.675550000000000317e+00 3.692300000000000026e-01
1.080000000000000000e+02 1.250000000000000000e-01 5.680810000000000137e+00 3.689000000000000057e-01
1.090000000000000000e+02 1.320000000000000062e-01 5.641969999999999708e+00 3.696400000000000241e-01
1.100000000000000000e+02 1.320000000000000062e-01 5.594859999999999722e+00 3.707099999999999840e-01
1.110000000000000000e+02 1.320000000000000062e-01 5.541809999999999903e+00 3.723000000000000198e-01
1.120000000000000000e+02 1.320000000000000062e-01 5.498809999999999754e+00 3.748199999999999865e-01
1.130000000000000000e+02 1.320000000000000062e-01 5.518979999999999997e+00 3.728600000000000247e-01
1.140000000000000000e+02 1.320000000000000062e-01 5.467889999999999695e+00 3.771399999999999753e-01
1.150000000000000000e+02 1.320000000000000062e-01 5.492309999999999803e+00 3.740399999999999836e-01
1.160000000000000000e+02 1.320000000000000062e-01 5.464190000000000325e+00 3.775800000000000267e-01
1.170000000000000000e+02 1.390000000000000124e-01 5.488559999999999661e+00 3.841800000000000215e-01
1.180000000000000000e+02 1.390000000000000124e-01 5.545910000000000117e+00 3.932899999999999729e-01
1.190000000000000000e+02 1.390000000000000124e-01 5.476519999999999833e+00 3.812999999999999723e-01
1.200000000000000000e+02 1.390000000000000124e-01 5.649449999999999861e+00 4.067700000000000204e-01
