1.000000000000000000e+00 1.739999999999999880e-01 4.204679999999999751e+00 3.637400000000000078e-01
2.000000000000000000e+00 1.739999999999999880e-01 5.573949999999999960e+00 3.202400000000000246e-01
3.000000000000000000e+00 1.179999999999999938e-01 4.595349999999999824e+00 7.729599999999999804e-01
4.000000000000000000e+00 1.179999999999999938e-01 4.027800000000000047e+00 7.042199999999999571e-01
5.000000000000000000e+00 1.179999999999999938e-01 3.596369999999999845e+00 6.665400000000000214e-01
6.000000000000000000e+00 1.179999999999999938e-01 3.409060000000000201e+00 6.354699999999999793e-01
7.000000000000000000e+00 1.110000000000000014e-01 3.327040000000000219e+00 6.228000000000000203e-01
8.000000000000000000e+00 1.110000000000000014e-01 3.277550000000000185e+00 6.121199999999999974e-01
9.000000000000000000e+00 1.110000000000000014e-01 3.262970000000000148e+00 6.049600000000000533e-01
1.000000000000000000e+01 1.110000000000000014e-01 3.257559999999999789e+00 6.003800000000000248e-01
1.100000000000000000e+01 1.110000000000000014e-01 3.240510000000000002e+00 5.939100000000000490e-01
1.200000000000000000e+01 1.179999999999999938e-01 3.227339999999999876e+00 5.874000000000000332e-01
1.300000000000000000e+01 1.179999999999999938e-01 3.217659999999999965e+00 5.816400000000000459e-01
1.400000000000000000e+01 1.179999999999999938e-01 3.204330000000000123e+00 5.776900000000000368e-01
1.500000000000000000e+01 1.179999999999999938e-01 3.186729999999999841e+00 5.736999999999999877e-01
1.600000000000000000e+01 1.179999999999999938e-01 3.184909999999999908e+00 5.693599999999999772e-01
1.700000000000000000e+01 1.179999999999999938e-01 3.220029999999999948e+00 5.678600000000000314e-01
1.800000000000000000e+01 1.250000000000000000e-01 3.250440000000000218e+00 5.668199999999999905e-01
1.900000000000000000e+01 1.250000000000000000e-01 3.281740000000000101e+00 5.658199999999999896e-01
2.000000000000000000e+01 1.250000000000000000e-01 3.280899999999999928e+00 5.639199999999999768e-01
2.100000000000000000e+01 1.250000000000000000e-01 3.276990000000000069e+00 5.615799999999999681e-01
2.200000000000000000e+01 1.250000000000000000e-01 3.273779999999999912e+00 5.588199999999999834e-01
2.300000000000000000e+01 1.250000000000000000e-01 3.283790000000000209e+00 5.575999999999999845e-01
2.400000000000000000e+01 1.250000000000000000e-01 3.292499999999999982e+00 5.561399999999999677e-01
2.500000000000000000e+01 1.250000000000000000e-01 3.294820000000000082e+00 5.539899999999999824e-01
2.600000000000000000e+01 1.320000000000000062e-01 3.294509999999999827e+00 5.513200000000000323e-01
2.700000000000000000e+01 1.320000000000000062e-01 3.297029999999999905e+00 5.492500000000000160e-01
2.800000000000000000e+01 1.320000000000000062e-01 3.300780000000000047e+00 5.474900000000000322e-01
2.900000000000000000e+01 1.320000000000000062e-01 3.309390000000000054e+00 5.460399999999999698e-01
3.000000000000000000e+01 1.320000000000000062e-01 3.329600000000000115e+00 5.454299999999999704e-01
3.100000000000000000e+01 1.320000000000000062e-01 3.344079999999999941e+00 5.441799999999999971e-01
3.200000000000000000e+01 1.320000000000000062e-01 3.356320000000000192e+00 5.427400000000000002e-01
3.300000000000000000e+01 1.320000000000000062e-01 3.367459999999999898e+00 5.413799999999999724e-01
3.400000000000000000e+01 1.320000000000000062e-01 3.376459999999999795e+00 5.400899999999999590e-01
3.500000000000000000e+01 1.320000000000000062e-01 3.385569999999999968e+00 5.389899999999999691e-01
3.600000000000000000e+01 1.320000000000000062e-01 3.395900000000000141e+00 5.381799999999999917e-01
3.700000000000000000e+01 1.320000000000000062e-01 3.398730000000000029e+00 5.362599999999999589e-01
3.800000000000000000e+01 1.320000000000000062e-01 3.391840000000000188e+00 5.333499999999999908e-01
3.900000000000000000e+01 1.320000000000000062e-01 3.458309999999999995e+00 5.410099999999999909e-01
4.000000000000000000e+01 1.320000000000000062e-01 3.461440000000000072e+00 5.401899999999999480e-01
4.100000000000000000e+01 1.320000000000000062e-01 3.463849999999999874e+00 5.388800000000000257e-01
4.200000000000000000e+01 1.320000000000000062e-01 3.473440000000000083e+00 5.380899999999999572e-01
4.300000000000000000e+01 1.320000000000000062e-01 3.487179999999999946e+00 5.378399999999999848e-01
4.400000000000000000e+01 1.320000000000000062e-01 3.499719999999999942e+00 5.375100000000000433e-01
4.500000000000000000e+01 1.320000000000000062e-01 3.511299999999999866e+00 5.371399999999999508e-01
4.600000000000000000e+01 1.320000000000000062e-01 3.522839999999999971e+00 5.365600000000000369e-01
4.700000000000000000e+01 1.320000000000000062e-01 3.536890000000000089e+00 5.360200000000000520e-01
4.800000000000000000e+01 1.320000000000000062e-01 3.547569999999999890e+00 5.353599999999999470e-01
4.900000000000000000e+01 1.320000000000000062e-01 3.561939999999999884e+00 5.351000000000000201e-01
5.000000000000000000e+01 1.320000000000000062e-01 3.575899999999999856e+00 5.348500000000000476e-01
5.100000000000000000e+01 1.320000000000000062e-01 3.587320000000000064e+00 5.344999999999999751e-01
5.200000000000000000e+01 1.320000000000000062e-01 3.597510000000000208e+00 5.340799999999999992e-01
5.300000000000000000e+01 1.320000000000000062e-01 3.609840000000000160e+00 5.338100000000000067e-01
5.400000000000000000e+01 1.320000000000000062e-01 3.623670000000000169e+00 5.335100000000000398e-01
5.500000000000000000e+01 1.320000000000000062e-01 3.635769999999999946e+00 5.330099999999999838e-01
5.600000000000000000e+01 1.320000000000000062e-01 3.645869999999999944e+00 5.322000000000000064e-01
5.700000000000000000e+01 1.320000000000000062e-01 3.654850000000000154e+00 5.313499999999999890e-01
5.800000000000000000e+01 1.320000000000000062e-01 3.661550000000000082e+00 5.302000000000000046e-01
5.900000000000000000e+01 1.320000000000000062e-01 3.667839999999999989e+00 5.288199999999999568e-01
6.000000000000000000e+01 1.320000000000000062e-01 3.673939999999999984e+00 5.275400000000000089e-01
6.100000000000000000e+01 1.320000000000000062e-01 3.679629999999999956e+00 5.262999999999999901e-01
6.200000000000000000e+01 1.320000000000000062e-01 3.686739999999999906e+00 5.251500000000000057e-01
6.300000000000000000e+01 1.320000000000000062e-01 3.699120000000000186e+00 5.246300000000000407e-01
6.400000000000000000e+01 1.320000000000000062e-01 3.709760000000000169e+00 5.238599999999999923e-01
6.500000000000000000e+01 1.250000000000000000e-01 3.719040000000000123e+00 5.230000000000000204e-01
6.600000000000000000e+01 1.250000000000000000e-01 3.728540000000000187e+00 5.222700000000000120e-01
6.700000000000000000e+01 1.250000000000000000e-01 3.736800000000000122e+00 5.214900000000000091e-01
6.800000000000000000e+01 1.250000000000000000e-01 3.744260000000000144e+00 5.206300000000000372e-01
6.900000000000000000e+01 1.250000000000000000e-01 3.750809999999999977e+00 5.196100000000000163e-01
7.000000000000000000e+01 1.250000000000000000e-01 3.756479999999999819e+00 5.184900000000000064e-01
7.100000000000000000e+01 1.250000000000000000e-01 3.762469999999999981e+00 5.175600000000000200e-01
7.200000000000000000e+01 1.250000000000000000e-01 3.767790000000000195e+00 5.164900000000000047e-01
7.300000000000000000e+01 1.250000000000000000e-01 3.772339999999999804e+00 5.152700000000000058e-01
7.400000000000000000e+01 1.250000000000000000e-01 3.777229999999999865e+00 5.136100000000000110e-01
7.500000000000000000e+01 1.250000000000000000e-01 3.782859999999999889e+00 5.121900000000000341e-01
7.600000000000000000e+01 1.250000000000000000e-01 3.788940000000000197e+00 5.108800000000000008e-01
7.700000000000000000e+01 1.250000000000000000e-01 3.795370000000000132e+00 5.094899999999999984e-01
7.800000000000000000e+01 1.250000000000000000e-01 3.800429999999999975e+00 5.077399999999999691e-01
7.900000000000000000e+01 1.250000000000000000e-01 3.802130000000000010e+00 5.053299999999999459e-01
8.000000000000000000e+01 1.250000000000000000e-01 3.805099999999999927e+00 5.034600000000000186e-01
8.100000000000000000e+01 1.250000000000000000e-01 3.808120000000000172e+00 5.017899999999999583e-01
8.200000000000000000e+01 1.250000000000000000e-01 3.809390000000000054e+00 4.996499999999999830e-01
8.300000000000000000e+01 1.250000000000000000e-01 3.813359999999999861e+00 4.980800000000000227e-01
8.400000000000000000e+01 1.250000000000000000e-01 3.817460000000000075e+00 4.965499999999999914e-01
8.500000000000000000e+01 1.250000000000000000e-01 3.823599999999999888e+00 4.956499999999999795e-01
8.600000000000000000e+01 1.250000000000000000e-01 3.831109999999999793e+00 4.951099999999999945e-01
8.700000000000000000e+01 1.250000000000000000e-01 3.837559999999999860e+00 4.943500000000000116e-01
8.800000000000000000e+01 1.250000000000000000e-01 3.844279999999999919e+00 4.935800000000000187e-01
8.900000000000000000e+01 1.250000000000000000e-01 3.852749999999999897e+00 4.933000000000000163e-01
9.000000000000000000e+01 1.250000000000000000e-01 3.860799999999999788e+00 4.929899999999999838e-01
9.100000000000000000e+01 1.250000000000000000e-01 3.871090000000000142e+00 4.932099999999999818e-01
9.200000000000000000e+01 1.250000000000000000e-01 3.881870000000000154e+00 4.935499999999999887e-01
9.300000000000000000e+01 1.250000000000000000e-01 3.893170000000000019e+00 4.939700000000000202e-01
9.400000000000000000e+01 1.250000000000000000e-01 3.903900000000000148e+00 4.942300000000000026e-01
9.500000000000000000e+01 1.250000000000000000e-01 3.914200000000000124e+00 4.943500000000000116e-01
9.600000000000000000e+01 1.250000000000000000e-01 3.924139999999999961e+00 4.942699999999999871e-01
9.700000000000000000e+01 1.250000000000000000e-01 3.932090000000000085e+00 4.934700000000000197e-01
9.800000000000000000e+01 1.250000000000000000e-01 3.940580000000000194e+00 4.924100000000000144e-01
9.900000000000000000e+01 1.250000000000000000e-01 3.948409999999999975e+00 4.913299999999999890e-01
1.000000000000000000e+02 1.250000000000000000e-01 3.955869999999999997e+00 4.900399999999999756e-01
1.010000000000000000e+02 1.250000000000000000e-01 3.963579999999999881e+00 4.889999999999999902e-01
1.020000000000000000e+02 1.250000000000000000e-01 3.970759999999999845e+00 4.878100000000000214e-01
1.030000000000000000e+02 1.250000000000000000e-01 3.978089999999999904e+00 4.868100000000000205e-01
1.040000000000000000e+02 1.250000000000000000e-01 3.985630000000000006e+00 4.859999999999999876e-01
1.050000000000000000e+02 1.250000000000000000e-01 3.992220000000000102e+00 4.849999999999999867e-01
1.060000000000000000e+02 1.250000000000000000e-01 3.999929999999999986e+00 4.844300000000000272e-01
1.070000000000000000e+02 1.250000000000000000e-01 4.007340000000000124e+00 4.839800000000000213e-01
1.080000000000000000e+02 1.250000000000000000e-01 4.015830000000000233e+00 4.837899999999999978e-01
1.090000000000000000e+02 1.250000000000000000e-01 4.025299999999999656e+00 4.839999999999999858e-01
1.100000000000000000e+02 1.250000000000000000e-01 4.034799999999999720e+00 4.843100000000000183e-01
1.110000000000000000e+02 1.250000000000000000e-01 4.043350000000000222e+00 4.844499999999999917e-01
1.120000000000000000e+02 1.250000000000000000e-01 4.051849999999999952e+00 4.846199999999999952e-01
1.130000000000000000e+02 1.250000000000000000e-01 4.061230000000000118e+00 4.848899999999999877e-01
1.140000000000000000e+02 1.250000000000000000e-01 4.071410000000000196e+00 4.851400000000000157e-01
1.150000000000000000e+02 1.250000000000000000e-01 4.080709999999999837e+00 4.851699999999999902e-01
1.160000000000000000e+02 1.250000000000000000e-01 4.089780000000000193e+00 4.850800000000000112e-01
1.170000000000000000e+02 1.250000000000000000e-01 4.097879999999999967e+00 4.849200000000000177e-01
1.180000000000000000e+02 1.250000000000000000e-01 4.106049999999999756e+00 4.847500000000000142e-01
1.190000000000000000e+02 1.250000000000000000e-01 4.116119999999999557e+00 4.849399999999999822e-01
1.200000000000000000e+02 1.250000000000000000e-01 4.126039999999999708e+00 4.851599999999999802e-01
