1.000000000000000000e+00 1.940000000000000058e-01 5.168429999999999858e+00 4.198899999999999855e-01
2.000000000000000000e+00 1.320000000000000062e-01 3.092550000000000132e+00 8.959899999999999531e-01
3.000000000000000000e+00 1.390000000000000124e-01 3.190199999999999925e+00 8.755300000000000304e-01
4.000000000000000000e+00 1.880000000000000004e-01 4.763939999999999841e+00 2.608599999999999808e-01
5.000000000000000000e+00 1.739999999999999880e-01 7.373149999999999871e+00 3.283099999999999907e-01
6.000000000000000000e+00 1.600000000000000033e-01 3.089240000000000208e+00 7.029499999999999638e-01
7.000000000000000000e+00 2.100000000000000130e-02 1.736070000000000002e+00 2.974200000000000177e-01
8.000000000000000000e+00 1.400000000000000029e-02 1.490650000000000031e+00 3.048699999999999743e-01
9.000000000000000000e+00 1.400000000000000029e-02 1.245719999999999938e+00 3.066200000000000037e-01
1.000000000000000000e+01 1.400000000000000029e-02 1.070300000000000029e+00 3.109500000000000042e-01
1.100000000000000000e+01 1.400000000000000029e-02 9.840200000000000058e-01 3.135200000000000209e-01
1.200000000000000000e+01 7.000000000000000146e-03 8.419100000000000472e-01 3.124399999999999955e-01
1.300000000000000000e+01 1.400000000000000029e-02 6.889100000000000223e-01 3.283599999999999852e-01
1.400000000000000000e+01 1.400000000000000029e-02 6.149900000000000366e-01 3.385600000000000276e-01
1.500000000000000000e+01 1.400000000000000029e-02 5.871600000000000152e-01 3.361399999999999944e-01
1.600000000000000000e+01 1.400000000000000029e-02 5.757900000000000240e-01 3.339500000000000246e-01
1.700000000000000000e+01 1.400000000000000029e-02 5.679199999999999804e-01 3.321799999999999753e-01
1.800000000000000000e+01 1.400000000000000029e-02 5.665400000000000436e-01 3.304000000000000270e-01
1.900000000000000000e+01 1.400000000000000029e-02 5.650500000000000522e-01 3.285000000000000142e-01
2.000000000000000000e+01 1.400000000000000029e-02 5.605299999999999727e-01 3.271499999999999964e-01
2.100000000000000000e+01 1.400000000000000029e-02 5.543799999999999839e-01 3.260899999999999910e-01
2.200000000000000000e+01 1.400000000000000029e-02 5.493299999999999850e-01 3.258800000000000030e-01
2.300000000000000000e+01 1.400000000000000029e-02 5.444099999999999495e-01 3.264199999999999879e-01
2.400000000000000000e+01 1.400000000000000029e-02 5.429000000000000492e-01 3.264099999999999779e-01
2.500000000000000000e+01 1.400000000000000029e-02 5.454599999999999449e-01 3.255100000000000215e-01
2.600000000000000000e+01 1.400000000000000029e-02 5.533700000000000285e-01 3.238599999999999812e-01
2.700000000000000000e+01 1.400000000000000029e-02 5.647600000000000398e-01 3.220700000000000229e-01
2.800000000000000000e+01 1.400000000000000029e-02 5.655700000000000172e-01 3.228400000000000158e-01
2.900000000000000000e+01 1.400000000000000029e-02 5.669199999999999795e-01 3.239299999999999957e-01
3.000000000000000000e+01 1.400000000000000029e-02 5.708400000000000141e-01 3.246299999999999741e-01
3.100000000000000000e+01 1.400000000000000029e-02 5.773899999999999588e-01 3.252499999999999836e-01
3.200000000000000000e+01 1.400000000000000029e-02 5.800899999999999945e-01 3.263699999999999934e-01
3.300000000000000000e+01 1.400000000000000029e-02 5.813899999999999624e-01 3.275799999999999823e-01
3.400000000000000000e+01 1.400000000000000029e-02 5.821600000000000108e-01 3.289599999999999747e-01
3.500000000000000000e+01 1.400000000000000029e-02 5.860699999999999799e-01 3.300600000000000200e-01
3.600000000000000000e+01 1.400000000000000029e-02 5.897099999999999564e-01 3.311700000000000199e-01
3.700000000000000000e+01 1.400000000000000029e-02 5.963300000000000267e-01 3.319900000000000073e-01
3.800000000000000000e+01 1.400000000000000029e-02 6.030999999999999694e-01 3.327100000000000057e-01
3.900000000000000000e+01 1.400000000000000029e-02 6.103100000000000191e-01 3.334599999999999786e-01
4.000000000000000000e+01 1.400000000000000029e-02 6.158700000000000285e-01 3.345000000000000195e-01
4.100000000000000000e+01 1.400000000000000029e-02 6.196599999999999886e-01 3.357100000000000084e-01
4.200000000000000000e+01 1.400000000000000029e-02 6.178000000000000158e-01 3.373499999999999832e-01
4.300000000000000000e+01 1.400000000000000029e-02 6.138299999999999867e-01 3.390199999999999880e-01
4.400000000000000000e+01 1.400000000000000029e-02 6.131199999999999983e-01 3.402700000000000169e-01
4.500000000000000000e+01 1.400000000000000029e-02 6.108299999999999841e-01 3.416000000000000147e-01
4.600000000000000000e+01 1.400000000000000029e-02 6.096899999999999542e-01 3.429800000000000071e-01
4.700000000000000000e+01 1.400000000000000029e-02 6.056799999999999962e-01 3.446400000000000019e-01
4.800000000000000000e+01 1.400000000000000029e-02 6.017000000000000126e-01 3.461400000000000032e-01
4.900000000000000000e+01 1.400000000000000029e-02 5.990199999999999969e-01 3.476000000000000201e-01
5.000000000000000000e+01 1.400000000000000029e-02 5.950600000000000334e-01 3.490300000000000069e-01
5.100000000000000000e+01 1.400000000000000029e-02 5.918200000000000127e-01 3.503600000000000048e-01
5.200000000000000000e+01 1.400000000000000029e-02 5.898200000000000109e-01 3.515300000000000091e-01
5.300000000000000000e+01 1.400000000000000029e-02 5.888099999999999445e-01 3.526799999999999935e-01
5.400000000000000000e+01 1.400000000000000029e-02 5.887799999999999701e-01 3.537100000000000244e-01
5.500000000000000000e+01 1.400000000000000029e-02 5.886900000000000466e-01 3.547399999999999998e-01
5.600000000000000000e+01 1.400000000000000029e-02 5.884800000000000031e-01 3.558600000000000096e-01
5.700000000000000000e+01 1.400000000000000029e-02 5.889100000000000446e-01 3.568500000000000005e-01
5.800000000000000000e+01 1.400000000000000029e-02 5.884300000000000086e-01 3.579399999999999804e-01
5.900000000000000000e+01 1.400000000000000029e-02 5.869600000000000373e-01 3.590900000000000203e-01
6.000000000000000000e+01 1.400000000000000029e-02 5.848999999999999755e-01 3.602500000000000147e-01
6.100000000000000000e+01 1.400000000000000029e-02 5.850300000000000500e-01 3.612900000000000000e-01
6.200000000000000000e+01 1.400000000000000029e-02 5.859900000000000109e-01 3.622900000000000009e-01
6.300000000000000000e+01 1.400000000000000029e-02 5.877099999999999547e-01 3.632000000000000228e-01
6.400000000000000000e+01 1.400000000000000029e-02 5.886900000000000466e-01 3.641199999999999992e-01
6.500000000000000000e+01 1.400000000000000029e-02 5.894899999999999585e-01 3.650700000000000056e-01
6.600000000000000000e+01 1.400000000000000029e-02 5.913599999999999968e-01 3.659999999999999920e-01
6.700000000000000000e+01 1.400000000000000029e-02 5.934599999999999875e-01 3.669499999999999984e-01
6.800000000000000000e+01 1.400000000000000029e-02 5.946799999999999864e-01 3.679600000000000093e-01
6.900000000000000000e+01 1.400000000000000029e-02 5.967999999999999972e-01 3.688699999999999757e-01
7.000000000000000000e+01 1.400000000000000029e-02 5.995399999999999618e-01 3.696599999999999886e-01
7.100000000000000000e+01 1.400000000000000029e-02 6.029999999999999805e-01 3.703799999999999870e-01
7.200000000000000000e+01 1.400000000000000029e-02 6.066500000000000226e-01 3.710499999999999909e-01
7.300000000000000000e+01 1.400000000000000029e-02 6.093699999999999672e-01 3.717900000000000094e-01
7.400000000000000000e+01 7.000000000000000146e-03 6.122199999999999864e-01 3.724700000000000233e-01
7.500000000000000000e+01 7.000000000000000146e-03 6.149900000000000366e-01 3.731300000000000172e-01
7.600000000000000000e+01 7.000000000000000146e-03 6.170299999999999674e-01 3.738099999999999756e-01
7.700000000000000000e+01 7.000000000000000146e-03 6.194300000000000361e-01 3.744600000000000151e-01
7.800000000000000000e+01 7.000000000000000146e-03 6.219599999999999573e-01 3.750700000000000145e-01
7.900000000000000000e+01 7.000000000000000146e-03 6.248500000000000165e-01 3.756300000000000194e-01
8.000000000000000000e+01 7.000000000000000146e-03 6.278500000000000192e-01 3.761700000000000044e-01
8.100000000000000000e+01 7.000000000000000146e-03 6.300200000000000244e-01 3.767800000000000038e-01
8.200000000000000000e+01 7.000000000000000146e-03 6.323600000000000332e-01 3.774100000000000232e-01
8.300000000000000000e+01 7.000000000000000146e-03 6.355899999999999883e-01 3.779899999999999927e-01
8.400000000000000000e+01 7.000000000000000146e-03 6.390299999999999869e-01 3.785700000000000176e-01
8.500000000000000000e+01 7.000000000000000146e-03 6.426500000000000545e-01 3.791399999999999770e-01
8.600000000000000000e+01 7.000000000000000146e-03 6.463600000000000456e-01 3.796999999999999820e-01
8.700000000000000000e+01 7.000000000000000146e-03 6.496899999999999897e-01 3.803099999999999814e-01
8.800000000000000000e+01 7.000000000000000146e-03 6.518000000000000460e-01 3.809500000000000108e-01
8.900000000000000000e+01 7.000000000000000146e-03 6.539000000000000368e-01 3.815999999999999948e-01
9.000000000000000000e+01 7.000000000000000146e-03 6.552299999999999791e-01 3.822900000000000187e-01
9.100000000000000000e+01 7.000000000000000146e-03 6.559700000000000530e-01 3.829899999999999971e-01
9.200000000000000000e+01 7.000000000000000146e-03 6.561200000000000365e-01 3.837099999999999955e-01
9.300000000000000000e+01 7.000000000000000146e-03 6.568699999999999539e-01 3.844299999999999939e-01
9.400000000000000000e+01 7.000000000000000146e-03 6.571299999999999919e-01 3.852300000000000169e-01
9.500000000000000000e+01 7.000000000000000146e-03 6.572200000000000264e-01 3.860799999999999788e-01
9.600000000000000000e+01 7.000000000000000146e-03 6.577899999999999858e-01 3.869000000000000217e-01
9.700000000000000000e+01 7.000000000000000146e-03 6.586499999999999577e-01 3.876899999999999791e-01
9.800000000000000000e+01 7.000000000000000146e-03 6.592599999999999572e-01 3.884799999999999920e-01
9.900000000000000000e+01 7.000000000000000146e-03 6.600000000000000311e-01 3.892200000000000104e-01
1.000000000000000000e+02 7.000000000000000146e-03 6.610300000000000065e-01 3.899500000000000188e-01
1.010000000000000000e+02 7.000000000000000146e-03 6.624499999999999833e-01 3.906700000000000172e-01
1.020000000000000000e+02 7.000000000000000146e-03 6.638500000000000512e-01 3.913699999999999957e-01
1.030000000000000000e+02 7.000000000000000146e-03 6.656999999999999584e-01 3.920199999999999796e-01
1.040000000000000000e+02 7.000000000000000146e-03 6.680000000000000382e-01 3.926600000000000090e-01
1.050000000000000000e+02 7.000000000000000146e-03 6.705499999999999794e-01 3.932899999999999729e-01
1.060000000000000000e+02 7.000000000000000146e-03 6.729199999999999626e-01 3.939099999999999824e-01
1.070000000000000000e+02 7.000000000000000146e-03 6.753700000000000259e-01 3.945199999999999818e-01
1.080000000000000000e+02 7.000000000000000146e-03 6.776600000000000401e-01 3.951299999999999812e-01
1.090000000000000000e+02 7.000000000000000146e-03 6.798499999999999543e-01 3.957300000000000262e-01
1.100000000000000000e+02 7.000000000000000146e-03 6.822599999999999776e-01 3.963200000000000056e-01
1.110000000000000000e+02 7.000000000000000146e-03 6.841899999999999649e-01 3.969400000000000150e-01
1.120000000000000000e+02 7.000000000000000146e-03 6.860300000000000287e-01 3.975500000000000145e-01
1.130000000000000000e+02 7.000000000000000146e-03 6.874700000000000255e-01 3.981700000000000239e-01
1.140000000000000000e+02 7.000000000000000146e-03 6.888400000000000079e-01 3.987800000000000233e-01
1.150000000000000000e+02 7.000000000000000146e-03 6.903099999999999792e-01 3.993900000000000228e-01
1.160000000000000000e+02 7.000000000000000146e-03 6.920300000000000340e-01 3.999500000000000277e-01
1.170000000000000000e+02 7.000000000000000146e-03 6.939899999999999958e-01 4.004699999999999926e-01
1.180000000000000000e+02 7.000000000000000146e-03 6.961600000000000010e-01 4.009599999999999831e-01
1.190000000000000000e+02 7.000000000000000146e-03 6.984000000000000208e-01 4.014099999999999890e-01
1.200000000000000000e+02 7.000000000000000146e-03 7.012599999999999945e-01 4.017899999999999805e-01
