1.000000000000000000e+00 7.000000000000000146e-03 1.102659999999999973e+00 2.239800000000000124e-01
2.000000000000000000e+00 1.320000000000000062e-01 4.737180000000000391e+00 7.449700000000000211e-01
3.000000000000000000e+00 1.320000000000000062e-01 4.680469999999999686e+00 7.475699999999999568e-01
4.000000000000000000e+00 1.670000000000000095e-01 6.346840000000000259e+00 3.411799999999999833e-01
5.000000000000000000e+00 1.039999999999999952e-01 4.566119999999999735e+00 5.788699999999999957e-01
6.000000000000000000e+00 9.700000000000000289e-02 4.540829999999999700e+00 5.749499999999999611e-01
7.000000000000000000e+00 9.700000000000000289e-02 4.527059999999999640e+00 5.776499999999999968e-01
8.000000000000000000e+00 2.149999999999999967e-01 6.323000000000000398e+00 3.051800000000000068e-01
9.000000000000000000e+00 9.700000000000000289e-02 4.526040000000000063e+00 5.872399999999999842e-01
1.000000000000000000e+01 9.700000000000000289e-02 4.533220000000000027e+00 5.939100000000000490e-01
1.100000000000000000e+01 9.700000000000000289e-02 4.544290000000000163e+00 6.004899999999999682e-01
1.200000000000000000e+01 9.700000000000000289e-02 4.552760000000000140e+00 6.083100000000000174e-01
1.300000000000000000e+01 9.700000000000000289e-02 4.560929999999999929e+00 6.164600000000000080e-01
1.400000000000000000e+01 0.000000000000000000e+00 8.270899999999999919e-01 3.717500000000000249e-01
1.500000000000000000e+01 9.700000000000000289e-02 4.592710000000000292e+00 6.281900000000000261e-01
1.600000000000000000e+01 9.700000000000000289e-02 4.607759999999999856e+00 6.330200000000000271e-01
1.700000000000000000e+01 9.700000000000000289e-02 4.619909999999999961e+00 6.384400000000000075e-01
1.800000000000000000e+01 9.700000000000000289e-02 4.629269999999999996e+00 6.436199999999999699e-01
1.900000000000000000e+01 9.700000000000000289e-02 4.641000000000000014e+00 6.477100000000000080e-01
2.000000000000000000e+01 9.700000000000000289e-02 4.652790000000000425e+00 6.513200000000000101e-01
2.100000000000000000e+01 9.700000000000000289e-02 4.667790000000000106e+00 6.546499999999999542e-01
2.200000000000000000e+01 1.739999999999999880e-01 4.775850000000000151e+00 8.642300000000000537e-01
2.300000000000000000e+01 9.700000000000000289e-02 4.700639999999999930e+00 6.617100000000000204e-01
2.400000000000000000e+01 9.700000000000000289e-02 4.715029999999999610e+00 6.655100000000000460e-01
2.500000000000000000e+01 1.039999999999999952e-01 4.728699999999999903e+00 6.693200000000000260e-01
2.600000000000000000e+01 1.039999999999999952e-01 4.741719999999999935e+00 6.730000000000000426e-01
2.700000000000000000e+01 1.039999999999999952e-01 4.751500000000000057e+00 6.765499999999999847e-01
2.800000000000000000e+01 1.039999999999999952e-01 4.759019999999999584e+00 6.801800000000000068e-01
2.900000000000000000e+01 1.039999999999999952e-01 4.765399999999999636e+00 6.839300000000000379e-01
3.000000000000000000e+01 1.039999999999999952e-01 4.770909999999999762e+00 6.879499999999999504e-01
3.100000000000000000e+01 1.039999999999999952e-01 4.775059999999999860e+00 6.916400000000000325e-01
3.200000000000000000e+01 1.039999999999999952e-01 4.777420000000000222e+00 6.949300000000000477e-01
3.300000000000000000e+01 1.039999999999999952e-01 4.780160000000000409e+00 6.978499999999999703e-01
3.400000000000000000e+01 1.039999999999999952e-01 4.783319999999999794e+00 7.003200000000000536e-01
3.500000000000000000e+01 1.039999999999999952e-01 4.787499999999999645e+00 7.023899999999999588e-01
3.600000000000000000e+01 1.039999999999999952e-01 4.792639999999999567e+00 7.042800000000000171e-01
3.700000000000000000e+01 1.039999999999999952e-01 4.797719999999999985e+00 7.059900000000000064e-01
3.800000000000000000e+01 1.039999999999999952e-01 4.802880000000000038e+00 7.076000000000000068e-01
3.900000000000000000e+01 1.039999999999999952e-01 4.808639999999999581e+00 7.089499999999999691e-01
4.000000000000000000e+01 1.039999999999999952e-01 4.814530000000000420e+00 7.100300000000000500e-01
4.100000000000000000e+01 1.039999999999999952e-01 4.820710000000000051e+00 7.105900000000000549e-01
4.200000000000000000e+01 1.039999999999999952e-01 4.826559999999999739e+00 7.110499999999999599e-01
4.300000000000000000e+01 1.039999999999999952e-01 4.832740000000000258e+00 7.111699999999999688e-01
4.400000000000000000e+01 1.039999999999999952e-01 4.839179999999999815e+00 7.109100000000000419e-01
4.500000000000000000e+01 1.039999999999999952e-01 4.846000000000000085e+00 7.100600000000000245e-01
4.600000000000000000e+01 1.039999999999999952e-01 4.852990000000000137e+00 7.093199999999999505e-01
4.700000000000000000e+01 1.039999999999999952e-01 4.860210000000000363e+00 7.086799999999999766e-01
4.800000000000000000e+01 1.039999999999999952e-01 4.867300000000000182e+00 7.079800000000000537e-01
4.900000000000000000e+01 1.039999999999999952e-01 4.874719999999999942e+00 7.070999999999999508e-01
5.000000000000000000e+01 1.039999999999999952e-01 4.882220000000000226e+00 7.063599999999999879e-01
5.100000000000000000e+01 1.739999999999999880e-01 5.146020000000000039e+00 7.327000000000000179e-01
5.200000000000000000e+01 1.739999999999999880e-01 5.160120000000000040e+00 7.308599999999999541e-01
5.300000000000000000e+01 1.039999999999999952e-01 4.901729999999999698e+00 7.047700000000000076e-01
5.400000000000000000e+01 1.039999999999999952e-01 4.907759999999999678e+00 7.041399999999999881e-01
5.500000000000000000e+01 1.039999999999999952e-01 4.913470000000000226e+00 7.036599999999999522e-01
5.600000000000000000e+01 1.039999999999999952e-01 4.918870000000000076e+00 7.033000000000000362e-01
5.700000000000000000e+01 1.039999999999999952e-01 4.923910000000000231e+00 7.029199999999999893e-01
5.800000000000000000e+01 1.039999999999999952e-01 4.928790000000000227e+00 7.025700000000000278e-01
5.900000000000000000e+01 1.039999999999999952e-01 4.933309999999999640e+00 7.023899999999999588e-01
6.000000000000000000e+01 1.039999999999999952e-01 4.936930000000000263e+00 7.024799999999999933e-01
6.100000000000000000e+01 1.039999999999999952e-01 4.940509999999999735e+00 7.025599999999999623e-01
6.200000000000000000e+01 1.039999999999999952e-01 4.944289999999999630e+00 7.024399999999999533e-01
6.300000000000000000e+01 1.039999999999999952e-01 4.947680000000000078e+00 7.023500000000000298e-01
6.400000000000000000e+01 1.039999999999999952e-01 4.951299999999999812e+00 7.020899999999999919e-01
6.500000000000000000e+01 1.039999999999999952e-01 4.955379999999999896e+00 7.016599999999999504e-01
6.600000000000000000e+01 1.110000000000000014e-01 4.959629999999999761e+00 7.013000000000000345e-01
6.700000000000000000e+01 1.110000000000000014e-01 4.963619999999999699e+00 7.009400000000000075e-01
6.800000000000000000e+01 1.110000000000000014e-01 4.966719999999999580e+00 7.006900000000000350e-01
6.900000000000000000e+01 1.110000000000000014e-01 4.969610000000000305e+00 7.005299999999999860e-01
7.000000000000000000e+01 1.110000000000000014e-01 4.972220000000000084e+00 7.003800000000000026e-01
7.100000000000000000e+01 1.110000000000000014e-01 4.974660000000000082e+00 7.002199999999999536e-01
7.200000000000000000e+01 1.110000000000000014e-01 4.977100000000000080e+00 7.000399999999999956e-01
7.300000000000000000e+01 1.110000000000000014e-01 4.979359999999999786e+00 6.998100000000000431e-01
7.400000000000000000e+01 1.110000000000000014e-01 4.981419999999999959e+00 6.995500000000000052e-01
7.500000000000000000e+01 1.110000000000000014e-01 4.983469999999999622e+00 6.992199999999999527e-01
7.600000000000000000e+01 1.110000000000000014e-01 4.985520000000000174e+00 6.988999999999999657e-01
7.700000000000000000e+01 1.739999999999999880e-01 5.456830000000000069e+00 7.005500000000000060e-01
7.800000000000000000e+01 1.110000000000000014e-01 4.989359999999999573e+00 6.984399999999999498e-01
7.900000000000000000e+01 1.110000000000000014e-01 4.991240000000000343e+00 6.981300000000000283e-01
8.000000000000000000e+01 1.110000000000000014e-01 4.993019999999999570e+00 6.978199999999999958e-01
8.100000000000000000e+01 1.110000000000000014e-01 4.994710000000000427e+00 6.974700000000000344e-01
8.200000000000000000e+01 1.110000000000000014e-01 4.996330000000000382e+00 6.971399999999999819e-01
8.300000000000000000e+01 1.110000000000000014e-01 4.997799999999999798e+00 6.968299999999999494e-01
8.400000000000000000e+01 1.110000000000000014e-01 4.999050000000000438e+00 6.965599999999999570e-01
8.500000000000000000e+01 1.110000000000000014e-01 5.000539999999999985e+00 6.962899999999999645e-01
8.600000000000000000e+01 1.110000000000000014e-01 5.002069999999999794e+00 6.961000000000000520e-01
8.700000000000000000e+01 1.110000000000000014e-01 5.003529999999999589e+00 6.959999999999999520e-01
8.800000000000000000e+01 1.110000000000000014e-01 5.005160000000000053e+00 6.958999999999999631e-01
8.900000000000000000e+01 1.110000000000000014e-01 5.006669999999999732e+00 6.958499999999999686e-01
9.000000000000000000e+01 1.739999999999999880e-01 5.574069999999999858e+00 6.899600000000000177e-01
9.100000000000000000e+01 1.110000000000000014e-01 5.009559999999999569e+00 6.958499999999999686e-01
9.200000000000000000e+01 1.110000000000000014e-01 5.011090000000000266e+00 6.957999999999999741e-01
9.300000000000000000e+01 1.110000000000000014e-01 5.012430000000000163e+00 6.957200000000000051e-01
9.400000000000000000e+01 1.110000000000000014e-01 5.013580000000000148e+00 6.956599999999999451e-01
9.500000000000000000e+01 1.110000000000000014e-01 5.014610000000000234e+00 6.955400000000000471e-01
9.600000000000000000e+01 1.110000000000000014e-01 5.015629999999999811e+00 6.953799999999999981e-01
9.700000000000000000e+01 1.110000000000000014e-01 5.016569999999999752e+00 6.951399999999999801e-01
9.800000000000000000e+01 1.110000000000000014e-01 5.017649999999999721e+00 6.949499999999999567e-01
9.900000000000000000e+01 1.110000000000000014e-01 5.018539999999999779e+00 6.947900000000000187e-01
1.000000000000000000e+02 1.110000000000000014e-01 5.019099999999999895e+00 6.947200000000000042e-01
1.010000000000000000e+02 1.110000000000000014e-01 5.019359999999999822e+00 6.945999999999999952e-01
1.020000000000000000e+02 1.110000000000000014e-01 5.020030000000000214e+00 6.944599999999999662e-01
1.030000000000000000e+02 1.110000000000000014e-01 5.020669999999999966e+00 6.943500000000000227e-01
1.040000000000000000e+02 1.110000000000000014e-01 5.021139999999999937e+00 6.942599999999999882e-01
1.050000000000000000e+02 1.739999999999999880e-01 5.690240000000000187e+00 6.794599999999999529e-01
1.060000000000000000e+02 1.110000000000000014e-01 5.022020000000000373e+00 6.941100000000000048e-01
1.070000000000000000e+02 1.110000000000000014e-01 5.022509999999999586e+00 6.940100000000000158e-01
1.080000000000000000e+02 1.110000000000000014e-01 5.022929999999999673e+00 6.939499999999999558e-01
1.090000000000000000e+02 1.110000000000000014e-01 5.023290000000000255e+00 6.938900000000000068e-01
1.100000000000000000e+02 1.110000000000000014e-01 5.023590000000000444e+00 6.938299999999999468e-01
1.110000000000000000e+02 1.110000000000000014e-01 5.023819999999999730e+00 6.937799999999999523e-01
1.120000000000000000e+02 1.110000000000000014e-01 5.024079999999999657e+00 6.937400000000000233e-01
1.130000000000000000e+02 1.110000000000000014e-01 5.024219999999999686e+00 6.937200000000000033e-01
1.140000000000000000e+02 1.110000000000000014e-01 5.024269999999999570e+00 6.936700000000000088e-01
1.150000000000000000e+02 1.110000000000000014e-01 5.024359999999999715e+00 6.935200000000000253e-01
1.160000000000000000e+02 1.110000000000000014e-01 5.024420000000000108e+00 6.934200000000000363e-01
1.170000000000000000e+02 1.110000000000000014e-01 5.024469999999999992e+00 6.933300000000000018e-01
1.180000000000000000e+02 1.110000000000000014e-01 5.024530000000000385e+00 6.932399999999999674e-01
1.190000000000000000e+02 1.110000000000000014e-01 5.024659999999999904e+00 6.931699999999999529e-01
1.200000000000000000e+02 1.110000000000000014e-01 5.024750000000000050e+00 6.931000000000000494e-01
