1.000000000000000000e+00 1.880000000000000004e-01 4.382270000000000110e+00 5.515400000000000302e-01
2.000000000000000000e+00 1.670000000000000095e-01 3.653119999999999923e+00 6.377500000000000391e-01
3.000000000000000000e+00 1.670000000000000095e-01 2.765299999999999869e+00 3.068799999999999861e-01
4.000000000000000000e+00 1.670000000000000095e-01 2.765299999999999869e+00 3.068799999999999861e-01
5.000000000000000000e+00 1.670000000000000095e-01 2.765299999999999869e+00 3.068799999999999861e-01
6.000000000000000000e+00 1.940000000000000058e-01 2.855900000000000105e+00 4.782699999999999729e-01
7.000000000000000000e+00 1.670000000000000095e-01 2.765299999999999869e+00 3.068799999999999861e-01
8.000000000000000000e+00 1.670000000000000095e-01 2.765299999999999869e+00 3.068799999999999861e-01
9.000000000000000000e+00 1.670000000000000095e-01 2.765299999999999869e+00 3.068799999999999861e-01
1.000000000000000000e+01 1.670000000000000095e-01 2.765299999999999869e+00 3.068799999999999861e-01
1.100000000000000000e+01 1.670000000000000095e-01 2.765299999999999869e+00 3.068799999999999861e-01
1.200000000000000000e+01 1.670000000000000095e-01 2.765299999999999869e+00 3.068799999999999861e-01
1.300000000000000000e+01 1.670000000000000095e-01 2.765299999999999869e+00 3.068799999999999861e-01
1.400000000000000000e+01 1.670000000000000095e-01 2.765299999999999869e+00 3.068799999999999861e-01
1.500000000000000000e+01 1.670000000000000095e-01 2.765299999999999869e+00 3.068799999999999861e-01
1.600000000000000000e+01 1.670000000000000095e-01 2.765299999999999869e+00 3.068799999999999861e-01
1.700000000000000000e+01 1.880000000000000004e-01 3.672620000000000218e+00 3.942899999999999738e-01
1.800000000000000000e+01 1.600000000000000033e-01 3.666589999999999794e+00 7.579900000000000526e-01
1.900000000000000000e+01 1.739999999999999880e-01 3.151670000000000194e+00 4.157399999999999984e-01
2.000000000000000000e+01 1.739999999999999880e-01 3.151670000000000194e+00 4.157399999999999984e-01
2.100000000000000000e+01 1.739999999999999880e-01 3.151670000000000194e+00 4.157399999999999984e-01
2.200000000000000000e+01 1.739999999999999880e-01 3.151670000000000194e+00 4.157399999999999984e-01
2.300000000000000000e+01 1.739999999999999880e-01 3.151670000000000194e+00 4.157399999999999984e-01
2.400000000000000000e+01 1.739999999999999880e-01 3.151670000000000194e+00 4.157399999999999984e-01
2.500000000000000000e+01 1.739999999999999880e-01 3.151670000000000194e+00 4.157399999999999984e-01
2.600000000000000000e+01 1.739999999999999880e-01 3.151670000000000194e+00 4.157399999999999984e-01
2.700000000000000000e+01 1.739999999999999880e-01 3.151670000000000194e+00 4.157399999999999984e-01
2.800000000000000000e+01 1.739999999999999880e-01 3.151670000000000194e+00 4.157399999999999984e-01
2.900000000000000000e+01 1.739999999999999880e-01 3.151670000000000194e+00 4.157399999999999984e-01
3.000000000000000000e+01 1.739999999999999880e-01 3.151670000000000194e+00 4.157399999999999984e-01
3.100000000000000000e+01 1.739999999999999880e-01 3.151670000000000194e+00 4.157399999999999984e-01
3.200000000000000000e+01 1.739999999999999880e-01 3.151670000000000194e+00 4.157399999999999984e-01
3.300000000000000000e+01 1.739999999999999880e-01 3.151670000000000194e+00 4.157399999999999984e-01
3.400000000000000000e+01 1.739999999999999880e-01 3.151670000000000194e+00 4.157399999999999984e-01
3.500000000000000000e+01 1.739999999999999880e-01 3.151670000000000194e+00 4.157399999999999984e-01
3.600000000000000000e+01 1.739999999999999880e-01 3.151670000000000194e+00 4.157399999999999984e-01
3.700000000000000000e+01 1.739999999999999880e-01 3.151670000000000194e+00 4.157399999999999984e-01
3.800000000000000000e+01 1.739999999999999880e-01 3.151670000000000194e+00 4.157399999999999984e-01
3.900000000000000000e+01 1.739999999999999880e-01 2.409969999999999946e+00 6.041499999999999648e-01
4.000000000000000000e+01 1.739999999999999880e-01 3.151670000000000194e+00 4.157399999999999984e-01
4.100000000000000000e+01 1.739999999999999880e-01 3.151670000000000194e+00 4.157399999999999984e-01
4.200000000000000000e+01 1.739999999999999880e-01 3.151670000000000194e+00 4.157399999999999984e-01
4.300000000000000000e+01 1.739999999999999880e-01 3.151670000000000194e+00 4.157399999999999984e-01
4.400000000000000000e+01 1.739999999999999880e-01 3.151670000000000194e+00 4.157399999999999984e-01
4.500000000000000000e+01 1.739999999999999880e-01 3.151670000000000194e+00 4.157399999999999984e-01
4.600000000000000000e+01 1.739999999999999880e-01 3.151670000000000194e+00 4.157399999999999984e-01
4.700000000000000000e+01 1.739999999999999880e-01 3.151670000000000194e+00 4.157399999999999984e-01
4.800000000000000000e+01 1.739999999999999880e-01 3.151670000000000194e+00 4.157399999999999984e-01
4.900000000000000000e+01 1.940000000000000058e-01 2.855900000000000105e+00 4.782699999999999729e-01
5.000000000000000000e+01 1.940000000000000058e-01 2.855900000000000105e+00 4.782699999999999729e-01
5.100000000000000000e+01 1.940000000000000058e-01 2.855900000000000105e+00 4.782699999999999729e-01
5.200000000000000000e+01 1.940000000000000058e-01 2.855900000000000105e+00 4.782699999999999729e-01
5.300000000000000000e+01 1.940000000000000058e-01 2.855900000000000105e+00 4.782699999999999729e-01
5.400000000000000000e+01 1.940000000000000058e-01 2.855900000000000105e+00 4.782699999999999729e-01
5.500000000000000000e+01 1.940000000000000058e-01 2.855900000000000105e+00 4.782699999999999729e-01
5.600000000000000000e+01 1.940000000000000058e-01 2.855900000000000105e+00 4.782699999999999729e-01
5.700000000000000000e+01 1.940000000000000058e-01 2.855900000000000105e+00 4.782699999999999729e-01
5.800000000000000000e+01 1.940000000000000058e-01 2.855900000000000105e+00 4.782699999999999729e-01
5.900000000000000000e+01 1.940000000000000058e-01 2.855900000000000105e+00 4.782699999999999729e-01
6.000000000000000000e+01 1.940000000000000058e-01 2.855900000000000105e+00 4.782699999999999729e-01
6.100000000000000000e+01 1.940000000000000058e-01 2.855900000000000105e+00 4.782699999999999729e-01
6.200000000000000000e+01 1.940000000000000058e-01 2.855900000000000105e+00 4.782699999999999729e-01
6.300000000000000000e+01 1.940000000000000058e-01 2.855900000000000105e+00 4.782699999999999729e-01
6.400000000000000000e+01 1.940000000000000058e-01 2.855900000000000105e+00 4.782699999999999729e-01
6.500000000000000000e+01 1.940000000000000058e-01 2.855900000000000105e+00 4.782699999999999729e-01
6.600000000000000000e+01 1.940000000000000058e-01 2.855900000000000105e+00 4.782699999999999729e-01
6.700000000000000000e+01 1.940000000000000058e-01 2.855900000000000105e+00 4.782699999999999729e-01
6.800000000000000000e+01 1.940000000000000058e-01 2.855900000000000105e+00 4.782699999999999729e-01
6.900000000000000000e+01 1.940000000000000058e-01 2.855900000000000105e+00 4.782699999999999729e-01
7.000000000000000000e+01 1.940000000000000058e-01 2.855900000000000105e+00 4.782699999999999729e-01
7.100000000000000000e+01 1.940000000000000058e-01 2.855900000000000105e+00 4.782699999999999729e-01
7.200000000000000000e+01 1.940000000000000058e-01 2.855900000000000105e+00 4.782699999999999729e-01
7.300000000000000000e+01 1.940000000000000058e-01 2.855900000000000105e+00 4.782699999999999729e-01
7.400000000000000000e+01 1.940000000000000058e-01 2.855900000000000105e+00 4.782699999999999729e-01
7.500000000000000000e+01 1.940000000000000058e-01 2.855900000000000105e+00 4.782699999999999729e-01
7.600000000000000000e+01 1.940000000000000058e-01 2.855900000000000105e+00 4.782699999999999729e-01
7.700000000000000000e+01 1.940000000000000058e-01 2.855900000000000105e+00 4.782699999999999729e-01
7.800000000000000000e+01 1.940000000000000058e-01 2.855900000000000105e+00 4.782699999999999729e-01
7.900000000000000000e+01 1.940000000000000058e-01 2.855900000000000105e+00 4.782699999999999729e-01
8.000000000000000000e+01 1.940000000000000058e-01 2.855900000000000105e+00 4.782699999999999729e-01
8.100000000000000000e+01 1.940000000000000058e-01 2.855900000000000105e+00 4.782699999999999729e-01
8.200000000000000000e+01 1.940000000000000058e-01 2.855900000000000105e+00 4.782699999999999729e-01
8.300000000000000000e+01 1.940000000000000058e-01 2.855900000000000105e+00 4.782699999999999729e-01
8.400000000000000000e+01 1.940000000000000058e-01 2.855900000000000105e+00 4.782699999999999729e-01
8.500000000000000000e+01 1.940000000000000058e-01 2.855900000000000105e+00 4.782699999999999729e-01
8.600000000000000000e+01 1.940000000000000058e-01 2.855900000000000105e+00 4.782699999999999729e-01
8.700000000000000000e+01 1.940000000000000058e-01 2.855900000000000105e+00 4.782699999999999729e-01
8.800000000000000000e+01 1.940000000000000058e-01 2.855900000000000105e+00 4.782699999999999729e-01
8.900000000000000000e+01 1.940000000000000058e-01 2.855900000000000105e+00 4.782699999999999729e-01
9.000000000000000000e+01 1.940000000000000058e-01 2.855900000000000105e+00 4.782699999999999729e-01
9.100000000000000000e+01 1.940000000000000058e-01 2.855900000000000105e+00 4.782699999999999729e-01
9.200000000000000000e+01 1.940000000000000058e-01 2.855900000000000105e+00 4.782699999999999729e-01
9.300000000000000000e+01 1.940000000000000058e-01 2.855900000000000105e+00 4.782699999999999729e-01
9.400000000000000000e+01 1.940000000000000058e-01 2.855900000000000105e+00 4.782699999999999729e-01
9.500000000000000000e+01 1.940000000000000058e-01 2.855900000000000105e+00 4.782699999999999729e-01
9.600000000000000000e+01 1.940000000000000058e-01 2.855900000000000105e+00 4.782699999999999729e-01
9.700000000000000000e+01 1.940000000000000058e-01 2.855900000000000105e+00 4.782699999999999729e-01
9.800000000000000000e+01 1.940000000000000058e-01 2.855900000000000105e+00 4.782699999999999729e-01
9.900000000000000000e+01 1.940000000000000058e-01 2.855900000000000105e+00 4.782699999999999729e-01
1.000000000000000000e+02 1.940000000000000058e-01 2.855900000000000105e+00 4.782699999999999729e-01
1.010000000000000000e+02 1.940000000000000058e-01 2.855900000000000105e+00 4.782699999999999729e-01
1.020000000000000000e+02 1.940000000000000058e-01 2.855900000000000105e+00 4.782699999999999729e-01
1.030000000000000000e+02 1.940000000000000058e-01 2.855900000000000105e+00 4.782699999999999729e-01
1.040000000000000000e+02 1.940000000000000058e-01 2.855900000000000105e+00 4.782699999999999729e-01
1.050000000000000000e+02 1.940000000000000058e-01 2.855900000000000105e+00 4.782699999999999729e-01
1.060000000000000000e+02 1.940000000000000058e-01 2.855900000000000105e+00 4.782699999999999729e-01
1.070000000000000000e+02 1.940000000000000058e-01 2.855900000000000105e+00 4.782699999999999729e-01
1.080000000000000000e+02 1.940000000000000058e-01 2.855900000000000105e+00 4.782699999999999729e-01
1.090000000000000000e+02 1.940000000000000058e-01 2.855900000000000105e+00 4.782699999999999729e-01
1.100000000000000000e+02 1.940000000000000058e-01 2.855900000000000105e+00 4.782699999999999729e-01
1.110000000000000000e+02 1.940000000000000058e-01 2.855900000000000105e+00 4.782699999999999729e-01
1.120000000000000000e+02 1.940000000000000058e-01 2.855900000000000105e+00 4.782699999999999729e-01
1.130000000000000000e+02 1.940000000000000058e-01 2.855900000000000105e+00 4.782699999999999729e-01
1.140000000000000000e+02 1.940000000000000058e-01 2.855900000000000105e+00 4.782699999999999729e-01
1.150000000000000000e+02 1.940000000000000058e-01 2.855900000000000105e+00 4.782699999999999729e-01
1.160000000000000000e+02 1.940000000000000058e-01 2.855900000000000105e+00 4.782699999999999729e-01
1.170000000000000000e+02 1.940000000000000058e-01 2.855900000000000105e+00 4.782699999999999729e-01
1.180000000000000000e+02 1.940000000000000058e-01 2.855900000000000105e+00 4.782699999999999729e-01
1.190000000000000000e+02 1.940000000000000058e-01 2.855900000000000105e+00 4.782699999999999729e-01
1.200000000000000000e+02 1.940000000000000058e-01 2.855900000000000105e+00 4.782699999999999729e-01
