1.000000000000000000e+00 1.940000000000000058e-01 5.448000000000000398e+00 2.723700000000000010e-01
2.000000000000000000e+00 1.529999999999999971e-01 7.058729999999999727e+00 7.810300000000000020e-01
3.000000000000000000e+00 1.600000000000000033e-01 6.784489999999999910e+00 7.474300000000000388e-01
4.000000000000000000e+00 1.670000000000000095e-01 7.115829999999999878e+00 6.387800000000000145e-01
5.000000000000000000e+00 1.600000000000000033e-01 7.346589999999999954e+00 6.041600000000000303e-01
6.000000000000000000e+00 1.600000000000000033e-01 5.236239999999999561e+00 3.178500000000000214e-01
7.000000000000000000e+00 1.600000000000000033e-01 7.728320000000000078e+00 6.118700000000000250e-01
8.000000000000000000e+00 1.529999999999999971e-01 8.248770000000000380e+00 4.781599999999999739e-01
9.000000000000000000e+00 1.940000000000000058e-01 8.325260000000000105e+00 1.683699999999999919e-01
1.000000000000000000e+01 1.809999999999999942e-01 6.855579999999999785e+00 1.200999999999999984e-01
1.100000000000000000e+01 1.809999999999999942e-01 6.150890000000000413e+00 1.136899999999999994e-01
1.200000000000000000e+01 1.809999999999999942e-01 5.883539999999999992e+00 1.122800000000000048e-01
1.300000000000000000e+01 1.809999999999999942e-01 5.768440000000000012e+00 1.149300000000000044e-01
1.400000000000000000e+01 1.809999999999999942e-01 5.672480000000000189e+00 1.179700000000000054e-01
1.500000000000000000e+01 1.809999999999999942e-01 5.706669999999999909e+00 1.213499999999999995e-01
1.600000000000000000e+01 1.809999999999999942e-01 5.746669999999999945e+00 1.226499999999999951e-01
1.700000000000000000e+01 1.880000000000000004e-01 7.910890000000000200e+00 1.867399999999999893e-01
1.800000000000000000e+01 1.670000000000000095e-01 7.606969999999999565e+00 2.355399999999999994e-01
1.900000000000000000e+01 1.600000000000000033e-01 7.382100000000000328e+00 2.612300000000000177e-01
2.000000000000000000e+01 1.600000000000000033e-01 7.203299999999999592e+00 2.806100000000000261e-01
2.100000000000000000e+01 1.600000000000000033e-01 7.139269999999999783e+00 2.906599999999999739e-01
2.200000000000000000e+01 1.600000000000000033e-01 7.166409999999999947e+00 2.921400000000000108e-01
2.300000000000000000e+01 1.600000000000000033e-01 7.173239999999999839e+00 2.947699999999999765e-01
2.400000000000000000e+01 1.600000000000000033e-01 7.175080000000000346e+00 2.979499999999999926e-01
2.500000000000000000e+01 1.600000000000000033e-01 7.175410000000000288e+00 3.018500000000000072e-01
2.600000000000000000e+01 1.600000000000000033e-01 7.190290000000000070e+00 3.030100000000000016e-01
2.700000000000000000e+01 1.670000000000000095e-01 7.211710000000000065e+00 3.002699999999999814e-01
2.800000000000000000e+01 1.670000000000000095e-01 7.234090000000000131e+00 2.969800000000000217e-01
2.900000000000000000e+01 1.670000000000000095e-01 7.251490000000000435e+00 2.963600000000000123e-01
3.000000000000000000e+01 1.670000000000000095e-01 7.279300000000000104e+00 2.926900000000000057e-01
3.100000000000000000e+01 1.670000000000000095e-01 7.279600000000000293e+00 2.934800000000000186e-01
3.200000000000000000e+01 1.670000000000000095e-01 7.268180000000000085e+00 2.958999999999999964e-01
3.300000000000000000e+01 1.670000000000000095e-01 7.225279999999999703e+00 3.036300000000000110e-01
3.400000000000000000e+01 1.670000000000000095e-01 7.201679999999999637e+00 3.092099999999999849e-01
3.500000000000000000e+01 1.670000000000000095e-01 7.161380000000000301e+00 3.172200000000000020e-01
3.600000000000000000e+01 1.670000000000000095e-01 7.115079999999999849e+00 3.284900000000000042e-01
3.700000000000000000e+01 1.670000000000000095e-01 7.056049999999999933e+00 3.426600000000000201e-01
3.800000000000000000e+01 1.670000000000000095e-01 6.989220000000000432e+00 3.583200000000000274e-01
3.900000000000000000e+01 1.670000000000000095e-01 6.903260000000000396e+00 3.804500000000000104e-01
4.000000000000000000e+01 1.670000000000000095e-01 6.798689999999999678e+00 4.077700000000000213e-01
4.100000000000000000e+01 1.600000000000000033e-01 6.706570000000000142e+00 4.376300000000000190e-01
4.200000000000000000e+01 1.529999999999999971e-01 6.616850000000000342e+00 4.627000000000000002e-01
4.300000000000000000e+01 1.600000000000000033e-01 6.534320000000000128e+00 4.795900000000000163e-01
4.400000000000000000e+01 1.600000000000000033e-01 6.443640000000000256e+00 4.933100000000000263e-01
4.500000000000000000e+01 1.600000000000000033e-01 6.366240000000000343e+00 4.962500000000000244e-01
4.600000000000000000e+01 1.529999999999999971e-01 6.263320000000000221e+00 4.772500000000000075e-01
4.700000000000000000e+01 1.529999999999999971e-01 6.177410000000000068e+00 4.337599999999999789e-01
4.800000000000000000e+01 1.529999999999999971e-01 6.057479999999999976e+00 3.437500000000000000e-01
4.900000000000000000e+01 1.529999999999999971e-01 6.064259999999999984e+00 2.812399999999999900e-01
5.000000000000000000e+01 1.529999999999999971e-01 6.146020000000000039e+00 2.484200000000000019e-01
5.100000000000000000e+01 1.529999999999999971e-01 6.243350000000000399e+00 2.322500000000000120e-01
5.200000000000000000e+01 1.529999999999999971e-01 6.391049999999999898e+00 2.184099999999999930e-01
5.300000000000000000e+01 1.529999999999999971e-01 6.568279999999999674e+00 2.097999999999999865e-01
5.400000000000000000e+01 1.529999999999999971e-01 6.753800000000000026e+00 2.040399999999999991e-01
5.500000000000000000e+01 1.529999999999999971e-01 6.935419999999999696e+00 1.998399999999999899e-01
5.600000000000000000e+01 1.459999999999999909e-01 7.056479999999999642e+00 1.978699999999999903e-01
5.700000000000000000e+01 1.459999999999999909e-01 7.125790000000000290e+00 1.974799999999999889e-01
5.800000000000000000e+01 1.459999999999999909e-01 7.173759999999999692e+00 1.975800000000000056e-01
5.900000000000000000e+01 1.459999999999999909e-01 7.222229999999999706e+00 1.978499999999999981e-01
6.000000000000000000e+01 1.459999999999999909e-01 7.262080000000000091e+00 1.980899999999999883e-01
6.100000000000000000e+01 1.390000000000000124e-01 7.299649999999999750e+00 1.981100000000000083e-01
6.200000000000000000e+01 1.390000000000000124e-01 7.337900000000000311e+00 1.981199999999999906e-01
6.300000000000000000e+01 1.459999999999999909e-01 7.373870000000000147e+00 1.983300000000000063e-01
6.400000000000000000e+01 1.459999999999999909e-01 7.406889999999999752e+00 1.986999999999999877e-01
6.500000000000000000e+01 1.459999999999999909e-01 7.429170000000000051e+00 1.992299999999999904e-01
6.600000000000000000e+01 1.459999999999999909e-01 7.444469999999999921e+00 1.995500000000000052e-01
6.700000000000000000e+01 1.459999999999999909e-01 7.464819999999999567e+00 1.998199999999999976e-01
6.800000000000000000e+01 1.459999999999999909e-01 7.490649999999999586e+00 2.000500000000000056e-01
6.900000000000000000e+01 1.459999999999999909e-01 7.515629999999999811e+00 2.003000000000000058e-01
7.000000000000000000e+01 1.459999999999999909e-01 7.537989999999999746e+00 2.006900000000000073e-01
7.100000000000000000e+01 1.459999999999999909e-01 7.555180000000000007e+00 2.011699999999999877e-01
7.200000000000000000e+01 1.459999999999999909e-01 7.572420000000000151e+00 2.016199999999999937e-01
7.300000000000000000e+01 1.390000000000000124e-01 7.590440000000000076e+00 2.021399999999999864e-01
7.400000000000000000e+01 1.390000000000000124e-01 7.609300000000000175e+00 2.026399999999999868e-01
7.500000000000000000e+01 1.390000000000000124e-01 7.630989999999999718e+00 2.032499999999999862e-01
7.600000000000000000e+01 1.390000000000000124e-01 7.654989999999999739e+00 2.039300000000000002e-01
7.700000000000000000e+01 1.390000000000000124e-01 7.679730000000000167e+00 2.046099999999999863e-01
7.800000000000000000e+01 1.390000000000000124e-01 7.703920000000000101e+00 2.052900000000000003e-01
7.900000000000000000e+01 1.459999999999999909e-01 7.725570000000000270e+00 2.059300000000000019e-01
8.000000000000000000e+01 1.459999999999999909e-01 7.742750000000000021e+00 2.065299999999999914e-01
8.100000000000000000e+01 1.459999999999999909e-01 7.755749999999999922e+00 2.072700000000000098e-01
8.200000000000000000e+01 1.459999999999999909e-01 7.767339999999999911e+00 2.080899999999999972e-01
8.300000000000000000e+01 1.459999999999999909e-01 7.777040000000000397e+00 2.088800000000000101e-01
8.400000000000000000e+01 1.459999999999999909e-01 7.783830000000000027e+00 2.097600000000000020e-01
8.500000000000000000e+01 1.459999999999999909e-01 7.789900000000000269e+00 2.106599999999999862e-01
8.600000000000000000e+01 1.459999999999999909e-01 7.794069999999999609e+00 2.115100000000000036e-01
8.700000000000000000e+01 1.459999999999999909e-01 7.798110000000000319e+00 2.122699999999999865e-01
8.800000000000000000e+01 1.459999999999999909e-01 7.801350000000000229e+00 2.130499999999999894e-01
8.900000000000000000e+01 1.459999999999999909e-01 7.806300000000000239e+00 2.139900000000000135e-01
9.000000000000000000e+01 1.459999999999999909e-01 7.810839999999999783e+00 2.149300000000000099e-01
9.100000000000000000e+01 1.459999999999999909e-01 7.815640000000000143e+00 2.158100000000000018e-01
9.200000000000000000e+01 1.459999999999999909e-01 7.822600000000000442e+00 2.166599999999999915e-01
9.300000000000000000e+01 1.459999999999999909e-01 7.830189999999999984e+00 2.175600000000000034e-01
9.400000000000000000e+01 1.459999999999999909e-01 7.837839999999999918e+00 2.183700000000000085e-01
9.500000000000000000e+01 1.459999999999999909e-01 7.844549999999999912e+00 2.192099999999999882e-01
9.600000000000000000e+01 1.529999999999999971e-01 7.852170000000000094e+00 2.201100000000000001e-01
9.700000000000000000e+01 1.529999999999999971e-01 7.858030000000000292e+00 2.210000000000000020e-01
9.800000000000000000e+01 1.529999999999999971e-01 7.862510000000000332e+00 2.218999999999999861e-01
9.900000000000000000e+01 1.529999999999999971e-01 7.865079999999999849e+00 2.227300000000000113e-01
1.000000000000000000e+02 1.529999999999999971e-01 7.867680000000000007e+00 2.235399999999999887e-01
1.010000000000000000e+02 1.529999999999999971e-01 7.871540000000000425e+00 2.243300000000000016e-01
1.020000000000000000e+02 1.529999999999999971e-01 7.875939999999999941e+00 2.250800000000000023e-01
1.030000000000000000e+02 1.529999999999999971e-01 7.881520000000000081e+00 2.258199999999999930e-01
1.040000000000000000e+02 1.529999999999999971e-01 7.888919999999999710e+00 2.264500000000000124e-01
1.050000000000000000e+02 1.529999999999999971e-01 7.897000000000000242e+00 2.271400000000000086e-01
1.060000000000000000e+02 1.529999999999999971e-01 7.906069999999999709e+00 2.278399999999999870e-01
1.070000000000000000e+02 1.529999999999999971e-01 7.914670000000000094e+00 2.286199999999999899e-01
1.080000000000000000e+02 1.529999999999999971e-01 7.923149999999999693e+00 2.294299999999999951e-01
1.090000000000000000e+02 1.529999999999999971e-01 7.932489999999999597e+00 2.302099999999999980e-01
1.100000000000000000e+02 1.529999999999999971e-01 7.941840000000000011e+00 2.310399999999999954e-01
1.110000000000000000e+02 1.529999999999999971e-01 7.950420000000000265e+00 2.318800000000000028e-01
1.120000000000000000e+02 1.529999999999999971e-01 7.958649999999999558e+00 2.327200000000000102e-01
1.130000000000000000e+02 1.529999999999999971e-01 7.966280000000000250e+00 2.335399999999999976e-01
1.140000000000000000e+02 1.529999999999999971e-01 7.973930000000000184e+00 2.343800000000000050e-01
1.150000000000000000e+02 1.529999999999999971e-01 7.980629999999999669e+00 2.351800000000000002e-01
1.160000000000000000e+02 1.529999999999999971e-01 7.987020000000000231e+00 2.359799999999999953e-01
1.170000000000000000e+02 1.529999999999999971e-01 7.994379999999999598e+00 2.367200000000000137e-01
1.180000000000000000e+02 1.529999999999999971e-01 8.001409999999999911e+00 2.374799999999999967e-01
1.190000000000000000e+02 1.529999999999999971e-01 8.009230000000000516e+00 2.383099999999999941e-01
1.200000000000000000e+02 1.529999999999999971e-01 8.017269999999999897e+00 2.391199999999999992e-01
