1.000000000000000000e+00 -1.000000000000000000e+00 -1.000000000000000000e+00 0.000000000000000000e+00
2.000000000000000000e+00 -1.000000000000000000e+00 -1.000000000000000000e+00 0.000000000000000000e+00
3.000000000000000000e+00 1.179999999999999938e-01 1.996499999999999941e-01 5.939600000000000435e-01
4.000000000000000000e+00 1.600000000000000033e-01 1.911700000000000066e-01 7.024899999999999478e-01
5.000000000000000000e+00 1.670000000000000095e-01 1.715800000000000103e-01 6.690300000000000136e-01
6.000000000000000000e+00 1.529999999999999971e-01 1.799900000000000111e-01 7.253600000000000048e-01
7.000000000000000000e+00 1.390000000000000124e-01 2.009299999999999975e-01 7.195399999999999574e-01
8.000000000000000000e+00 1.390000000000000124e-01 2.432999999999999885e-01 6.964900000000000535e-01
9.000000000000000000e+00 1.670000000000000095e-01 3.228400000000000158e-01 5.256600000000000161e-01
1.000000000000000000e+01 1.390000000000000124e-01 3.884199999999999875e-01 3.629100000000000104e-01
1.100000000000000000e+01 1.529999999999999971e-01 3.805799999999999739e-01 2.983600000000000141e-01
1.200000000000000000e+01 1.600000000000000033e-01 3.294000000000000261e-01 2.874499999999999833e-01
1.300000000000000000e+01 1.600000000000000033e-01 3.101200000000000068e-01 2.912699999999999734e-01
1.400000000000000000e+01 1.600000000000000033e-01 3.223400000000000154e-01 2.998000000000000109e-01
1.500000000000000000e+01 1.739999999999999880e-01 3.445799999999999974e-01 3.063400000000000012e-01
1.600000000000000000e+01 1.809999999999999942e-01 3.940600000000000214e-01 3.091900000000000204e-01
1.700000000000000000e+01 1.869999999999999996e-01 4.395000000000000018e-01 3.091400000000000259e-01
1.800000000000000000e+01 1.869999999999999996e-01 4.809700000000000086e-01 3.076400000000000245e-01
1.900000000000000000e+01 1.869999999999999996e-01 5.116600000000000037e-01 3.054299999999999793e-01
2.000000000000000000e+01 1.869999999999999996e-01 5.462299999999999933e-01 3.017299999999999982e-01
2.100000000000000000e+01 1.809999999999999942e-01 5.790300000000000447e-01 2.980200000000000071e-01
2.200000000000000000e+01 1.809999999999999942e-01 6.097399999999999487e-01 2.955499999999999794e-01
2.300000000000000000e+01 1.809999999999999942e-01 6.353199999999999958e-01 2.943200000000000260e-01
2.400000000000000000e+01 1.809999999999999942e-01 6.585800000000000542e-01 2.938600000000000101e-01
2.500000000000000000e+01 1.809999999999999942e-01 6.888900000000000023e-01 2.931099999999999817e-01
2.600000000000000000e+01 1.809999999999999942e-01 7.096400000000000485e-01 2.927000000000000157e-01
2.700000000000000000e+01 1.809999999999999942e-01 7.259400000000000297e-01 2.921699999999999853e-01
2.800000000000000000e+01 1.809999999999999942e-01 7.437300000000000022e-01 2.918000000000000038e-01
2.900000000000000000e+01 1.809999999999999942e-01 7.599000000000000199e-01 2.914499999999999869e-01
3.000000000000000000e+01 1.809999999999999942e-01 7.705400000000000027e-01 2.924200000000000133e-01
3.100000000000000000e+01 1.809999999999999942e-01 7.749599999999999822e-01 2.955599999999999894e-01
3.200000000000000000e+01 1.809999999999999942e-01 7.840099999999999847e-01 2.980599999999999916e-01
3.300000000000000000e+01 1.739999999999999880e-01 7.922200000000000353e-01 3.006599999999999828e-01
3.400000000000000000e+01 1.739999999999999880e-01 8.042399999999999549e-01 3.027799999999999936e-01
3.500000000000000000e+01 1.739999999999999880e-01 8.111199999999999521e-01 3.058400000000000007e-01
3.600000000000000000e+01 1.739999999999999880e-01 8.156900000000000261e-01 3.094799999999999773e-01
3.700000000000000000e+01 1.739999999999999880e-01 8.182199999999999473e-01 3.127699999999999925e-01
3.800000000000000000e+01 1.739999999999999880e-01 8.192300000000000137e-01 3.155800000000000272e-01
3.900000000000000000e+01 1.739999999999999880e-01 8.173599999999999755e-01 3.184600000000000208e-01
4.000000000000000000e+01 1.739999999999999880e-01 8.200300000000000367e-01 3.203799999999999981e-01
4.100000000000000000e+01 1.739999999999999880e-01 8.340600000000000236e-01 3.205500000000000016e-01
4.200000000000000000e+01 1.739999999999999880e-01 8.490699999999999914e-01 3.209000000000000186e-01
4.300000000000000000e+01 1.739999999999999880e-01 8.613699999999999690e-01 3.214299999999999935e-01
4.400000000000000000e+01 1.739999999999999880e-01 8.716699999999999449e-01 3.221600000000000019e-01
4.500000000000000000e+01 1.739999999999999880e-01 8.822699999999999987e-01 3.229299999999999948e-01
4.600000000000000000e+01 1.739999999999999880e-01 8.910500000000000087e-01 3.239600000000000257e-01
4.700000000000000000e+01 1.739999999999999880e-01 8.994100000000000428e-01 3.249900000000000011e-01
4.800000000000000000e+01 1.739999999999999880e-01 9.060599999999999765e-01 3.260899999999999910e-01
4.900000000000000000e+01 1.739999999999999880e-01 9.125799999999999468e-01 3.269299999999999984e-01
5.000000000000000000e+01 1.739999999999999880e-01 9.186400000000000121e-01 3.275399999999999978e-01
5.100000000000000000e+01 1.739999999999999880e-01 9.251000000000000334e-01 3.281299999999999772e-01
5.200000000000000000e+01 1.739999999999999880e-01 9.327299999999999480e-01 3.285600000000000187e-01
5.300000000000000000e+01 1.739999999999999880e-01 9.403000000000000247e-01 3.288699999999999957e-01
5.400000000000000000e+01 1.739999999999999880e-01 9.502800000000000136e-01 3.292499999999999871e-01
5.500000000000000000e+01 1.739999999999999880e-01 9.624200000000000532e-01 3.297100000000000031e-01
5.600000000000000000e+01 1.809999999999999942e-01 9.720100000000000406e-01 3.299799999999999955e-01
5.700000000000000000e+01 1.880000000000000004e-01 9.799099999999999477e-01 3.305000000000000160e-01
5.800000000000000000e+01 1.880000000000000004e-01 9.892199999999999882e-01 3.307599999999999985e-01
5.900000000000000000e+01 1.880000000000000004e-01 9.986199999999999521e-01 3.310000000000000164e-01
6.000000000000000000e+01 1.880000000000000004e-01 1.009470000000000089e+00 3.313599999999999879e-01
6.100000000000000000e+01 1.880000000000000004e-01 1.021570000000000089e+00 3.319300000000000028e-01
6.200000000000000000e+01 1.880000000000000004e-01 1.034869999999999957e+00 3.325799999999999867e-01
6.300000000000000000e+01 1.880000000000000004e-01 1.046319999999999917e+00 3.332700000000000107e-01
6.400000000000000000e+01 1.880000000000000004e-01 1.058570000000000011e+00 3.340099999999999736e-01
6.500000000000000000e+01 1.880000000000000004e-01 1.070070000000000077e+00 3.345500000000000140e-01
6.600000000000000000e+01 1.880000000000000004e-01 1.081269999999999953e+00 3.351000000000000090e-01
6.700000000000000000e+01 1.880000000000000004e-01 1.092419999999999947e+00 3.354599999999999804e-01
6.800000000000000000e+01 1.880000000000000004e-01 1.101900000000000102e+00 3.356399999999999939e-01
6.900000000000000000e+01 1.880000000000000004e-01 1.110649999999999915e+00 3.358800000000000119e-01
7.000000000000000000e+01 1.880000000000000004e-01 1.118549999999999933e+00 3.360199999999999854e-01
7.100000000000000000e+01 1.880000000000000004e-01 1.126349999999999962e+00 3.361199999999999743e-01
7.200000000000000000e+01 1.880000000000000004e-01 1.135520000000000085e+00 3.362399999999999833e-01
7.300000000000000000e+01 1.880000000000000004e-01 1.144579999999999931e+00 3.361600000000000144e-01
7.400000000000000000e+01 1.880000000000000004e-01 1.153589999999999893e+00 3.357600000000000029e-01
7.500000000000000000e+01 1.880000000000000004e-01 1.162509999999999932e+00 3.353900000000000214e-01
7.600000000000000000e+01 1.880000000000000004e-01 1.171000000000000041e+00 3.349900000000000100e-01
7.700000000000000000e+01 1.880000000000000004e-01 1.179040000000000088e+00 3.346299999999999830e-01
7.800000000000000000e+01 1.880000000000000004e-01 1.188709999999999933e+00 3.344500000000000250e-01
7.900000000000000000e+01 1.880000000000000004e-01 1.198909999999999920e+00 3.345099999999999740e-01
8.000000000000000000e+01 1.880000000000000004e-01 1.207910000000000039e+00 3.344900000000000095e-01
8.100000000000000000e+01 1.880000000000000004e-01 1.215929999999999955e+00 3.345600000000000240e-01
8.200000000000000000e+01 1.880000000000000004e-01 1.223319999999999963e+00 3.345400000000000040e-01
8.300000000000000000e+01 1.880000000000000004e-01 1.230480000000000018e+00 3.346000000000000085e-01
8.400000000000000000e+01 1.880000000000000004e-01 1.238739999999999952e+00 3.347800000000000220e-01
8.500000000000000000e+01 1.880000000000000004e-01 1.247000000000000108e+00 3.349099999999999855e-01
8.600000000000000000e+01 1.880000000000000004e-01 1.255200000000000093e+00 3.350699999999999790e-01
8.700000000000000000e+01 1.880000000000000004e-01 1.263490000000000002e+00 3.352700000000000125e-01
8.800000000000000000e+01 1.880000000000000004e-01 1.271579999999999933e+00 3.354699999999999904e-01
8.900000000000000000e+01 1.880000000000000004e-01 1.279439999999999911e+00 3.356399999999999939e-01
9.000000000000000000e+01 1.880000000000000004e-01 1.287590000000000012e+00 3.358400000000000274e-01
9.100000000000000000e+01 1.880000000000000004e-01 1.294960000000000111e+00 3.359400000000000164e-01
9.200000000000000000e+01 1.880000000000000004e-01 1.302480000000000082e+00 3.360500000000000154e-01
9.300000000000000000e+01 1.880000000000000004e-01 1.310070000000000068e+00 3.360799999999999899e-01
9.400000000000000000e+01 1.880000000000000004e-01 1.318109999999999893e+00 3.362299999999999733e-01
9.500000000000000000e+01 1.880000000000000004e-01 1.325679999999999970e+00 3.363499999999999823e-01
9.600000000000000000e+01 1.880000000000000004e-01 1.332770000000000010e+00 3.364099999999999868e-01
9.700000000000000000e+01 1.880000000000000004e-01 1.339990000000000014e+00 3.364599999999999813e-01
9.800000000000000000e+01 1.880000000000000004e-01 1.348119999999999985e+00 3.365000000000000213e-01
9.900000000000000000e+01 1.880000000000000004e-01 1.356170000000000098e+00 3.365799999999999903e-01
1.000000000000000000e+02 1.880000000000000004e-01 1.364239999999999897e+00 3.366700000000000248e-01
1.010000000000000000e+02 1.880000000000000004e-01 1.372249999999999970e+00 3.368599999999999928e-01
1.020000000000000000e+02 1.880000000000000004e-01 1.379820000000000046e+00 3.370099999999999763e-01
1.030000000000000000e+02 1.880000000000000004e-01 1.387140000000000040e+00 3.371199999999999752e-01
1.040000000000000000e+02 1.880000000000000004e-01 1.394090000000000051e+00 3.372100000000000097e-01
1.050000000000000000e+02 1.880000000000000004e-01 1.400800000000000045e+00 3.372899999999999787e-01
1.060000000000000000e+02 1.880000000000000004e-01 1.407299999999999995e+00 3.373599999999999932e-01
1.070000000000000000e+02 1.880000000000000004e-01 1.413300000000000001e+00 3.374300000000000077e-01
1.080000000000000000e+02 1.880000000000000004e-01 1.418250000000000011e+00 3.374500000000000277e-01
1.090000000000000000e+02 1.880000000000000004e-01 1.422760000000000025e+00 3.374199999999999977e-01
1.100000000000000000e+02 1.880000000000000004e-01 1.426960000000000006e+00 3.373700000000000032e-01
1.110000000000000000e+02 1.809999999999999942e-01 2.504579999999999806e+00 3.881899999999999795e-01
1.120000000000000000e+02 1.880000000000000004e-01 1.434949999999999948e+00 3.373399999999999732e-01
1.130000000000000000e+02 1.880000000000000004e-01 1.438620000000000010e+00 3.373099999999999987e-01
1.140000000000000000e+02 1.880000000000000004e-01 1.442050000000000054e+00 3.372200000000000197e-01
1.150000000000000000e+02 1.880000000000000004e-01 1.445540000000000047e+00 3.371199999999999752e-01
1.160000000000000000e+02 1.880000000000000004e-01 1.449289999999999967e+00 3.370799999999999907e-01
1.170000000000000000e+02 1.880000000000000004e-01 2.510940000000000172e+00 3.875399999999999956e-01
1.180000000000000000e+02 1.880000000000000004e-01 2.512420000000000098e+00 3.874500000000000166e-01
1.190000000000000000e+02 1.880000000000000004e-01 2.513850000000000140e+00 3.873500000000000276e-01
1.200000000000000000e+02 1.880000000000000004e-01 1.463289999999999980e+00 3.364199999999999968e-01
