1.000000000000000000e+00 6.900000000000000577e-02 4.159399999999999764e-01 7.066999999999999948e-01 0.000000000000000000e+00
2.000000000000000000e+00 1.110000000000000014e-01 3.739199999999999746e-01 8.609700000000000131e-01 0.000000000000000000e+00
3.000000000000000000e+00 1.110000000000000014e-01 3.739199999999999746e-01 8.609700000000000131e-01 0.000000000000000000e+00
4.000000000000000000e+00 1.110000000000000014e-01 3.739199999999999746e-01 8.609700000000000131e-01 0.000000000000000000e+00
5.000000000000000000e+00 1.110000000000000014e-01 3.739199999999999746e-01 8.609700000000000131e-01 0.000000000000000000e+00
6.000000000000000000e+00 1.110000000000000014e-01 3.739199999999999746e-01 8.609700000000000131e-01 0.000000000000000000e+00
7.000000000000000000e+00 1.039999999999999952e-01 5.485499999999999821e-01 9.544899999999999496e-01 0.000000000000000000e+00
8.000000000000000000e+00 1.179999999999999938e-01 5.373200000000000198e-01 8.641999999999999682e-01 0.000000000000000000e+00
9.000000000000000000e+00 1.179999999999999938e-01 5.819800000000000528e-01 8.488900000000000334e-01 0.000000000000000000e+00
1.000000000000000000e+01 1.179999999999999938e-01 5.819800000000000528e-01 8.488900000000000334e-01 0.000000000000000000e+00
1.100000000000000000e+01 1.039999999999999952e-01 3.274900000000000033e-01 8.889500000000000179e-01 0.000000000000000000e+00
1.200000000000000000e+01 1.039999999999999952e-01 3.274900000000000033e-01 8.889500000000000179e-01 0.000000000000000000e+00
1.300000000000000000e+01 1.039999999999999952e-01 3.274900000000000033e-01 8.889500000000000179e-01 0.000000000000000000e+00
1.400000000000000000e+01 1.039999999999999952e-01 3.274900000000000033e-01 8.889500000000000179e-01 0.000000000000000000e+00
1.500000000000000000e+01 1.039999999999999952e-01 3.274900000000000033e-01 8.889500000000000179e-01 0.000000000000000000e+00
1.600000000000000000e+01 1.039999999999999952e-01 3.274900000000000033e-01 8.889500000000000179e-01 0.000000000000000000e+00
1.700000000000000000e+01 1.039999999999999952e-01 3.274900000000000033e-01 8.889500000000000179e-01 0.000000000000000000e+00
1.800000000000000000e+01 1.039999999999999952e-01 3.274900000000000033e-01 8.889500000000000179e-01 0.000000000000000000e+00
1.900000000000000000e+01 1.039999999999999952e-01 3.274900000000000033e-01 8.889500000000000179e-01 0.000000000000000000e+00
2.000000000000000000e+01 1.039999999999999952e-01 3.274900000000000033e-01 8.889500000000000179e-01 0.000000000000000000e+00
2.100000000000000000e+01 1.039999999999999952e-01 3.274900000000000033e-01 8.889500000000000179e-01 0.000000000000000000e+00
2.200000000000000000e+01 1.039999999999999952e-01 3.274900000000000033e-01 8.889500000000000179e-01 0.000000000000000000e+00
2.300000000000000000e+01 1.039999999999999952e-01 3.274900000000000033e-01 8.889500000000000179e-01 0.000000000000000000e+00
2.400000000000000000e+01 1.039999999999999952e-01 3.274900000000000033e-01 8.889500000000000179e-01 0.000000000000000000e+00
2.500000000000000000e+01 1.039999999999999952e-01 3.274900000000000033e-01 8.889500000000000179e-01 0.000000000000000000e+00
2.600000000000000000e+01 1.039999999999999952e-01 3.274900000000000033e-01 8.889500000000000179e-01 0.000000000000000000e+00
2.700000000000000000e+01 1.039999999999999952e-01 3.274900000000000033e-01 8.889500000000000179e-01 0.000000000000000000e+00
2.800000000000000000e+01 8.300000000000000433e-02 4.430799999999999739e-01 5.695500000000000007e-01 0.000000000000000000e+00
2.900000000000000000e+01 8.300000000000000433e-02 4.430799999999999739e-01 5.695500000000000007e-01 0.000000000000000000e+00
3.000000000000000000e+01 8.300000000000000433e-02 4.430799999999999739e-01 5.695500000000000007e-01 0.000000000000000000e+00
3.100000000000000000e+01 8.300000000000000433e-02 4.430799999999999739e-01 5.695500000000000007e-01 0.000000000000000000e+00
3.200000000000000000e+01 8.300000000000000433e-02 4.430799999999999739e-01 5.695500000000000007e-01 0.000000000000000000e+00
3.300000000000000000e+01 8.300000000000000433e-02 4.430799999999999739e-01 5.695500000000000007e-01 0.000000000000000000e+00
3.400000000000000000e+01 8.300000000000000433e-02 4.430799999999999739e-01 5.695500000000000007e-01 0.000000000000000000e+00
3.500000000000000000e+01 8.300000000000000433e-02 4.430799999999999739e-01 5.695500000000000007e-01 0.000000000000000000e+00
3.600000000000000000e+01 8.300000000000000433e-02 4.430799999999999739e-01 5.695500000000000007e-01 0.000000000000000000e+00
3.700000000000000000e+01 8.300000000000000433e-02 4.430799999999999739e-01 5.695500000000000007e-01 0.000000000000000000e+00
3.800000000000000000e+01 8.300000000000000433e-02 4.430799999999999739e-01 5.695500000000000007e-01 0.000000000000000000e+00
3.900000000000000000e+01 8.300000000000000433e-02 4.430799999999999739e-01 5.695500000000000007e-01 0.000000000000000000e+00
4.000000000000000000e+01 8.300000000000000433e-02 4.430799999999999739e-01 5.695500000000000007e-01 0.000000000000000000e+00
4.100000000000000000e+01 1.110000000000000014e-01 5.967999999999999972e-01 3.549700000000000077e-01 0.000000000000000000e+00
4.200000000000000000e+01 1.110000000000000014e-01 5.967999999999999972e-01 3.549700000000000077e-01 0.000000000000000000e+00
4.300000000000000000e+01 1.110000000000000014e-01 5.967999999999999972e-01 3.549700000000000077e-01 0.000000000000000000e+00
4.400000000000000000e+01 1.320000000000000062e-01 5.885899999999999466e-01 7.846100000000000296e-01 0.000000000000000000e+00
4.500000000000000000e+01 1.320000000000000062e-01 5.885899999999999466e-01 7.846100000000000296e-01 0.000000000000000000e+00
4.600000000000000000e+01 1.320000000000000062e-01 5.885899999999999466e-01 7.846100000000000296e-01 0.000000000000000000e+00
4.700000000000000000e+01 1.459999999999999909e-01 3.918499999999999761e-01 3.987999999999999878e-01 0.000000000000000000e+00
4.800000000000000000e+01 1.459999999999999909e-01 3.918499999999999761e-01 3.987999999999999878e-01 0.000000000000000000e+00
4.900000000000000000e+01 1.459999999999999909e-01 3.918499999999999761e-01 3.987999999999999878e-01 0.000000000000000000e+00
5.000000000000000000e+01 1.459999999999999909e-01 3.918499999999999761e-01 3.987999999999999878e-01 0.000000000000000000e+00
5.100000000000000000e+01 1.459999999999999909e-01 1.728500000000000036e-01 4.611899999999999888e-01 0.000000000000000000e+00
5.200000000000000000e+01 1.459999999999999909e-01 1.728500000000000036e-01 4.611899999999999888e-01 0.000000000000000000e+00
5.300000000000000000e+01 1.459999999999999909e-01 1.728500000000000036e-01 4.611899999999999888e-01 0.000000000000000000e+00
5.400000000000000000e+01 1.459999999999999909e-01 3.918499999999999761e-01 3.987999999999999878e-01 0.000000000000000000e+00
5.500000000000000000e+01 1.459999999999999909e-01 1.728500000000000036e-01 4.611899999999999888e-01 0.000000000000000000e+00
5.600000000000000000e+01 1.459999999999999909e-01 1.728500000000000036e-01 4.611899999999999888e-01 0.000000000000000000e+00
5.700000000000000000e+01 1.459999999999999909e-01 1.728500000000000036e-01 4.611899999999999888e-01 0.000000000000000000e+00
5.800000000000000000e+01 1.459999999999999909e-01 1.728500000000000036e-01 4.611899999999999888e-01 0.000000000000000000e+00
5.900000000000000000e+01 1.459999999999999909e-01 1.728500000000000036e-01 4.611899999999999888e-01 0.000000000000000000e+00
6.000000000000000000e+01 1.459999999999999909e-01 1.728500000000000036e-01 4.611899999999999888e-01 0.000000000000000000e+00
6.100000000000000000e+01 1.459999999999999909e-01 1.728500000000000036e-01 4.611899999999999888e-01 0.000000000000000000e+00
6.200000000000000000e+01 1.459999999999999909e-01 1.728500000000000036e-01 4.611899999999999888e-01 0.000000000000000000e+00
6.300000000000000000e+01 1.459999999999999909e-01 1.728500000000000036e-01 4.611899999999999888e-01 0.000000000000000000e+00
6.400000000000000000e+01 1.459999999999999909e-01 1.728500000000000036e-01 4.611899999999999888e-01 0.000000000000000000e+00
6.500000000000000000e+01 1.459999999999999909e-01 1.728500000000000036e-01 4.611899999999999888e-01 0.000000000000000000e+00
6.600000000000000000e+01 1.459999999999999909e-01 1.728500000000000036e-01 4.611899999999999888e-01 0.000000000000000000e+00
6.700000000000000000e+01 1.459999999999999909e-01 1.728500000000000036e-01 4.611899999999999888e-01 0.000000000000000000e+00
6.800000000000000000e+01 1.459999999999999909e-01 1.728500000000000036e-01 4.611899999999999888e-01 0.000000000000000000e+00
6.900000000000000000e+01 1.459999999999999909e-01 1.728500000000000036e-01 4.611899999999999888e-01 0.000000000000000000e+00
7.000000000000000000e+01 1.459999999999999909e-01 1.728500000000000036e-01 4.611899999999999888e-01 0.000000000000000000e+00
7.100000000000000000e+01 1.459999999999999909e-01 1.728500000000000036e-01 4.611899999999999888e-01 0.000000000000000000e+00
7.200000000000000000e+01 1.459999999999999909e-01 1.728500000000000036e-01 4.611899999999999888e-01 0.000000000000000000e+00
7.300000000000000000e+01 1.459999999999999909e-01 1.728500000000000036e-01 4.611899999999999888e-01 0.000000000000000000e+00
7.400000000000000000e+01 1.459999999999999909e-01 1.728500000000000036e-01 4.611899999999999888e-01 0.000000000000000000e+00
7.500000000000000000e+01 1.459999999999999909e-01 1.728500000000000036e-01 4.611899999999999888e-01 0.000000000000000000e+00
7.600000000000000000e+01 1.459999999999999909e-01 1.728500000000000036e-01 4.611899999999999888e-01 0.000000000000000000e+00
7.700000000000000000e+01 1.459999999999999909e-01 1.728500000000000036e-01 4.611899999999999888e-01 0.000000000000000000e+00
7.800000000000000000e+01 1.459999999999999909e-01 1.728500000000000036e-01 4.611899999999999888e-01 0.000000000000000000e+00
7.900000000000000000e+01 1.459999999999999909e-01 1.728500000000000036e-01 4.611899999999999888e-01 0.000000000000000000e+00
8.000000000000000000e+01 1.459999999999999909e-01 1.728500000000000036e-01 4.611899999999999888e-01 0.000000000000000000e+00
8.100000000000000000e+01 1.459999999999999909e-01 1.728500000000000036e-01 4.611899999999999888e-01 0.000000000000000000e+00
8.200000000000000000e+01 1.459999999999999909e-01 1.728500000000000036e-01 4.611899999999999888e-01 0.000000000000000000e+00
8.300000000000000000e+01 1.459999999999999909e-01 1.728500000000000036e-01 4.611899999999999888e-01 0.000000000000000000e+00
8.400000000000000000e+01 1.459999999999999909e-01 1.728500000000000036e-01 4.611899999999999888e-01 0.000000000000000000e+00
8.500000000000000000e+01 1.459999999999999909e-01 1.728500000000000036e-01 4.611899999999999888e-01 0.000000000000000000e+00
8.600000000000000000e+01 1.459999999999999909e-01 1.728500000000000036e-01 4.611899999999999888e-01 0.000000000000000000e+00
8.700000000000000000e+01 1.459999999999999909e-01 1.728500000000000036e-01 4.611899999999999888e-01 0.000000000000000000e+00
8.800000000000000000e+01 1.459999999999999909e-01 1.728500000000000036e-01 4.611899999999999888e-01 0.000000000000000000e+00
8.900000000000000000e+01 1.459999999999999909e-01 1.728500000000000036e-01 4.611899999999999888e-01 0.000000000000000000e+00
9.000000000000000000e+01 1.459999999999999909e-01 1.728500000000000036e-01 4.611899999999999888e-01 0.000000000000000000e+00
9.100000000000000000e+01 1.459999999999999909e-01 1.728500000000000036e-01 4.611899999999999888e-01 0.000000000000000000e+00
9.200000000000000000e+01 1.459999999999999909e-01 1.728500000000000036e-01 4.611899999999999888e-01 0.000000000000000000e+00
9.300000000000000000e+01 1.459999999999999909e-01 1.728500000000000036e-01 4.611899999999999888e-01 0.000000000000000000e+00
9.400000000000000000e+01 1.459999999999999909e-01 1.728500000000000036e-01 4.611899999999999888e-01 0.000000000000000000e+00
9.500000000000000000e+01 1.459999999999999909e-01 1.728500000000000036e-01 4.611899999999999888e-01 0.000000000000000000e+00
9.600000000000000000e+01 1.459999999999999909e-01 1.728500000000000036e-01 4.611899999999999888e-01 0.000000000000000000e+00
9.700000000000000000e+01 1.459999999999999909e-01 1.728500000000000036e-01 4.611899999999999888e-01 0.000000000000000000e+00
9.800000000000000000e+01 1.459999999999999909e-01 1.728500000000000036e-01 4.611899999999999888e-01 0.000000000000000000e+00
9.900000000000000000e+01 1.459999999999999909e-01 1.728500000000000036e-01 4.611899999999999888e-01 0.000000000000000000e+00
1.000000000000000000e+02 1.459999999999999909e-01 1.728500000000000036e-01 4.611899999999999888e-01 0.000000000000000000e+00
1.010000000000000000e+02 1.459999999999999909e-01 1.728500000000000036e-01 4.611899999999999888e-01 0.000000000000000000e+00
1.020000000000000000e+02 1.459999999999999909e-01 1.728500000000000036e-01 4.611899999999999888e-01 0.000000000000000000e+00
1.030000000000000000e+02 1.459999999999999909e-01 1.728500000000000036e-01 4.611899999999999888e-01 0.000000000000000000e+00
1.040000000000000000e+02 1.459999999999999909e-01 1.728500000000000036e-01 4.611899999999999888e-01 0.000000000000000000e+00
1.050000000000000000e+02 1.459999999999999909e-01 1.728500000000000036e-01 4.611899999999999888e-01 0.000000000000000000e+00
1.060000000000000000e+02 1.459999999999999909e-01 1.728500000000000036e-01 4.611899999999999888e-01 0.000000000000000000e+00
1.070000000000000000e+02 1.459999999999999909e-01 1.728500000000000036e-01 4.611899999999999888e-01 0.000000000000000000e+00
1.080000000000000000e+02 1.459999999999999909e-01 1.728500000000000036e-01 4.611899999999999888e-01 0.000000000000000000e+00
1.090000000000000000e+02 1.459999999999999909e-01 1.728500000000000036e-01 4.611899999999999888e-01 0.000000000000000000e+00
1.100000000000000000e+02 1.459999999999999909e-01 1.728500000000000036e-01 4.611899999999999888e-01 0.000000000000000000e+00
1.110000000000000000e+02 1.459999999999999909e-01 1.728500000000000036e-01 4.611899999999999888e-01 0.000000000000000000e+00
1.120000000000000000e+02 1.459999999999999909e-01 1.728500000000000036e-01 4.611899999999999888e-01 0.000000000000000000e+00
1.130000000000000000e+02 1.459999999999999909e-01 1.728500000000000036e-01 4.611899999999999888e-01 0.000000000000000000e+00
1.140000000000000000e+02 1.459999999999999909e-01 1.728500000000000036e-01 4.611899999999999888e-01 0.000000000000000000e+00
1.150000000000000000e+02 1.459999999999999909e-01 1.728500000000000036e-01 4.611899999999999888e-01 0.000000000000000000e+00
1.160000000000000000e+02 1.459999999999999909e-01 1.728500000000000036e-01 4.611899999999999888e-01 0.000000000000000000e+00
1.170000000000000000e+02 1.459999999999999909e-01 1.728500000000000036e-01 4.611899999999999888e-01 0.000000000000000000e+00
1.180000000000000000e+02 1.459999999999999909e-01 1.728500000000000036e-01 4.611899999999999888e-01 0.000000000000000000e+00
1.190000000000000000e+02 1.459999999999999909e-01 1.728500000000000036e-01 4.611899999999999888e-01 0.000000000000000000e+00
1.200000000000000000e+02 1.459999999999999909e-01 1.728500000000000036e-01 4.611899999999999888e-01 0.000000000000000000e+00
