1.000000000000000000e+00 1.320000000000000062e-01 1.786010000000000097e+00 7.560599999999999543e-01 0.000000000000000000e+00
2.000000000000000000e+00 1.390000000000000124e-01 2.418109999999999982e+00 8.223700000000000454e-01 0.000000000000000000e+00
3.000000000000000000e+00 1.390000000000000124e-01 2.126399999999999846e+00 8.801799999999999624e-01 0.000000000000000000e+00
4.000000000000000000e+00 8.999999999999999667e-02 1.042070000000000007e+01 6.392400000000000304e-01 0.000000000000000000e+00
5.000000000000000000e+00 8.999999999999999667e-02 1.068861000000000061e+01 6.360900000000000443e-01 0.000000000000000000e+00
6.000000000000000000e+00 8.999999999999999667e-02 1.097353000000000023e+01 6.292799999999999505e-01 0.000000000000000000e+00
7.000000000000000000e+00 8.999999999999999667e-02 1.102500999999999998e+01 6.278500000000000192e-01 0.000000000000000000e+00
8.000000000000000000e+00 8.999999999999999667e-02 1.099780999999999942e+01 6.260700000000000154e-01 0.000000000000000000e+00
9.000000000000000000e+00 8.999999999999999667e-02 1.118149000000000015e+01 6.216399999999999704e-01 0.000000000000000000e+00
1.000000000000000000e+01 8.999999999999999667e-02 1.147479000000000049e+01 6.131799999999999473e-01 0.000000000000000000e+00
1.100000000000000000e+01 8.300000000000000433e-02 1.166533000000000087e+01 6.034699999999999509e-01 0.000000000000000000e+00
1.200000000000000000e+01 8.300000000000000433e-02 1.188696999999999981e+01 5.935000000000000275e-01 0.000000000000000000e+00
1.300000000000000000e+01 7.599999999999999811e-02 1.197400999999999982e+01 5.838700000000000001e-01 0.000000000000000000e+00
1.400000000000000000e+01 7.599999999999999811e-02 1.180180999999999969e+01 5.774399999999999533e-01 0.000000000000000000e+00
1.500000000000000000e+01 7.599999999999999811e-02 1.176346000000000025e+01 5.685799999999999743e-01 0.000000000000000000e+00
1.600000000000000000e+01 7.599999999999999811e-02 1.163563000000000081e+01 5.631399999999999739e-01 0.000000000000000000e+00
1.700000000000000000e+01 7.599999999999999811e-02 1.141666000000000025e+01 5.597499999999999698e-01 0.000000000000000000e+00
1.800000000000000000e+01 7.599999999999999811e-02 1.138364999999999938e+01 5.554799999999999738e-01 0.000000000000000000e+00
1.900000000000000000e+01 8.300000000000000433e-02 1.166338000000000008e+01 5.475999999999999757e-01 0.000000000000000000e+00
2.000000000000000000e+01 8.300000000000000433e-02 1.187959999999999994e+01 5.407300000000000439e-01 0.000000000000000000e+00
2.100000000000000000e+01 8.300000000000000433e-02 1.205419999999999980e+01 5.352700000000000236e-01 0.000000000000000000e+00
2.200000000000000000e+01 8.999999999999999667e-02 1.232962000000000025e+01 5.303099999999999481e-01 0.000000000000000000e+00
2.300000000000000000e+01 9.700000000000000289e-02 1.256703000000000081e+01 5.261200000000000321e-01 0.000000000000000000e+00
2.400000000000000000e+01 9.700000000000000289e-02 1.266475999999999935e+01 5.257899999999999796e-01 0.000000000000000000e+00
2.500000000000000000e+01 9.700000000000000289e-02 1.301825000000000010e+01 5.244900000000000118e-01 0.000000000000000000e+00
2.600000000000000000e+01 9.700000000000000289e-02 1.373663999999999952e+01 5.171599999999999531e-01 0.000000000000000000e+00
2.700000000000000000e+01 1.039999999999999952e-01 1.505612999999999957e+01 5.051400000000000334e-01 0.000000000000000000e+00
2.800000000000000000e+01 1.039999999999999952e-01 1.610996000000000095e+01 4.955899999999999750e-01 0.000000000000000000e+00
2.900000000000000000e+01 1.039999999999999952e-01 1.810545000000000115e+01 4.767299999999999871e-01 0.000000000000000000e+00
3.000000000000000000e+01 1.039999999999999952e-01 2.098060999999999865e+01 4.549599999999999755e-01 0.000000000000000000e+00
3.100000000000000000e+01 1.039999999999999952e-01 2.681832999999999956e+01 4.249899999999999789e-01 0.000000000000000000e+00
3.200000000000000000e+01 1.529999999999999971e-01 4.550389999999999873e+02 3.518299999999999761e-01 0.000000000000000000e+00
3.300000000000000000e+01 1.459999999999999909e-01 4.229695100000000139e+02 3.423800000000000177e-01 0.000000000000000000e+00
3.400000000000000000e+01 1.390000000000000124e-01 3.938995400000000018e+02 3.333999999999999742e-01 0.000000000000000000e+00
3.500000000000000000e+01 1.390000000000000124e-01 3.658307899999999790e+02 3.240199999999999747e-01 0.000000000000000000e+00
3.600000000000000000e+01 1.320000000000000062e-01 3.338930799999999977e+02 3.126900000000000235e-01 0.000000000000000000e+00
3.700000000000000000e+01 1.320000000000000062e-01 2.994807400000000257e+02 2.983700000000000241e-01 0.000000000000000000e+00
3.800000000000000000e+01 1.320000000000000062e-01 2.585557000000000016e+02 2.774499999999999744e-01 0.000000000000000000e+00
3.900000000000000000e+01 1.320000000000000062e-01 2.201222799999999893e+02 2.517099999999999893e-01 0.000000000000000000e+00
4.000000000000000000e+01 1.320000000000000062e-01 1.782663100000000043e+02 2.121000000000000107e-01 0.000000000000000000e+00
4.100000000000000000e+01 1.320000000000000062e-01 1.342512499999999989e+02 1.320099999999999885e-01 0.000000000000000000e+00
4.200000000000000000e+01 -1.000000000000000000e+00 -1.000000000000000000e+00 0.000000000000000000e+00 0.000000000000000000e+00
4.300000000000000000e+01 -1.000000000000000000e+00 -1.000000000000000000e+00 0.000000000000000000e+00 0.000000000000000000e+00
4.400000000000000000e+01 -1.000000000000000000e+00 -1.000000000000000000e+00 0.000000000000000000e+00 0.000000000000000000e+00
4.500000000000000000e+01 -1.000000000000000000e+00 -1.000000000000000000e+00 0.000000000000000000e+00 0.000000000000000000e+00
4.600000000000000000e+01 -1.000000000000000000e+00 -1.000000000000000000e+00 0.000000000000000000e+00 0.000000000000000000e+00
4.700000000000000000e+01 -1.000000000000000000e+00 -1.000000000000000000e+00 0.000000000000000000e+00 0.000000000000000000e+00
4.800000000000000000e+01 -1.000000000000000000e+00 -1.000000000000000000e+00 0.000000000000000000e+00 0.000000000000000000e+00
4.900000000000000000e+01 -1.000000000000000000e+00 -1.000000000000000000e+00 0.000000000000000000e+00 0.000000000000000000e+00
5.000000000000000000e+01 -1.000000000000000000e+00 -1.000000000000000000e+00 0.000000000000000000e+00 0.000000000000000000e+00
5.100000000000000000e+01 1.809999999999999942e-01 4.435880000000000045e+00 6.448800000000000088e-01 0.000000000000000000e+00
5.200000000000000000e+01 1.809999999999999942e-01 4.457690000000000374e+00 6.469300000000000050e-01 0.000000000000000000e+00
5.300000000000000000e+01 1.809999999999999942e-01 4.479370000000000296e+00 6.489500000000000268e-01 0.000000000000000000e+00
5.400000000000000000e+01 -1.000000000000000000e+00 -1.000000000000000000e+00 0.000000000000000000e+00 0.000000000000000000e+00
5.500000000000000000e+01 1.809999999999999942e-01 4.523320000000000007e+00 6.528199999999999559e-01 0.000000000000000000e+00
5.600000000000000000e+01 1.809999999999999942e-01 4.545069999999999943e+00 6.545699999999999852e-01 0.000000000000000000e+00
5.700000000000000000e+01 1.809999999999999942e-01 4.566340000000000288e+00 6.562099999999999600e-01 0.000000000000000000e+00
5.800000000000000000e+01 1.809999999999999942e-01 4.587290000000000312e+00 6.578000000000000513e-01 0.000000000000000000e+00
5.900000000000000000e+01 1.809999999999999942e-01 4.608369999999999855e+00 6.593200000000000172e-01 0.000000000000000000e+00
6.000000000000000000e+01 1.809999999999999942e-01 4.629489999999999661e+00 6.606499999999999595e-01 0.000000000000000000e+00
6.100000000000000000e+01 1.809999999999999942e-01 4.650669999999999860e+00 6.618699999999999584e-01 0.000000000000000000e+00
6.200000000000000000e+01 1.809999999999999942e-01 4.671289999999999942e+00 6.630099999999999882e-01 0.000000000000000000e+00
6.300000000000000000e+01 1.809999999999999942e-01 4.692210000000000214e+00 6.640599999999999836e-01 0.000000000000000000e+00
6.400000000000000000e+01 1.809999999999999942e-01 4.712670000000000137e+00 6.650000000000000355e-01 0.000000000000000000e+00
6.500000000000000000e+01 1.809999999999999942e-01 4.733880000000000088e+00 6.658399999999999874e-01 0.000000000000000000e+00
6.600000000000000000e+01 1.809999999999999942e-01 4.755300000000000082e+00 6.665299999999999558e-01 0.000000000000000000e+00
6.700000000000000000e+01 1.809999999999999942e-01 4.776119999999999699e+00 6.671599999999999753e-01 0.000000000000000000e+00
6.800000000000000000e+01 1.809999999999999942e-01 4.796820000000000306e+00 6.677999999999999492e-01 0.000000000000000000e+00
6.900000000000000000e+01 1.809999999999999942e-01 4.817269999999999719e+00 6.683700000000000196e-01 0.000000000000000000e+00
7.000000000000000000e+01 1.809999999999999942e-01 4.837629999999999875e+00 6.688800000000000301e-01 0.000000000000000000e+00
7.100000000000000000e+01 1.809999999999999942e-01 4.855959999999999610e+00 6.693200000000000260e-01 0.000000000000000000e+00
7.200000000000000000e+01 1.809999999999999942e-01 4.872980000000000089e+00 6.698199999999999710e-01 0.000000000000000000e+00
7.300000000000000000e+01 1.809999999999999942e-01 4.890649999999999942e+00 6.703299999999999814e-01 0.000000000000000000e+00
7.400000000000000000e+01 1.809999999999999942e-01 4.908470000000000333e+00 6.708399999999999919e-01 0.000000000000000000e+00
7.500000000000000000e+01 1.809999999999999942e-01 4.926050000000000040e+00 6.713299999999999823e-01 0.000000000000000000e+00
7.600000000000000000e+01 1.809999999999999942e-01 4.943170000000000286e+00 6.717899999999999983e-01 0.000000000000000000e+00
7.700000000000000000e+01 1.809999999999999942e-01 4.959869999999999557e+00 6.721899999999999542e-01 0.000000000000000000e+00
7.800000000000000000e+01 1.809999999999999942e-01 4.976099999999999746e+00 6.726799999999999446e-01 0.000000000000000000e+00
7.900000000000000000e+01 1.809999999999999942e-01 4.991880000000000095e+00 6.732000000000000206e-01 0.000000000000000000e+00
8.000000000000000000e+01 1.809999999999999942e-01 5.007939999999999614e+00 6.737199999999999855e-01 0.000000000000000000e+00
8.100000000000000000e+01 1.809999999999999942e-01 5.023970000000000269e+00 6.741800000000000015e-01 0.000000000000000000e+00
8.200000000000000000e+01 1.809999999999999942e-01 5.040189999999999948e+00 6.745900000000000230e-01 0.000000000000000000e+00
8.300000000000000000e+01 1.809999999999999942e-01 5.056659999999999933e+00 6.749899999999999789e-01 0.000000000000000000e+00
8.400000000000000000e+01 1.809999999999999942e-01 5.073730000000000295e+00 6.753299999999999859e-01 0.000000000000000000e+00
8.500000000000000000e+01 1.809999999999999942e-01 5.090790000000000148e+00 6.756699999999999928e-01 0.000000000000000000e+00
8.600000000000000000e+01 1.809999999999999942e-01 5.107669999999999710e+00 6.760000000000000453e-01 0.000000000000000000e+00
8.700000000000000000e+01 1.809999999999999942e-01 5.124929999999999986e+00 6.763500000000000068e-01 0.000000000000000000e+00
8.800000000000000000e+01 1.809999999999999942e-01 5.142610000000000348e+00 6.767199999999999882e-01 0.000000000000000000e+00
8.900000000000000000e+01 1.809999999999999942e-01 5.160099999999999909e+00 6.770500000000000407e-01 0.000000000000000000e+00
9.000000000000000000e+01 1.809999999999999942e-01 5.177139999999999631e+00 6.773599999999999621e-01 0.000000000000000000e+00
9.100000000000000000e+01 1.809999999999999942e-01 5.193590000000000373e+00 6.776799999999999491e-01 0.000000000000000000e+00
9.200000000000000000e+01 1.809999999999999942e-01 5.210139999999999993e+00 6.780199999999999561e-01 0.000000000000000000e+00
9.300000000000000000e+01 1.809999999999999942e-01 5.227540000000000298e+00 6.788899999999999935e-01 0.000000000000000000e+00
9.400000000000000000e+01 1.809999999999999942e-01 5.245230000000000281e+00 6.799199999999999688e-01 0.000000000000000000e+00
9.500000000000000000e+01 1.809999999999999942e-01 5.262380000000000280e+00 6.809600000000000097e-01 0.000000000000000000e+00
9.600000000000000000e+01 1.809999999999999942e-01 5.279410000000000380e+00 6.819800000000000306e-01 0.000000000000000000e+00
9.700000000000000000e+01 1.809999999999999942e-01 5.296129999999999782e+00 6.829499999999999460e-01 0.000000000000000000e+00
9.800000000000000000e+01 1.809999999999999942e-01 5.312800000000000189e+00 6.838800000000000434e-01 0.000000000000000000e+00
9.900000000000000000e+01 1.809999999999999942e-01 5.329410000000000203e+00 6.847800000000000553e-01 0.000000000000000000e+00
1.000000000000000000e+02 1.809999999999999942e-01 5.345900000000000318e+00 6.856100000000000527e-01 0.000000000000000000e+00
1.010000000000000000e+02 1.809999999999999942e-01 5.362339999999999662e+00 6.863899999999999446e-01 0.000000000000000000e+00
1.020000000000000000e+02 1.809999999999999942e-01 5.379419999999999646e+00 6.871000000000000441e-01 0.000000000000000000e+00
1.030000000000000000e+02 1.809999999999999942e-01 5.396399999999999864e+00 6.877400000000000180e-01 0.000000000000000000e+00
1.040000000000000000e+02 1.809999999999999942e-01 5.413280000000000314e+00 6.883599999999999719e-01 0.000000000000000000e+00
1.050000000000000000e+02 1.809999999999999942e-01 5.430480000000000196e+00 6.889399999999999968e-01 0.000000000000000000e+00
1.060000000000000000e+02 1.809999999999999942e-01 5.447600000000000442e+00 6.894799999999999818e-01 0.000000000000000000e+00
1.070000000000000000e+02 1.809999999999999942e-01 5.464550000000000018e+00 6.900199999999999667e-01 0.000000000000000000e+00
1.080000000000000000e+02 1.809999999999999942e-01 5.481539999999999857e+00 6.905599999999999516e-01 0.000000000000000000e+00
1.090000000000000000e+02 1.809999999999999942e-01 5.498140000000000249e+00 6.911300000000000221e-01 0.000000000000000000e+00
1.100000000000000000e+02 1.809999999999999942e-01 5.514599999999999724e+00 6.916400000000000325e-01 0.000000000000000000e+00
1.110000000000000000e+02 1.809999999999999942e-01 5.530940000000000190e+00 6.921399999999999775e-01 0.000000000000000000e+00
1.120000000000000000e+02 1.809999999999999942e-01 5.547559999999999825e+00 6.926400000000000334e-01 0.000000000000000000e+00
1.130000000000000000e+02 1.809999999999999942e-01 5.564400000000000013e+00 6.931199999999999584e-01 0.000000000000000000e+00
1.140000000000000000e+02 1.809999999999999942e-01 5.581330000000000346e+00 6.935900000000000398e-01 0.000000000000000000e+00
1.150000000000000000e+02 1.809999999999999942e-01 5.598440000000000083e+00 6.940600000000000103e-01 0.000000000000000000e+00
1.160000000000000000e+02 1.809999999999999942e-01 5.615359999999999907e+00 6.944900000000000517e-01 0.000000000000000000e+00
1.170000000000000000e+02 1.809999999999999942e-01 5.632670000000000066e+00 6.948699999999999877e-01 0.000000000000000000e+00
1.180000000000000000e+02 1.809999999999999942e-01 5.650339999999999918e+00 6.952300000000000146e-01 0.000000000000000000e+00
1.190000000000000000e+02 1.809999999999999942e-01 5.667690000000000339e+00 6.955900000000000416e-01 0.000000000000000000e+00
1.200000000000000000e+02 1.809999999999999942e-01 5.684789999999999566e+00 6.958800000000000541e-01 0.000000000000000000e+00
