1.000000000000000000e+00 1.529999999999999971e-01 3.380329999999999835e+00 4.597700000000000120e-01 0.000000000000000000e+00
2.000000000000000000e+00 1.250000000000000000e-01 5.042449999999999655e+00 5.868900000000000228e-01 0.000000000000000000e+00
3.000000000000000000e+00 1.390000000000000124e-01 4.401629999999999932e+00 7.027200000000000113e-01 0.000000000000000000e+00
4.000000000000000000e+00 1.390000000000000124e-01 4.046030000000000015e+00 6.455499999999999572e-01 0.000000000000000000e+00
5.000000000000000000e+00 1.390000000000000124e-01 4.061880000000000379e+00 6.124600000000000044e-01 0.000000000000000000e+00
6.000000000000000000e+00 1.390000000000000124e-01 4.222739999999999938e+00 5.878299999999999637e-01 0.000000000000000000e+00
7.000000000000000000e+00 1.390000000000000124e-01 4.275210000000000399e+00 5.682899999999999618e-01 0.000000000000000000e+00
8.000000000000000000e+00 1.390000000000000124e-01 4.333999999999999631e+00 5.500199999999999534e-01 0.000000000000000000e+00
9.000000000000000000e+00 1.390000000000000124e-01 4.555710000000000370e+00 5.413499999999999979e-01 0.000000000000000000e+00
1.000000000000000000e+01 1.390000000000000124e-01 5.257509999999999906e+00 5.354499999999999815e-01 0.000000000000000000e+00
1.100000000000000000e+01 1.390000000000000124e-01 7.052419999999999689e+00 5.262000000000000011e-01 0.000000000000000000e+00
1.200000000000000000e+01 1.459999999999999909e-01 7.882859999999999978e+00 5.064400000000000013e-01 0.000000000000000000e+00
1.300000000000000000e+01 1.459999999999999909e-01 8.157650000000000290e+00 4.893199999999999772e-01 0.000000000000000000e+00
1.400000000000000000e+01 1.459999999999999909e-01 8.272930000000000561e+00 4.749700000000000033e-01 0.000000000000000000e+00
1.500000000000000000e+01 1.459999999999999909e-01 8.438570000000000348e+00 4.624199999999999977e-01 0.000000000000000000e+00
1.600000000000000000e+01 1.459999999999999909e-01 8.584450000000000358e+00 4.520000000000000129e-01 0.000000000000000000e+00
1.700000000000000000e+01 1.459999999999999909e-01 8.646530000000000271e+00 4.431300000000000239e-01 0.000000000000000000e+00
1.800000000000000000e+01 1.459999999999999909e-01 8.636120000000000019e+00 4.327900000000000080e-01 0.000000000000000000e+00
1.900000000000000000e+01 1.459999999999999909e-01 8.615750000000000242e+00 4.191900000000000071e-01 0.000000000000000000e+00
2.000000000000000000e+01 1.459999999999999909e-01 8.584730000000000416e+00 4.111400000000000055e-01 0.000000000000000000e+00
2.100000000000000000e+01 1.459999999999999909e-01 8.589040000000000674e+00 4.048499999999999877e-01 0.000000000000000000e+00
2.200000000000000000e+01 1.459999999999999909e-01 8.498639999999999972e+00 4.001899999999999902e-01 0.000000000000000000e+00
2.300000000000000000e+01 1.600000000000000033e-01 3.309140000000000192e+00 7.929100000000000037e-01 0.000000000000000000e+00
2.400000000000000000e+01 1.600000000000000033e-01 3.312619999999999898e+00 7.921200000000000463e-01 0.000000000000000000e+00
2.500000000000000000e+01 1.600000000000000033e-01 3.317140000000000200e+00 7.914400000000000324e-01 0.000000000000000000e+00
2.600000000000000000e+01 1.600000000000000033e-01 3.322989999999999888e+00 7.905600000000000405e-01 0.000000000000000000e+00
2.700000000000000000e+01 1.600000000000000033e-01 3.329289999999999861e+00 7.894600000000000506e-01 0.000000000000000000e+00
2.800000000000000000e+01 1.600000000000000033e-01 3.335500000000000131e+00 7.882099999999999662e-01 0.000000000000000000e+00
2.900000000000000000e+01 1.600000000000000033e-01 3.341289999999999871e+00 7.867600000000000149e-01 0.000000000000000000e+00
3.000000000000000000e+01 1.600000000000000033e-01 3.347049999999999859e+00 7.852200000000000291e-01 0.000000000000000000e+00
3.100000000000000000e+01 1.600000000000000033e-01 3.352799999999999780e+00 7.840000000000000302e-01 0.000000000000000000e+00
3.200000000000000000e+01 1.600000000000000033e-01 3.358639999999999848e+00 7.831599999999999673e-01 0.000000000000000000e+00
3.300000000000000000e+01 1.600000000000000033e-01 3.364710000000000090e+00 7.823299999999999699e-01 0.000000000000000000e+00
3.400000000000000000e+01 1.600000000000000033e-01 3.369870000000000143e+00 7.813200000000000145e-01 0.000000000000000000e+00
3.500000000000000000e+01 1.600000000000000033e-01 3.374130000000000074e+00 7.802099999999999591e-01 0.000000000000000000e+00
3.600000000000000000e+01 1.600000000000000033e-01 3.376860000000000195e+00 7.794299999999999562e-01 0.000000000000000000e+00
3.700000000000000000e+01 1.600000000000000033e-01 3.379789999999999850e+00 7.786899999999999933e-01 0.000000000000000000e+00
3.800000000000000000e+01 1.600000000000000033e-01 3.382390000000000008e+00 7.779700000000000504e-01 0.000000000000000000e+00
3.900000000000000000e+01 1.600000000000000033e-01 3.385879999999999779e+00 7.770500000000000185e-01 0.000000000000000000e+00
4.000000000000000000e+01 1.600000000000000033e-01 3.389489999999999892e+00 7.764100000000000446e-01 0.000000000000000000e+00
4.100000000000000000e+01 1.600000000000000033e-01 3.392399999999999860e+00 7.759899999999999576e-01 0.000000000000000000e+00
4.200000000000000000e+01 1.600000000000000033e-01 3.395550000000000068e+00 7.749000000000000332e-01 0.000000000000000000e+00
4.300000000000000000e+01 1.600000000000000033e-01 3.397879999999999789e+00 7.740599999999999703e-01 0.000000000000000000e+00
4.400000000000000000e+01 1.600000000000000033e-01 3.401219999999999910e+00 7.730500000000000149e-01 0.000000000000000000e+00
4.500000000000000000e+01 1.600000000000000033e-01 3.404630000000000045e+00 7.719000000000000306e-01 0.000000000000000000e+00
4.600000000000000000e+01 1.600000000000000033e-01 3.408059999999999867e+00 7.708599999999999897e-01 0.000000000000000000e+00
4.700000000000000000e+01 1.600000000000000033e-01 3.411519999999999886e+00 7.698800000000000088e-01 0.000000000000000000e+00
4.800000000000000000e+01 1.600000000000000033e-01 3.414880000000000138e+00 7.688099999999999934e-01 0.000000000000000000e+00
4.900000000000000000e+01 1.600000000000000033e-01 3.418179999999999996e+00 7.677599999999999980e-01 0.000000000000000000e+00
5.000000000000000000e+01 1.600000000000000033e-01 3.420720000000000205e+00 7.670799999999999841e-01 0.000000000000000000e+00
5.100000000000000000e+01 1.600000000000000033e-01 3.423509999999999831e+00 7.663999999999999702e-01 0.000000000000000000e+00
5.200000000000000000e+01 1.600000000000000033e-01 3.428290000000000060e+00 7.638700000000000490e-01 0.000000000000000000e+00
5.300000000000000000e+01 1.600000000000000033e-01 3.441889999999999894e+00 7.551600000000000534e-01 0.000000000000000000e+00
5.400000000000000000e+01 1.600000000000000033e-01 3.454909999999999926e+00 7.478700000000000347e-01 0.000000000000000000e+00
5.500000000000000000e+01 1.600000000000000033e-01 3.467080000000000162e+00 7.412199999999999900e-01 0.000000000000000000e+00
5.600000000000000000e+01 1.600000000000000033e-01 3.478639999999999954e+00 7.352699999999999791e-01 0.000000000000000000e+00
5.700000000000000000e+01 1.600000000000000033e-01 3.490419999999999856e+00 7.295099999999999918e-01 0.000000000000000000e+00
5.800000000000000000e+01 1.600000000000000033e-01 3.504199999999999982e+00 7.228799999999999670e-01 0.000000000000000000e+00
5.900000000000000000e+01 1.600000000000000033e-01 3.519540000000000113e+00 7.149699999999999944e-01 0.000000000000000000e+00
6.000000000000000000e+01 1.600000000000000033e-01 3.526460000000000150e+00 7.120100000000000318e-01 0.000000000000000000e+00
6.100000000000000000e+01 1.600000000000000033e-01 3.533259999999999845e+00 7.094700000000000450e-01 0.000000000000000000e+00
6.200000000000000000e+01 1.600000000000000033e-01 3.540709999999999802e+00 7.071600000000000108e-01 0.000000000000000000e+00
6.300000000000000000e+01 1.600000000000000033e-01 3.548340000000000050e+00 7.050600000000000200e-01 0.000000000000000000e+00
6.400000000000000000e+01 1.600000000000000033e-01 3.555499999999999883e+00 7.030600000000000183e-01 0.000000000000000000e+00
6.500000000000000000e+01 1.600000000000000033e-01 3.562600000000000211e+00 7.011699999999999600e-01 0.000000000000000000e+00
6.600000000000000000e+01 1.600000000000000033e-01 3.569550000000000001e+00 6.994399999999999507e-01 0.000000000000000000e+00
6.700000000000000000e+01 1.600000000000000033e-01 3.577049999999999841e+00 6.974599999999999689e-01 0.000000000000000000e+00
6.800000000000000000e+01 1.600000000000000033e-01 3.585259999999999891e+00 6.952800000000000091e-01 0.000000000000000000e+00
6.900000000000000000e+01 1.600000000000000033e-01 3.593480000000000008e+00 6.934599999999999653e-01 0.000000000000000000e+00
7.000000000000000000e+01 1.600000000000000033e-01 3.602020000000000000e+00 6.915499999999999980e-01 0.000000000000000000e+00
7.100000000000000000e+01 1.600000000000000033e-01 3.610619999999999941e+00 6.895900000000000363e-01 0.000000000000000000e+00
7.200000000000000000e+01 1.670000000000000095e-01 3.619000000000000217e+00 6.877499999999999725e-01 0.000000000000000000e+00
7.300000000000000000e+01 1.670000000000000095e-01 3.626539999999999875e+00 6.861000000000000432e-01 0.000000000000000000e+00
7.400000000000000000e+01 1.670000000000000095e-01 3.633220000000000116e+00 6.845799999999999663e-01 0.000000000000000000e+00
7.500000000000000000e+01 1.670000000000000095e-01 3.639100000000000001e+00 6.832200000000000495e-01 0.000000000000000000e+00
7.600000000000000000e+01 1.670000000000000095e-01 3.644499999999999851e+00 6.819499999999999451e-01 0.000000000000000000e+00
7.700000000000000000e+01 1.670000000000000095e-01 3.649509999999999810e+00 6.807800000000000518e-01 0.000000000000000000e+00
7.800000000000000000e+01 1.670000000000000095e-01 3.653859999999999886e+00 6.797999999999999599e-01 0.000000000000000000e+00
7.900000000000000000e+01 1.670000000000000095e-01 3.657519999999999882e+00 6.789699999999999624e-01 0.000000000000000000e+00
8.000000000000000000e+01 1.670000000000000095e-01 3.660730000000000040e+00 6.782200000000000450e-01 0.000000000000000000e+00
8.100000000000000000e+01 1.670000000000000095e-01 3.663030000000000008e+00 6.776499999999999746e-01 0.000000000000000000e+00
8.200000000000000000e+01 1.670000000000000095e-01 3.665000000000000036e+00 6.771599999999999842e-01 0.000000000000000000e+00
8.300000000000000000e+01 1.670000000000000095e-01 3.666549999999999976e+00 6.766799999999999482e-01 0.000000000000000000e+00
8.400000000000000000e+01 1.670000000000000095e-01 3.667679999999999829e+00 6.762399999999999523e-01 0.000000000000000000e+00
8.500000000000000000e+01 1.670000000000000095e-01 3.668449999999999989e+00 6.758699999999999708e-01 0.000000000000000000e+00
8.600000000000000000e+01 1.670000000000000095e-01 3.668369999999999909e+00 6.756600000000000383e-01 0.000000000000000000e+00
8.700000000000000000e+01 1.670000000000000095e-01 3.667380000000000084e+00 6.756900000000000128e-01 0.000000000000000000e+00
8.800000000000000000e+01 1.600000000000000033e-01 3.666510000000000158e+00 6.757199999999999873e-01 0.000000000000000000e+00
8.900000000000000000e+01 1.600000000000000033e-01 3.665519999999999889e+00 6.757699999999999818e-01 0.000000000000000000e+00
9.000000000000000000e+01 1.600000000000000033e-01 3.664410000000000167e+00 6.758499999999999508e-01 0.000000000000000000e+00
9.100000000000000000e+01 1.600000000000000033e-01 3.663069999999999826e+00 6.759899999999999798e-01 0.000000000000000000e+00
9.200000000000000000e+01 1.600000000000000033e-01 3.661420000000000119e+00 6.761500000000000288e-01 0.000000000000000000e+00
9.300000000000000000e+01 1.600000000000000033e-01 3.659730000000000150e+00 6.763200000000000323e-01 0.000000000000000000e+00
9.400000000000000000e+01 1.600000000000000033e-01 3.658009999999999984e+00 6.765099999999999447e-01 0.000000000000000000e+00
9.500000000000000000e+01 1.600000000000000033e-01 3.656460000000000043e+00 6.766900000000000137e-01 0.000000000000000000e+00
9.600000000000000000e+01 1.600000000000000033e-01 3.654939999999999856e+00 6.768600000000000172e-01 0.000000000000000000e+00
9.700000000000000000e+01 1.600000000000000033e-01 3.653620000000000090e+00 6.770500000000000407e-01 0.000000000000000000e+00
9.800000000000000000e+01 1.600000000000000033e-01 3.652219999999999800e+00 6.772700000000000387e-01 0.000000000000000000e+00
9.900000000000000000e+01 1.600000000000000033e-01 3.650560000000000027e+00 6.775099999999999456e-01 0.000000000000000000e+00
1.000000000000000000e+02 1.600000000000000033e-01 3.649129999999999985e+00 6.777600000000000291e-01 0.000000000000000000e+00
1.010000000000000000e+02 1.600000000000000033e-01 3.648039999999999949e+00 6.779899999999999816e-01 0.000000000000000000e+00
1.020000000000000000e+02 1.600000000000000033e-01 3.647009999999999863e+00 6.782000000000000250e-01 0.000000000000000000e+00
1.030000000000000000e+02 1.600000000000000033e-01 3.646160000000000068e+00 6.784200000000000230e-01 0.000000000000000000e+00
1.040000000000000000e+02 1.600000000000000033e-01 3.645399999999999974e+00 6.786400000000000210e-01 0.000000000000000000e+00
1.050000000000000000e+02 1.600000000000000033e-01 3.644690000000000207e+00 6.788499999999999535e-01 0.000000000000000000e+00
1.060000000000000000e+02 1.600000000000000033e-01 3.644229999999999858e+00 6.790599999999999969e-01 0.000000000000000000e+00
1.070000000000000000e+02 1.600000000000000033e-01 3.643930000000000113e+00 6.792700000000000404e-01 0.000000000000000000e+00
1.080000000000000000e+02 1.600000000000000033e-01 3.643679999999999808e+00 6.794900000000000384e-01 0.000000000000000000e+00
1.090000000000000000e+02 1.600000000000000033e-01 3.643380000000000063e+00 6.796999999999999709e-01 0.000000000000000000e+00
1.100000000000000000e+02 1.600000000000000033e-01 3.642850000000000144e+00 6.799399999999999888e-01 0.000000000000000000e+00
1.110000000000000000e+02 1.600000000000000033e-01 3.642009999999999970e+00 6.802300000000000013e-01 0.000000000000000000e+00
1.120000000000000000e+02 1.600000000000000033e-01 3.640969999999999818e+00 6.805499999999999883e-01 0.000000000000000000e+00
1.130000000000000000e+02 1.600000000000000033e-01 3.640070000000000139e+00 6.808400000000000007e-01 0.000000000000000000e+00
1.140000000000000000e+02 1.600000000000000033e-01 3.639029999999999987e+00 6.811300000000000132e-01 0.000000000000000000e+00
1.150000000000000000e+02 1.600000000000000033e-01 3.637999999999999901e+00 6.814299999999999802e-01 0.000000000000000000e+00
1.160000000000000000e+02 1.600000000000000033e-01 3.637049999999999894e+00 6.817100000000000382e-01 0.000000000000000000e+00
1.170000000000000000e+02 1.600000000000000033e-01 3.636519999999999975e+00 6.819699999999999651e-01 0.000000000000000000e+00
1.180000000000000000e+02 1.600000000000000033e-01 3.636270000000000113e+00 6.822000000000000286e-01 0.000000000000000000e+00
1.190000000000000000e+02 1.600000000000000033e-01 3.636060000000000070e+00 6.824400000000000466e-01 0.000000000000000000e+00
1.200000000000000000e+02 1.600000000000000033e-01 3.636179999999999968e+00 6.826699999999999990e-01 0.000000000000000000e+00
