1.000000000000000000e+00 1.039999999999999952e-01 2.424809999999999910e+00 7.808699999999999530e-01 0.000000000000000000e+00
2.000000000000000000e+00 7.599999999999999811e-02 3.091899999999999871e+00 6.608300000000000285e-01 0.000000000000000000e+00
3.000000000000000000e+00 1.039999999999999952e-01 3.182399999999999896e+00 5.477400000000000047e-01 0.000000000000000000e+00
4.000000000000000000e+00 1.039999999999999952e-01 3.147489999999999899e+00 5.639699999999999713e-01 0.000000000000000000e+00
5.000000000000000000e+00 1.039999999999999952e-01 3.135149999999999881e+00 5.772300000000000209e-01 0.000000000000000000e+00
6.000000000000000000e+00 1.039999999999999952e-01 3.158749999999999947e+00 5.902600000000000069e-01 0.000000000000000000e+00
7.000000000000000000e+00 1.039999999999999952e-01 3.208130000000000148e+00 5.974199999999999511e-01 0.000000000000000000e+00
8.000000000000000000e+00 1.039999999999999952e-01 3.234090000000000131e+00 6.076899999999999524e-01 0.000000000000000000e+00
9.000000000000000000e+00 9.700000000000000289e-02 3.244520000000000071e+00 6.289900000000000491e-01 0.000000000000000000e+00
1.000000000000000000e+01 9.700000000000000289e-02 3.199730000000000185e+00 6.523499999999999854e-01 0.000000000000000000e+00
1.100000000000000000e+01 9.700000000000000289e-02 3.165109999999999868e+00 6.718699999999999672e-01 0.000000000000000000e+00
1.200000000000000000e+01 9.700000000000000289e-02 3.126209999999999933e+00 6.918400000000000105e-01 0.000000000000000000e+00
1.300000000000000000e+01 9.700000000000000289e-02 3.076490000000000169e+00 7.120699999999999807e-01 0.000000000000000000e+00
1.400000000000000000e+01 9.700000000000000289e-02 2.728000000000000203e+00 7.757399999999999851e-01 0.000000000000000000e+00
1.500000000000000000e+01 1.459999999999999909e-01 2.297730000000000050e+00 6.147299999999999986e-01 0.000000000000000000e+00
1.600000000000000000e+01 1.459999999999999909e-01 2.311830000000000052e+00 6.085700000000000554e-01 0.000000000000000000e+00
1.700000000000000000e+01 1.459999999999999909e-01 2.326270000000000060e+00 6.041299999999999448e-01 0.000000000000000000e+00
1.800000000000000000e+01 1.459999999999999909e-01 2.341380000000000017e+00 6.004199999999999537e-01 0.000000000000000000e+00
1.900000000000000000e+01 1.459999999999999909e-01 2.356599999999999806e+00 5.979999999999999760e-01 0.000000000000000000e+00
2.000000000000000000e+01 1.459999999999999909e-01 2.372219999999999995e+00 5.958900000000000308e-01 0.000000000000000000e+00
2.100000000000000000e+01 1.459999999999999909e-01 2.387659999999999894e+00 5.944500000000000339e-01 0.000000000000000000e+00
2.200000000000000000e+01 1.459999999999999909e-01 2.401229999999999976e+00 5.938799999999999635e-01 0.000000000000000000e+00
2.300000000000000000e+01 1.459999999999999909e-01 2.412500000000000089e+00 5.935399999999999565e-01 0.000000000000000000e+00
2.400000000000000000e+01 1.459999999999999909e-01 2.421839999999999993e+00 5.940299999999999470e-01 0.000000000000000000e+00
2.500000000000000000e+01 1.459999999999999909e-01 2.426699999999999857e+00 5.955500000000000238e-01 0.000000000000000000e+00
2.600000000000000000e+01 1.459999999999999909e-01 2.432230000000000114e+00 5.979100000000000525e-01 0.000000000000000000e+00
2.700000000000000000e+01 1.390000000000000124e-01 2.437419999999999920e+00 6.008900000000000352e-01 0.000000000000000000e+00
2.800000000000000000e+01 1.390000000000000124e-01 2.441329999999999778e+00 6.045300000000000118e-01 0.000000000000000000e+00
2.900000000000000000e+01 1.390000000000000124e-01 2.445500000000000007e+00 6.083499999999999464e-01 0.000000000000000000e+00
3.000000000000000000e+01 1.390000000000000124e-01 2.450029999999999930e+00 6.117099999999999760e-01 0.000000000000000000e+00
3.100000000000000000e+01 1.390000000000000124e-01 2.456409999999999982e+00 6.150900000000000256e-01 0.000000000000000000e+00
3.200000000000000000e+01 1.390000000000000124e-01 2.463140000000000107e+00 6.189200000000000257e-01 0.000000000000000000e+00
3.300000000000000000e+01 1.390000000000000124e-01 2.468789999999999818e+00 6.231499999999999817e-01 0.000000000000000000e+00
3.400000000000000000e+01 1.320000000000000062e-01 2.472690000000000055e+00 6.277199999999999447e-01 0.000000000000000000e+00
3.500000000000000000e+01 1.320000000000000062e-01 2.475760000000000183e+00 6.325199999999999712e-01 0.000000000000000000e+00
3.600000000000000000e+01 1.320000000000000062e-01 2.480480000000000018e+00 6.372700000000000031e-01 0.000000000000000000e+00
3.700000000000000000e+01 1.320000000000000062e-01 2.486380000000000035e+00 6.424400000000000110e-01 0.000000000000000000e+00
3.800000000000000000e+01 1.320000000000000062e-01 2.492760000000000087e+00 6.478399999999999714e-01 0.000000000000000000e+00
3.900000000000000000e+01 1.320000000000000062e-01 2.498540000000000205e+00 6.533600000000000518e-01 0.000000000000000000e+00
4.000000000000000000e+01 1.320000000000000062e-01 2.504610000000000003e+00 6.587100000000000177e-01 0.000000000000000000e+00
4.100000000000000000e+01 1.320000000000000062e-01 2.511670000000000069e+00 6.643099999999999561e-01 0.000000000000000000e+00
4.200000000000000000e+01 1.320000000000000062e-01 2.520779999999999799e+00 6.698499999999999455e-01 0.000000000000000000e+00
4.300000000000000000e+01 1.320000000000000062e-01 2.532690000000000108e+00 6.754799999999999693e-01 0.000000000000000000e+00
4.400000000000000000e+01 1.320000000000000062e-01 2.544290000000000163e+00 6.813700000000000312e-01 0.000000000000000000e+00
4.500000000000000000e+01 1.320000000000000062e-01 2.555950000000000166e+00 6.871800000000000130e-01 0.000000000000000000e+00
4.600000000000000000e+01 1.320000000000000062e-01 2.566520000000000135e+00 6.929600000000000204e-01 0.000000000000000000e+00
4.700000000000000000e+01 1.320000000000000062e-01 2.578120000000000189e+00 6.987100000000000533e-01 0.000000000000000000e+00
4.800000000000000000e+01 1.320000000000000062e-01 2.589220000000000077e+00 7.049999999999999600e-01 0.000000000000000000e+00
4.900000000000000000e+01 1.320000000000000062e-01 2.600150000000000183e+00 7.115399999999999503e-01 0.000000000000000000e+00
5.000000000000000000e+01 1.320000000000000062e-01 2.609680000000000000e+00 7.183000000000000496e-01 0.000000000000000000e+00
5.100000000000000000e+01 1.320000000000000062e-01 2.619050000000000100e+00 7.250100000000000433e-01 0.000000000000000000e+00
5.200000000000000000e+01 1.320000000000000062e-01 2.629030000000000200e+00 7.314399999999999791e-01 0.000000000000000000e+00
5.300000000000000000e+01 1.320000000000000062e-01 2.639120000000000132e+00 7.380400000000000293e-01 0.000000000000000000e+00
5.400000000000000000e+01 1.320000000000000062e-01 2.648829999999999796e+00 7.452600000000000335e-01 0.000000000000000000e+00
5.500000000000000000e+01 1.250000000000000000e-01 2.658659999999999801e+00 7.526500000000000412e-01 0.000000000000000000e+00
5.600000000000000000e+01 1.250000000000000000e-01 2.667600000000000193e+00 7.602600000000000469e-01 0.000000000000000000e+00
5.700000000000000000e+01 1.250000000000000000e-01 2.675780000000000047e+00 7.678800000000000070e-01 0.000000000000000000e+00
5.800000000000000000e+01 1.250000000000000000e-01 2.683190000000000186e+00 7.754499999999999726e-01 0.000000000000000000e+00
5.900000000000000000e+01 1.250000000000000000e-01 2.690840000000000121e+00 7.833700000000000108e-01 0.000000000000000000e+00
6.000000000000000000e+01 1.250000000000000000e-01 2.697509999999999852e+00 7.915100000000000469e-01 0.000000000000000000e+00
6.100000000000000000e+01 1.250000000000000000e-01 2.703759999999999941e+00 7.999000000000000554e-01 0.000000000000000000e+00
6.200000000000000000e+01 1.250000000000000000e-01 2.709299999999999820e+00 8.083099999999999730e-01 0.000000000000000000e+00
6.300000000000000000e+01 1.250000000000000000e-01 2.715329999999999799e+00 8.167299999999999560e-01 0.000000000000000000e+00
6.400000000000000000e+01 1.250000000000000000e-01 2.721499999999999808e+00 8.248600000000000376e-01 0.000000000000000000e+00
6.500000000000000000e+01 1.250000000000000000e-01 2.728050000000000086e+00 8.330999999999999517e-01 0.000000000000000000e+00
6.600000000000000000e+01 1.179999999999999938e-01 2.735390000000000210e+00 8.421300000000000452e-01 0.000000000000000000e+00
6.700000000000000000e+01 1.179999999999999938e-01 2.742630000000000123e+00 8.509900000000000242e-01 0.000000000000000000e+00
6.800000000000000000e+01 1.179999999999999938e-01 2.750199999999999978e+00 8.591400000000000148e-01 0.000000000000000000e+00
6.900000000000000000e+01 1.179999999999999938e-01 2.756850000000000023e+00 8.671699999999999964e-01 0.000000000000000000e+00
7.000000000000000000e+01 1.179999999999999938e-01 2.762100000000000222e+00 8.754399999999999959e-01 0.000000000000000000e+00
7.100000000000000000e+01 1.179999999999999938e-01 2.766220000000000123e+00 8.836199999999999610e-01 0.000000000000000000e+00
7.200000000000000000e+01 1.179999999999999938e-01 2.769509999999999916e+00 8.913100000000000467e-01 0.000000000000000000e+00
7.300000000000000000e+01 1.179999999999999938e-01 2.772959999999999869e+00 8.981099999999999639e-01 0.000000000000000000e+00
7.400000000000000000e+01 1.179999999999999938e-01 2.775500000000000078e+00 9.042999999999999927e-01 0.000000000000000000e+00
7.500000000000000000e+01 1.179999999999999938e-01 2.777299999999999880e+00 9.096999999999999531e-01 0.000000000000000000e+00
7.600000000000000000e+01 1.179999999999999938e-01 2.779389999999999805e+00 9.139500000000000401e-01 0.000000000000000000e+00
7.700000000000000000e+01 1.179999999999999938e-01 2.781369999999999898e+00 9.173099999999999588e-01 0.000000000000000000e+00
7.800000000000000000e+01 1.179999999999999938e-01 2.783970000000000056e+00 9.197300000000000475e-01 0.000000000000000000e+00
7.900000000000000000e+01 1.179999999999999938e-01 2.785940000000000083e+00 9.211899999999999533e-01 0.000000000000000000e+00
8.000000000000000000e+01 1.179999999999999938e-01 2.787230000000000096e+00 9.215200000000000058e-01 0.000000000000000000e+00
8.100000000000000000e+01 1.110000000000000014e-01 2.786519999999999886e+00 9.207300000000000484e-01 0.000000000000000000e+00
8.200000000000000000e+01 1.110000000000000014e-01 2.785099999999999909e+00 9.191099999999999826e-01 0.000000000000000000e+00
8.300000000000000000e+01 1.110000000000000014e-01 2.784289999999999932e+00 9.170099999999999918e-01 0.000000000000000000e+00
8.400000000000000000e+01 1.110000000000000014e-01 2.783100000000000129e+00 9.144600000000000506e-01 0.000000000000000000e+00
8.500000000000000000e+01 1.110000000000000014e-01 2.780549999999999855e+00 9.111200000000000410e-01 0.000000000000000000e+00
8.600000000000000000e+01 1.110000000000000014e-01 2.776009999999999867e+00 9.070799999999999974e-01 0.000000000000000000e+00
8.700000000000000000e+01 1.110000000000000014e-01 2.769029999999999880e+00 9.017899999999999805e-01 0.000000000000000000e+00
8.800000000000000000e+01 1.110000000000000014e-01 2.762490000000000112e+00 8.964600000000000346e-01 0.000000000000000000e+00
8.900000000000000000e+01 1.110000000000000014e-01 2.753639999999999866e+00 8.901900000000000368e-01 0.000000000000000000e+00
9.000000000000000000e+01 1.110000000000000014e-01 2.744229999999999947e+00 8.838500000000000245e-01 0.000000000000000000e+00
9.100000000000000000e+01 1.110000000000000014e-01 2.735669999999999824e+00 8.778500000000000192e-01 0.000000000000000000e+00
9.200000000000000000e+01 1.179999999999999938e-01 2.728330000000000144e+00 8.722499999999999698e-01 0.000000000000000000e+00
9.300000000000000000e+01 1.179999999999999938e-01 2.720920000000000005e+00 8.664600000000000080e-01 0.000000000000000000e+00
9.400000000000000000e+01 1.179999999999999938e-01 2.714469999999999938e+00 8.610700000000000021e-01 0.000000000000000000e+00
9.500000000000000000e+01 1.179999999999999938e-01 2.709049999999999958e+00 8.560799999999999521e-01 0.000000000000000000e+00
9.600000000000000000e+01 1.179999999999999938e-01 2.704349999999999810e+00 8.514699999999999491e-01 0.000000000000000000e+00
9.700000000000000000e+01 1.179999999999999938e-01 2.699910000000000032e+00 8.468900000000000317e-01 0.000000000000000000e+00
9.800000000000000000e+01 1.179999999999999938e-01 2.696180000000000021e+00 8.425599999999999756e-01 0.000000000000000000e+00
9.900000000000000000e+01 1.179999999999999938e-01 2.693309999999999871e+00 8.385500000000000176e-01 0.000000000000000000e+00
1.000000000000000000e+02 1.179999999999999938e-01 2.691300000000000026e+00 8.348799999999999555e-01 0.000000000000000000e+00
1.010000000000000000e+02 1.179999999999999938e-01 2.689709999999999823e+00 8.314200000000000479e-01 0.000000000000000000e+00
1.020000000000000000e+02 1.179999999999999938e-01 2.688569999999999904e+00 8.281899999999999817e-01 0.000000000000000000e+00
1.030000000000000000e+02 1.179999999999999938e-01 2.687710000000000043e+00 8.251800000000000246e-01 0.000000000000000000e+00
1.040000000000000000e+02 1.179999999999999938e-01 2.687650000000000095e+00 8.223000000000000309e-01 0.000000000000000000e+00
1.050000000000000000e+02 1.179999999999999938e-01 2.687910000000000021e+00 8.194299999999999917e-01 0.000000000000000000e+00
1.060000000000000000e+02 1.179999999999999938e-01 2.688309999999999977e+00 8.166900000000000270e-01 0.000000000000000000e+00
1.070000000000000000e+02 1.179999999999999938e-01 2.689189999999999969e+00 8.141199999999999548e-01 0.000000000000000000e+00
1.080000000000000000e+02 1.179999999999999938e-01 2.690729999999999844e+00 8.117400000000000171e-01 0.000000000000000000e+00
1.090000000000000000e+02 1.179999999999999938e-01 2.692309999999999981e+00 8.093099999999999739e-01 0.000000000000000000e+00
1.100000000000000000e+02 1.179999999999999938e-01 2.693439999999999834e+00 8.068499999999999561e-01 0.000000000000000000e+00
1.110000000000000000e+02 1.179999999999999938e-01 2.694729999999999848e+00 8.044099999999999584e-01 0.000000000000000000e+00
1.120000000000000000e+02 1.179999999999999938e-01 2.695969999999999978e+00 8.020399999999999752e-01 0.000000000000000000e+00
1.130000000000000000e+02 1.179999999999999938e-01 2.697519999999999918e+00 7.997400000000000064e-01 0.000000000000000000e+00
1.140000000000000000e+02 1.179999999999999938e-01 2.699100000000000055e+00 7.975400000000000267e-01 0.000000000000000000e+00
1.150000000000000000e+02 1.110000000000000014e-01 2.700969999999999871e+00 7.954400000000000359e-01 0.000000000000000000e+00
1.160000000000000000e+02 1.110000000000000014e-01 2.702960000000000029e+00 7.934200000000000141e-01 0.000000000000000000e+00
1.170000000000000000e+02 1.110000000000000014e-01 2.704909999999999926e+00 7.914499999999999869e-01 0.000000000000000000e+00
1.180000000000000000e+02 1.110000000000000014e-01 2.706570000000000142e+00 7.894400000000000306e-01 0.000000000000000000e+00
1.190000000000000000e+02 1.110000000000000014e-01 2.708480000000000221e+00 7.874499999999999833e-01 0.000000000000000000e+00
1.200000000000000000e+02 1.110000000000000014e-01 2.710510000000000197e+00 7.855100000000000415e-01 0.000000000000000000e+00
