1.000000000000000000e+00 1.459999999999999909e-01 1.660199999999999898e+00 6.617899999999999894e-01 0.000000000000000000e+00
2.000000000000000000e+00 1.459999999999999909e-01 1.473430000000000017e+00 8.638299999999999867e-01 0.000000000000000000e+00
3.000000000000000000e+00 1.529999999999999971e-01 1.615850000000000009e+00 8.629999999999999893e-01 0.000000000000000000e+00
4.000000000000000000e+00 1.600000000000000033e-01 1.670889999999999986e+00 8.630299999999999638e-01 0.000000000000000000e+00
5.000000000000000000e+00 1.600000000000000033e-01 1.770229999999999970e+00 8.367799999999999683e-01 0.000000000000000000e+00
6.000000000000000000e+00 1.600000000000000033e-01 1.934700000000000086e+00 8.178600000000000314e-01 0.000000000000000000e+00
7.000000000000000000e+00 1.670000000000000095e-01 2.147619999999999862e+00 8.309400000000000119e-01 0.000000000000000000e+00
8.000000000000000000e+00 1.739999999999999880e-01 2.372590000000000199e+00 8.506299999999999972e-01 0.000000000000000000e+00
9.000000000000000000e+00 1.739999999999999880e-01 2.462639999999999940e+00 8.726199999999999513e-01 0.000000000000000000e+00
1.000000000000000000e+01 1.739999999999999880e-01 2.548249999999999904e+00 8.827399999999999691e-01 0.000000000000000000e+00
1.100000000000000000e+01 1.739999999999999880e-01 2.637640000000000207e+00 8.969899999999999540e-01 0.000000000000000000e+00
1.200000000000000000e+01 1.739999999999999880e-01 2.729049999999999976e+00 9.120899999999999563e-01 0.000000000000000000e+00
1.300000000000000000e+01 1.739999999999999880e-01 2.952370000000000161e+00 9.276100000000000456e-01 0.000000000000000000e+00
1.400000000000000000e+01 1.739999999999999880e-01 3.088699999999999779e+00 9.349699999999999678e-01 0.000000000000000000e+00
1.500000000000000000e+01 1.739999999999999880e-01 3.099950000000000205e+00 9.376200000000000090e-01 0.000000000000000000e+00
1.600000000000000000e+01 1.809999999999999942e-01 3.095019999999999882e+00 9.413099999999999801e-01 0.000000000000000000e+00
1.700000000000000000e+01 1.809999999999999942e-01 3.093199999999999950e+00 9.439699999999999758e-01 0.000000000000000000e+00
1.800000000000000000e+01 1.880000000000000004e-01 3.103979999999999961e+00 9.455799999999999761e-01 0.000000000000000000e+00
1.900000000000000000e+01 1.880000000000000004e-01 3.111419999999999852e+00 9.461600000000000010e-01 0.000000000000000000e+00
2.000000000000000000e+01 1.880000000000000004e-01 3.115040000000000031e+00 9.465299999999999825e-01 0.000000000000000000e+00
2.100000000000000000e+01 1.880000000000000004e-01 3.123829999999999885e+00 9.467700000000000005e-01 0.000000000000000000e+00
2.200000000000000000e+01 1.880000000000000004e-01 3.136319999999999997e+00 9.465599999999999570e-01 0.000000000000000000e+00
2.300000000000000000e+01 1.880000000000000004e-01 3.154209999999999958e+00 9.464000000000000190e-01 0.000000000000000000e+00
2.400000000000000000e+01 1.880000000000000004e-01 3.172019999999999840e+00 9.459699999999999775e-01 0.000000000000000000e+00
2.500000000000000000e+01 1.880000000000000004e-01 3.217099999999999849e+00 9.427100000000000479e-01 0.000000000000000000e+00
2.600000000000000000e+01 1.809999999999999942e-01 3.289759999999999796e+00 9.343000000000000194e-01 0.000000000000000000e+00
2.700000000000000000e+01 1.670000000000000095e-01 4.590589999999999726e+00 5.724000000000000199e-01 0.000000000000000000e+00
2.800000000000000000e+01 1.600000000000000033e-01 4.531080000000000219e+00 5.830499999999999572e-01 0.000000000000000000e+00
2.900000000000000000e+01 1.600000000000000033e-01 4.518970000000000375e+00 5.858600000000000474e-01 0.000000000000000000e+00
3.000000000000000000e+01 1.600000000000000033e-01 4.480990000000000251e+00 5.920999999999999597e-01 0.000000000000000000e+00
3.100000000000000000e+01 1.600000000000000033e-01 4.416599999999999859e+00 6.024699999999999500e-01 0.000000000000000000e+00
3.200000000000000000e+01 1.600000000000000033e-01 4.299900000000000055e+00 6.203999999999999515e-01 0.000000000000000000e+00
3.300000000000000000e+01 1.600000000000000033e-01 4.197280000000000122e+00 6.366600000000000037e-01 0.000000000000000000e+00
3.400000000000000000e+01 2.010000000000000120e-01 3.679190000000000182e+00 8.038300000000000445e-01 0.000000000000000000e+00
3.500000000000000000e+01 2.010000000000000120e-01 3.680180000000000007e+00 8.083299999999999930e-01 0.000000000000000000e+00
3.600000000000000000e+01 2.010000000000000120e-01 3.681929999999999925e+00 8.127799999999999470e-01 0.000000000000000000e+00
3.700000000000000000e+01 2.010000000000000120e-01 3.684109999999999996e+00 8.173000000000000265e-01 0.000000000000000000e+00
3.800000000000000000e+01 2.010000000000000120e-01 3.686819999999999986e+00 8.217299999999999605e-01 0.000000000000000000e+00
3.900000000000000000e+01 2.010000000000000120e-01 3.690690000000000026e+00 8.259100000000000330e-01 0.000000000000000000e+00
4.000000000000000000e+01 2.010000000000000120e-01 3.694859999999999811e+00 8.299199999999999910e-01 0.000000000000000000e+00
4.100000000000000000e+01 2.010000000000000120e-01 3.699260000000000215e+00 8.337099999999999511e-01 0.000000000000000000e+00
4.200000000000000000e+01 2.010000000000000120e-01 3.703969999999999985e+00 8.373199999999999532e-01 0.000000000000000000e+00
4.300000000000000000e+01 2.010000000000000120e-01 3.708499999999999908e+00 8.408200000000000118e-01 0.000000000000000000e+00
4.400000000000000000e+01 2.010000000000000120e-01 3.711889999999999912e+00 8.443199999999999594e-01 0.000000000000000000e+00
4.500000000000000000e+01 2.010000000000000120e-01 3.714360000000000106e+00 8.478299999999999725e-01 0.000000000000000000e+00
4.600000000000000000e+01 2.010000000000000120e-01 3.717029999999999834e+00 8.511400000000000077e-01 0.000000000000000000e+00
4.700000000000000000e+01 2.010000000000000120e-01 3.719669999999999810e+00 8.543300000000000338e-01 0.000000000000000000e+00
4.800000000000000000e+01 2.010000000000000120e-01 3.721229999999999816e+00 8.575700000000000545e-01 0.000000000000000000e+00
4.900000000000000000e+01 2.010000000000000120e-01 3.722030000000000172e+00 8.607200000000000406e-01 0.000000000000000000e+00
5.000000000000000000e+01 2.010000000000000120e-01 3.722710000000000186e+00 8.638799999999999812e-01 0.000000000000000000e+00
5.100000000000000000e+01 2.010000000000000120e-01 3.722409999999999997e+00 8.670999999999999819e-01 0.000000000000000000e+00
5.200000000000000000e+01 2.010000000000000120e-01 3.722970000000000113e+00 8.701200000000000045e-01 0.000000000000000000e+00
5.300000000000000000e+01 2.010000000000000120e-01 3.723489999999999966e+00 8.730099999999999527e-01 0.000000000000000000e+00
5.400000000000000000e+01 2.010000000000000120e-01 3.722840000000000149e+00 8.756300000000000194e-01 0.000000000000000000e+00
5.500000000000000000e+01 2.010000000000000120e-01 3.722030000000000172e+00 8.781099999999999461e-01 0.000000000000000000e+00
5.600000000000000000e+01 2.010000000000000120e-01 3.721579999999999888e+00 8.804899999999999949e-01 0.000000000000000000e+00
5.700000000000000000e+01 2.010000000000000120e-01 3.721340000000000092e+00 8.826500000000000457e-01 0.000000000000000000e+00
5.800000000000000000e+01 2.010000000000000120e-01 3.721109999999999918e+00 8.845899999999999874e-01 0.000000000000000000e+00
5.900000000000000000e+01 2.010000000000000120e-01 3.721220000000000194e+00 8.864300000000000512e-01 0.000000000000000000e+00
6.000000000000000000e+01 2.010000000000000120e-01 3.721620000000000150e+00 8.882100000000000550e-01 0.000000000000000000e+00
6.100000000000000000e+01 2.010000000000000120e-01 3.721909999999999830e+00 8.898300000000000098e-01 0.000000000000000000e+00
6.200000000000000000e+01 2.010000000000000120e-01 3.721530000000000005e+00 8.912799999999999612e-01 0.000000000000000000e+00
6.300000000000000000e+01 2.010000000000000120e-01 3.719829999999999970e+00 8.926300000000000345e-01 0.000000000000000000e+00
6.400000000000000000e+01 2.010000000000000120e-01 3.717379999999999907e+00 8.939300000000000024e-01 0.000000000000000000e+00
6.500000000000000000e+01 2.010000000000000120e-01 3.714399999999999924e+00 8.951200000000000268e-01 0.000000000000000000e+00
6.600000000000000000e+01 2.010000000000000120e-01 3.712260000000000115e+00 8.960599999999999676e-01 0.000000000000000000e+00
6.700000000000000000e+01 2.010000000000000120e-01 3.709919999999999884e+00 8.968199999999999505e-01 0.000000000000000000e+00
6.800000000000000000e+01 2.010000000000000120e-01 3.707269999999999843e+00 8.973900000000000210e-01 0.000000000000000000e+00
6.900000000000000000e+01 2.010000000000000120e-01 3.704140000000000210e+00 8.977800000000000225e-01 0.000000000000000000e+00
7.000000000000000000e+01 2.010000000000000120e-01 3.701090000000000213e+00 8.980299999999999949e-01 0.000000000000000000e+00
7.100000000000000000e+01 2.010000000000000120e-01 3.697579999999999867e+00 8.981799999999999784e-01 0.000000000000000000e+00
7.200000000000000000e+01 2.010000000000000120e-01 3.694139999999999979e+00 8.981900000000000439e-01 0.000000000000000000e+00
7.300000000000000000e+01 2.010000000000000120e-01 3.690920000000000201e+00 8.980200000000000404e-01 0.000000000000000000e+00
7.400000000000000000e+01 2.010000000000000120e-01 3.687069999999999848e+00 8.977000000000000535e-01 0.000000000000000000e+00
7.500000000000000000e+01 2.010000000000000120e-01 3.683349999999999902e+00 8.972799999999999665e-01 0.000000000000000000e+00
7.600000000000000000e+01 2.010000000000000120e-01 3.680079999999999796e+00 8.967500000000000471e-01 0.000000000000000000e+00
7.700000000000000000e+01 2.010000000000000120e-01 3.677039999999999864e+00 8.960900000000000531e-01 0.000000000000000000e+00
7.800000000000000000e+01 2.010000000000000120e-01 3.673909999999999787e+00 8.953400000000000247e-01 0.000000000000000000e+00
7.900000000000000000e+01 2.010000000000000120e-01 3.671069999999999833e+00 8.945699999999999763e-01 0.000000000000000000e+00
8.000000000000000000e+01 2.010000000000000120e-01 3.668159999999999865e+00 8.937500000000000444e-01 0.000000000000000000e+00
8.100000000000000000e+01 2.010000000000000120e-01 3.665210000000000079e+00 8.928099999999999925e-01 0.000000000000000000e+00
8.200000000000000000e+01 2.010000000000000120e-01 3.662189999999999834e+00 8.918399999999999661e-01 0.000000000000000000e+00
8.300000000000000000e+01 2.010000000000000120e-01 3.658640000000000114e+00 8.908199999999999452e-01 0.000000000000000000e+00
8.400000000000000000e+01 2.010000000000000120e-01 3.655079999999999885e+00 8.897500000000000409e-01 0.000000000000000000e+00
8.500000000000000000e+01 2.010000000000000120e-01 3.650749999999999940e+00 8.886100000000000110e-01 0.000000000000000000e+00
8.600000000000000000e+01 2.010000000000000120e-01 3.646009999999999973e+00 8.874400000000000066e-01 0.000000000000000000e+00
8.700000000000000000e+01 2.010000000000000120e-01 3.641280000000000072e+00 8.861999999999999877e-01 0.000000000000000000e+00
8.800000000000000000e+01 2.010000000000000120e-01 3.636670000000000069e+00 8.849099999999999744e-01 0.000000000000000000e+00
8.900000000000000000e+01 2.010000000000000120e-01 3.632550000000000168e+00 8.836100000000000065e-01 0.000000000000000000e+00
9.000000000000000000e+01 2.010000000000000120e-01 3.628439999999999888e+00 8.822699999999999987e-01 0.000000000000000000e+00
9.100000000000000000e+01 2.010000000000000120e-01 3.624709999999999877e+00 8.808899999999999508e-01 0.000000000000000000e+00
9.200000000000000000e+01 2.010000000000000120e-01 3.621340000000000003e+00 8.795300000000000340e-01 0.000000000000000000e+00
9.300000000000000000e+01 2.010000000000000120e-01 3.618110000000000159e+00 8.781600000000000517e-01 0.000000000000000000e+00
9.400000000000000000e+01 2.010000000000000120e-01 3.614900000000000002e+00 8.767500000000000293e-01 0.000000000000000000e+00
9.500000000000000000e+01 2.010000000000000120e-01 3.611819999999999808e+00 8.753699999999999815e-01 0.000000000000000000e+00
9.600000000000000000e+01 2.010000000000000120e-01 3.608569999999999833e+00 8.739500000000000046e-01 0.000000000000000000e+00
9.700000000000000000e+01 2.010000000000000120e-01 3.605490000000000084e+00 8.725199999999999623e-01 0.000000000000000000e+00
9.800000000000000000e+01 2.010000000000000120e-01 3.602120000000000211e+00 8.710099999999999509e-01 0.000000000000000000e+00
9.900000000000000000e+01 2.010000000000000120e-01 3.598650000000000126e+00 8.694899999999999851e-01 0.000000000000000000e+00
1.000000000000000000e+02 2.010000000000000120e-01 3.595099999999999962e+00 8.679499999999999993e-01 0.000000000000000000e+00
1.010000000000000000e+02 2.010000000000000120e-01 3.591239999999999988e+00 8.663499999999999535e-01 0.000000000000000000e+00
1.020000000000000000e+02 2.010000000000000120e-01 3.586949999999999861e+00 8.647399999999999531e-01 0.000000000000000000e+00
1.030000000000000000e+02 2.010000000000000120e-01 3.582790000000000141e+00 8.631299999999999528e-01 0.000000000000000000e+00
1.040000000000000000e+02 2.010000000000000120e-01 3.579000000000000181e+00 8.615199999999999525e-01 0.000000000000000000e+00
1.050000000000000000e+02 2.010000000000000120e-01 3.575390000000000068e+00 8.599200000000000177e-01 0.000000000000000000e+00
1.060000000000000000e+02 2.010000000000000120e-01 3.571569999999999911e+00 8.582699999999999774e-01 0.000000000000000000e+00
1.070000000000000000e+02 2.010000000000000120e-01 3.567870000000000097e+00 8.566200000000000481e-01 0.000000000000000000e+00
1.080000000000000000e+02 2.010000000000000120e-01 3.564540000000000042e+00 8.549799999999999622e-01 0.000000000000000000e+00
1.090000000000000000e+02 2.010000000000000120e-01 3.561280000000000001e+00 8.534000000000000474e-01 0.000000000000000000e+00
1.100000000000000000e+02 2.010000000000000120e-01 3.557960000000000012e+00 8.518700000000000161e-01 0.000000000000000000e+00
1.110000000000000000e+02 2.010000000000000120e-01 3.554769999999999985e+00 8.503300000000000303e-01 0.000000000000000000e+00
1.120000000000000000e+02 2.010000000000000120e-01 3.551460000000000061e+00 8.487999999999999989e-01 0.000000000000000000e+00
1.130000000000000000e+02 2.010000000000000120e-01 3.548020000000000174e+00 8.472100000000000186e-01 0.000000000000000000e+00
1.140000000000000000e+02 2.010000000000000120e-01 3.544490000000000141e+00 8.456500000000000128e-01 0.000000000000000000e+00
1.150000000000000000e+02 2.010000000000000120e-01 3.541100000000000136e+00 8.441100000000000270e-01 0.000000000000000000e+00
1.160000000000000000e+02 2.010000000000000120e-01 3.537609999999999921e+00 8.426200000000000356e-01 0.000000000000000000e+00
1.170000000000000000e+02 2.010000000000000120e-01 3.534339999999999815e+00 8.411300000000000443e-01 0.000000000000000000e+00
1.180000000000000000e+02 2.010000000000000120e-01 3.531120000000000037e+00 8.396400000000000530e-01 0.000000000000000000e+00
1.190000000000000000e+02 2.010000000000000120e-01 3.528059999999999974e+00 8.381800000000000361e-01 0.000000000000000000e+00
1.200000000000000000e+02 2.010000000000000120e-01 3.524779999999999802e+00 8.367700000000000138e-01 0.000000000000000000e+00
