1.000000000000000000e+00 1.529999999999999971e-01 3.483039999999999914e+00 6.440200000000000369e-01 0.000000000000000000e+00
2.000000000000000000e+00 1.039999999999999952e-01 4.460020000000000095e+00 7.467200000000000504e-01 0.000000000000000000e+00
3.000000000000000000e+00 1.179999999999999938e-01 3.322330000000000005e+00 7.669099999999999806e-01 0.000000000000000000e+00
4.000000000000000000e+00 1.110000000000000014e-01 2.886460000000000026e+00 7.914200000000000124e-01 0.000000000000000000e+00
5.000000000000000000e+00 1.179999999999999938e-01 2.507460000000000022e+00 7.955499999999999794e-01 0.000000000000000000e+00
6.000000000000000000e+00 1.179999999999999938e-01 2.237229999999999830e+00 8.014999999999999902e-01 0.000000000000000000e+00
7.000000000000000000e+00 1.179999999999999938e-01 1.996340000000000003e+00 8.072599999999999776e-01 0.000000000000000000e+00
8.000000000000000000e+00 1.179999999999999938e-01 1.850090000000000012e+00 8.095700000000000118e-01 0.000000000000000000e+00
9.000000000000000000e+00 1.250000000000000000e-01 1.730979999999999963e+00 8.136799999999999589e-01 0.000000000000000000e+00
1.000000000000000000e+01 1.250000000000000000e-01 1.637990000000000057e+00 8.175499999999999989e-01 0.000000000000000000e+00
1.100000000000000000e+01 1.250000000000000000e-01 1.569770000000000110e+00 8.191100000000000048e-01 0.000000000000000000e+00
1.200000000000000000e+01 1.250000000000000000e-01 1.530909999999999993e+00 8.211000000000000520e-01 0.000000000000000000e+00
1.300000000000000000e+01 1.250000000000000000e-01 1.494280000000000053e+00 8.230499999999999483e-01 0.000000000000000000e+00
1.400000000000000000e+01 1.250000000000000000e-01 1.472409999999999997e+00 8.239300000000000512e-01 0.000000000000000000e+00
1.500000000000000000e+01 1.250000000000000000e-01 1.454509999999999970e+00 8.240199999999999747e-01 0.000000000000000000e+00
1.600000000000000000e+01 1.250000000000000000e-01 1.431380000000000097e+00 8.250899999999999901e-01 0.000000000000000000e+00
1.700000000000000000e+01 1.250000000000000000e-01 1.406050000000000022e+00 8.266299999999999759e-01 0.000000000000000000e+00
1.800000000000000000e+01 1.250000000000000000e-01 1.382859999999999978e+00 8.284599999999999742e-01 0.000000000000000000e+00
1.900000000000000000e+01 1.250000000000000000e-01 1.364200000000000079e+00 8.303899999999999615e-01 0.000000000000000000e+00
2.000000000000000000e+01 1.250000000000000000e-01 1.348789999999999933e+00 8.326999999999999957e-01 0.000000000000000000e+00
2.100000000000000000e+01 1.250000000000000000e-01 1.338540000000000063e+00 8.345900000000000540e-01 0.000000000000000000e+00
2.200000000000000000e+01 1.250000000000000000e-01 1.326549999999999896e+00 8.358700000000000019e-01 0.000000000000000000e+00
2.300000000000000000e+01 1.250000000000000000e-01 1.313390000000000057e+00 8.368900000000000228e-01 0.000000000000000000e+00
2.400000000000000000e+01 1.250000000000000000e-01 1.298149999999999915e+00 8.374399999999999622e-01 0.000000000000000000e+00
2.500000000000000000e+01 1.250000000000000000e-01 1.286140000000000061e+00 8.374700000000000477e-01 0.000000000000000000e+00
2.600000000000000000e+01 1.250000000000000000e-01 1.275439999999999907e+00 8.366799999999999793e-01 0.000000000000000000e+00
2.700000000000000000e+01 1.250000000000000000e-01 1.261810000000000098e+00 8.355900000000000549e-01 0.000000000000000000e+00
2.800000000000000000e+01 1.250000000000000000e-01 1.247579999999999911e+00 8.337200000000000166e-01 0.000000000000000000e+00
2.900000000000000000e+01 1.250000000000000000e-01 1.234660000000000091e+00 8.309400000000000119e-01 0.000000000000000000e+00
3.000000000000000000e+01 1.250000000000000000e-01 1.223719999999999919e+00 8.276700000000000168e-01 0.000000000000000000e+00
3.100000000000000000e+01 1.250000000000000000e-01 1.212990000000000013e+00 8.239699999999999802e-01 0.000000000000000000e+00
3.200000000000000000e+01 1.250000000000000000e-01 1.203349999999999920e+00 8.199899999999999967e-01 0.000000000000000000e+00
3.300000000000000000e+01 1.250000000000000000e-01 1.192909999999999915e+00 8.154200000000000337e-01 0.000000000000000000e+00
3.400000000000000000e+01 1.179999999999999938e-01 1.184749999999999970e+00 8.110899999999999777e-01 0.000000000000000000e+00
3.500000000000000000e+01 1.179999999999999938e-01 1.177599999999999980e+00 8.072899999999999521e-01 0.000000000000000000e+00
3.600000000000000000e+01 1.250000000000000000e-01 1.172579999999999956e+00 8.041099999999999914e-01 0.000000000000000000e+00
3.700000000000000000e+01 1.250000000000000000e-01 1.168039999999999967e+00 8.009500000000000508e-01 0.000000000000000000e+00
3.800000000000000000e+01 1.250000000000000000e-01 1.164139999999999953e+00 7.979199999999999626e-01 0.000000000000000000e+00
3.900000000000000000e+01 1.250000000000000000e-01 1.159229999999999983e+00 7.947899999999999965e-01 0.000000000000000000e+00
4.000000000000000000e+01 1.250000000000000000e-01 1.153669999999999973e+00 7.921099999999999808e-01 0.000000000000000000e+00
4.100000000000000000e+01 1.250000000000000000e-01 1.149299999999999988e+00 7.897100000000000231e-01 0.000000000000000000e+00
4.200000000000000000e+01 1.250000000000000000e-01 1.144530000000000047e+00 7.871700000000000363e-01 0.000000000000000000e+00
4.300000000000000000e+01 1.250000000000000000e-01 1.140540000000000109e+00 7.846100000000000296e-01 0.000000000000000000e+00
4.400000000000000000e+01 1.250000000000000000e-01 1.137000000000000011e+00 7.821599999999999664e-01 0.000000000000000000e+00
4.500000000000000000e+01 1.250000000000000000e-01 1.133539999999999992e+00 7.797199999999999687e-01 0.000000000000000000e+00
4.600000000000000000e+01 1.250000000000000000e-01 1.131289999999999907e+00 7.772900000000000365e-01 0.000000000000000000e+00
4.700000000000000000e+01 1.250000000000000000e-01 1.129839999999999955e+00 7.749099999999999877e-01 0.000000000000000000e+00
4.800000000000000000e+01 1.250000000000000000e-01 1.127189999999999914e+00 7.729500000000000259e-01 0.000000000000000000e+00
4.900000000000000000e+01 1.250000000000000000e-01 1.124649999999999928e+00 7.712200000000000166e-01 0.000000000000000000e+00
5.000000000000000000e+01 1.250000000000000000e-01 1.122859999999999969e+00 7.696800000000000308e-01 0.000000000000000000e+00
5.100000000000000000e+01 1.250000000000000000e-01 1.120910000000000073e+00 7.680700000000000305e-01 0.000000000000000000e+00
5.200000000000000000e+01 1.250000000000000000e-01 1.119720000000000049e+00 7.664699999999999847e-01 0.000000000000000000e+00
5.300000000000000000e+01 1.250000000000000000e-01 1.118570000000000064e+00 7.647500000000000409e-01 0.000000000000000000e+00
5.400000000000000000e+01 1.250000000000000000e-01 1.118260000000000032e+00 7.628899999999999570e-01 0.000000000000000000e+00
5.500000000000000000e+01 1.250000000000000000e-01 1.118049999999999988e+00 7.613199999999999967e-01 0.000000000000000000e+00
5.600000000000000000e+01 1.250000000000000000e-01 1.118339999999999890e+00 7.598000000000000309e-01 0.000000000000000000e+00
5.700000000000000000e+01 1.250000000000000000e-01 1.119180000000000064e+00 7.582499999999999796e-01 0.000000000000000000e+00
5.800000000000000000e+01 1.250000000000000000e-01 1.120330000000000048e+00 7.564800000000000413e-01 0.000000000000000000e+00
5.900000000000000000e+01 1.250000000000000000e-01 1.121240000000000014e+00 7.546699999999999520e-01 0.000000000000000000e+00
6.000000000000000000e+01 1.250000000000000000e-01 1.123490000000000100e+00 7.526300000000000212e-01 0.000000000000000000e+00
6.100000000000000000e+01 1.250000000000000000e-01 1.126370000000000093e+00 7.505399999999999849e-01 0.000000000000000000e+00
6.200000000000000000e+01 1.250000000000000000e-01 1.129799999999999915e+00 7.484800000000000342e-01 0.000000000000000000e+00
6.300000000000000000e+01 1.250000000000000000e-01 1.133210000000000051e+00 7.465199999999999614e-01 0.000000000000000000e+00
6.400000000000000000e+01 1.250000000000000000e-01 1.136419999999999986e+00 7.448299999999999921e-01 0.000000000000000000e+00
6.500000000000000000e+01 1.250000000000000000e-01 1.139880000000000004e+00 7.434699999999999642e-01 0.000000000000000000e+00
6.600000000000000000e+01 1.250000000000000000e-01 1.143850000000000033e+00 7.423600000000000199e-01 0.000000000000000000e+00
6.700000000000000000e+01 1.320000000000000062e-01 1.148200000000000109e+00 7.422400000000000109e-01 0.000000000000000000e+00
6.800000000000000000e+01 1.250000000000000000e-01 1.152199999999999891e+00 7.420400000000000329e-01 0.000000000000000000e+00
6.900000000000000000e+01 1.250000000000000000e-01 1.155319999999999903e+00 7.417599999999999749e-01 0.000000000000000000e+00
7.000000000000000000e+01 1.250000000000000000e-01 1.158900000000000041e+00 7.416000000000000369e-01 0.000000000000000000e+00
7.100000000000000000e+01 1.250000000000000000e-01 1.162940000000000085e+00 7.419999999999999929e-01 0.000000000000000000e+00
7.200000000000000000e+01 1.250000000000000000e-01 1.167219999999999924e+00 7.422699999999999854e-01 0.000000000000000000e+00
7.300000000000000000e+01 1.250000000000000000e-01 1.171829999999999927e+00 7.425100000000000033e-01 0.000000000000000000e+00
7.400000000000000000e+01 1.250000000000000000e-01 1.176709999999999923e+00 7.425599999999999978e-01 0.000000000000000000e+00
7.500000000000000000e+01 1.250000000000000000e-01 1.181969999999999965e+00 7.426899999999999613e-01 0.000000000000000000e+00
7.600000000000000000e+01 1.250000000000000000e-01 1.187759999999999927e+00 7.427599999999999758e-01 0.000000000000000000e+00
7.700000000000000000e+01 1.320000000000000062e-01 1.193230000000000013e+00 7.427899999999999503e-01 0.000000000000000000e+00
7.800000000000000000e+01 1.320000000000000062e-01 1.199219999999999953e+00 7.428900000000000503e-01 0.000000000000000000e+00
7.900000000000000000e+01 1.320000000000000062e-01 1.205640000000000045e+00 7.430900000000000283e-01 0.000000000000000000e+00
8.000000000000000000e+01 1.320000000000000062e-01 1.211430000000000007e+00 7.432400000000000118e-01 0.000000000000000000e+00
8.100000000000000000e+01 1.320000000000000062e-01 1.218220000000000081e+00 7.434300000000000352e-01 0.000000000000000000e+00
8.200000000000000000e+01 1.320000000000000062e-01 1.225219999999999976e+00 7.434300000000000352e-01 0.000000000000000000e+00
8.300000000000000000e+01 1.320000000000000062e-01 1.232310000000000016e+00 7.433999999999999497e-01 0.000000000000000000e+00
8.400000000000000000e+01 1.320000000000000062e-01 1.239950000000000108e+00 7.433600000000000207e-01 0.000000000000000000e+00
8.500000000000000000e+01 1.320000000000000062e-01 1.248050000000000104e+00 7.433699999999999752e-01 0.000000000000000000e+00
8.600000000000000000e+01 1.320000000000000062e-01 1.255779999999999896e+00 7.434199999999999697e-01 0.000000000000000000e+00
8.700000000000000000e+01 1.320000000000000062e-01 1.264289999999999914e+00 7.435199999999999587e-01 0.000000000000000000e+00
8.800000000000000000e+01 1.320000000000000062e-01 1.273419999999999996e+00 7.438299999999999912e-01 0.000000000000000000e+00
8.900000000000000000e+01 1.390000000000000124e-01 1.281970000000000054e+00 7.441100000000000492e-01 0.000000000000000000e+00
9.000000000000000000e+01 1.390000000000000124e-01 1.290540000000000020e+00 7.444399999999999906e-01 0.000000000000000000e+00
9.100000000000000000e+01 1.390000000000000124e-01 1.299020000000000064e+00 7.446599999999999886e-01 0.000000000000000000e+00
9.200000000000000000e+01 1.390000000000000124e-01 1.308200000000000029e+00 7.448700000000000321e-01 0.000000000000000000e+00
9.300000000000000000e+01 1.390000000000000124e-01 1.318230000000000013e+00 7.453499999999999570e-01 0.000000000000000000e+00
9.400000000000000000e+01 1.390000000000000124e-01 1.328510000000000080e+00 7.459900000000000420e-01 0.000000000000000000e+00
9.500000000000000000e+01 1.390000000000000124e-01 1.338279999999999914e+00 7.465800000000000214e-01 0.000000000000000000e+00
9.600000000000000000e+01 1.390000000000000124e-01 1.348710000000000075e+00 7.472400000000000153e-01 0.000000000000000000e+00
9.700000000000000000e+01 1.390000000000000124e-01 1.359280000000000044e+00 7.477599999999999802e-01 0.000000000000000000e+00
9.800000000000000000e+01 1.390000000000000124e-01 1.370460000000000012e+00 7.482999999999999652e-01 0.000000000000000000e+00
9.900000000000000000e+01 1.390000000000000124e-01 1.382460000000000022e+00 7.487800000000000011e-01 0.000000000000000000e+00
1.000000000000000000e+02 1.390000000000000124e-01 1.394879999999999898e+00 7.491100000000000536e-01 0.000000000000000000e+00
1.010000000000000000e+02 1.390000000000000124e-01 1.407950000000000035e+00 7.495300000000000296e-01 0.000000000000000000e+00
1.020000000000000000e+02 1.390000000000000124e-01 1.423270000000000035e+00 7.501299999999999635e-01 0.000000000000000000e+00
1.030000000000000000e+02 1.390000000000000124e-01 1.438819999999999988e+00 7.506500000000000394e-01 0.000000000000000000e+00
1.040000000000000000e+02 1.390000000000000124e-01 1.453459999999999974e+00 7.510499999999999954e-01 0.000000000000000000e+00
1.050000000000000000e+02 1.390000000000000124e-01 2.305260000000000087e+00 6.877499999999999725e-01 0.000000000000000000e+00
1.060000000000000000e+02 1.390000000000000124e-01 2.332170000000000076e+00 6.915400000000000436e-01 0.000000000000000000e+00
1.070000000000000000e+02 1.390000000000000124e-01 2.341169999999999973e+00 6.931599999999999984e-01 0.000000000000000000e+00
1.080000000000000000e+02 1.390000000000000124e-01 2.349559999999999871e+00 6.945900000000000407e-01 0.000000000000000000e+00
1.090000000000000000e+02 1.390000000000000124e-01 2.357439999999999980e+00 6.959400000000000031e-01 0.000000000000000000e+00
1.100000000000000000e+02 1.390000000000000124e-01 2.365650000000000031e+00 6.973399999999999599e-01 0.000000000000000000e+00
1.110000000000000000e+02 1.390000000000000124e-01 2.373899999999999899e+00 6.986799999999999677e-01 0.000000000000000000e+00
1.120000000000000000e+02 1.390000000000000124e-01 2.381930000000000103e+00 7.000399999999999956e-01 0.000000000000000000e+00
1.130000000000000000e+02 1.390000000000000124e-01 2.389749999999999819e+00 7.014099999999999779e-01 0.000000000000000000e+00
1.140000000000000000e+02 1.390000000000000124e-01 2.397200000000000220e+00 7.028100000000000458e-01 0.000000000000000000e+00
1.150000000000000000e+02 1.390000000000000124e-01 2.403500000000000192e+00 7.039999999999999591e-01 0.000000000000000000e+00
1.160000000000000000e+02 1.390000000000000124e-01 2.409390000000000143e+00 7.051500000000000545e-01 0.000000000000000000e+00
1.170000000000000000e+02 1.390000000000000124e-01 2.414740000000000109e+00 7.062000000000000499e-01 0.000000000000000000e+00
1.180000000000000000e+02 1.390000000000000124e-01 2.419960000000000111e+00 7.072500000000000453e-01 0.000000000000000000e+00
1.190000000000000000e+02 1.390000000000000124e-01 2.424440000000000150e+00 7.081699999999999662e-01 0.000000000000000000e+00
1.200000000000000000e+02 1.390000000000000124e-01 2.428450000000000220e+00 7.089900000000000091e-01 0.000000000000000000e+00
