1.000000000000000000e+00 1.940000000000000058e-01 8.346700000000000230e-01 5.452099999999999724e-01 0.000000000000000000e+00
2.000000000000000000e+00 1.600000000000000033e-01 8.167999999999999705e-01 6.784599999999999520e-01 0.000000000000000000e+00
3.000000000000000000e+00 1.459999999999999909e-01 7.056000000000000050e-01 5.110000000000000098e-01 0.000000000000000000e+00
4.000000000000000000e+00 1.459999999999999909e-01 7.056000000000000050e-01 5.110000000000000098e-01 0.000000000000000000e+00
5.000000000000000000e+00 1.600000000000000033e-01 6.702500000000000124e-01 7.185599999999999765e-01 0.000000000000000000e+00
6.000000000000000000e+00 1.600000000000000033e-01 6.702500000000000124e-01 7.185599999999999765e-01 0.000000000000000000e+00
7.000000000000000000e+00 1.390000000000000124e-01 4.939299999999999802e-01 7.844100000000000517e-01 0.000000000000000000e+00
8.000000000000000000e+00 1.390000000000000124e-01 4.939299999999999802e-01 7.844100000000000517e-01 0.000000000000000000e+00
9.000000000000000000e+00 1.390000000000000124e-01 4.939299999999999802e-01 7.844100000000000517e-01 0.000000000000000000e+00
1.000000000000000000e+01 1.390000000000000124e-01 4.939299999999999802e-01 7.844100000000000517e-01 0.000000000000000000e+00
1.100000000000000000e+01 1.390000000000000124e-01 4.939299999999999802e-01 7.844100000000000517e-01 0.000000000000000000e+00
1.200000000000000000e+01 1.390000000000000124e-01 4.939299999999999802e-01 7.844100000000000517e-01 0.000000000000000000e+00
1.300000000000000000e+01 1.390000000000000124e-01 4.939299999999999802e-01 7.844100000000000517e-01 0.000000000000000000e+00
1.400000000000000000e+01 1.390000000000000124e-01 4.939299999999999802e-01 7.844100000000000517e-01 0.000000000000000000e+00
1.500000000000000000e+01 1.390000000000000124e-01 4.939299999999999802e-01 7.844100000000000517e-01 0.000000000000000000e+00
1.600000000000000000e+01 1.390000000000000124e-01 4.939299999999999802e-01 7.844100000000000517e-01 0.000000000000000000e+00
1.700000000000000000e+01 1.390000000000000124e-01 4.939299999999999802e-01 7.844100000000000517e-01 0.000000000000000000e+00
1.800000000000000000e+01 1.390000000000000124e-01 4.939299999999999802e-01 7.844100000000000517e-01 0.000000000000000000e+00
1.900000000000000000e+01 1.390000000000000124e-01 4.939299999999999802e-01 7.844100000000000517e-01 0.000000000000000000e+00
2.000000000000000000e+01 1.390000000000000124e-01 4.939299999999999802e-01 7.844100000000000517e-01 0.000000000000000000e+00
2.100000000000000000e+01 1.390000000000000124e-01 4.939299999999999802e-01 7.844100000000000517e-01 0.000000000000000000e+00
2.200000000000000000e+01 1.390000000000000124e-01 4.939299999999999802e-01 7.844100000000000517e-01 0.000000000000000000e+00
2.300000000000000000e+01 1.390000000000000124e-01 4.939299999999999802e-01 7.844100000000000517e-01 0.000000000000000000e+00
2.400000000000000000e+01 1.390000000000000124e-01 4.939299999999999802e-01 7.844100000000000517e-01 0.000000000000000000e+00
2.500000000000000000e+01 1.390000000000000124e-01 4.939299999999999802e-01 7.844100000000000517e-01 0.000000000000000000e+00
2.600000000000000000e+01 1.390000000000000124e-01 4.939299999999999802e-01 7.844100000000000517e-01 0.000000000000000000e+00
2.700000000000000000e+01 1.390000000000000124e-01 4.939299999999999802e-01 7.844100000000000517e-01 0.000000000000000000e+00
2.800000000000000000e+01 1.390000000000000124e-01 4.939299999999999802e-01 7.844100000000000517e-01 0.000000000000000000e+00
2.900000000000000000e+01 1.390000000000000124e-01 4.939299999999999802e-01 7.844100000000000517e-01 0.000000000000000000e+00
3.000000000000000000e+01 1.390000000000000124e-01 4.939299999999999802e-01 7.844100000000000517e-01 0.000000000000000000e+00
3.100000000000000000e+01 1.390000000000000124e-01 4.939299999999999802e-01 7.844100000000000517e-01 0.000000000000000000e+00
3.200000000000000000e+01 1.390000000000000124e-01 4.939299999999999802e-01 7.844100000000000517e-01 0.000000000000000000e+00
3.300000000000000000e+01 1.390000000000000124e-01 4.939299999999999802e-01 7.844100000000000517e-01 0.000000000000000000e+00
3.400000000000000000e+01 1.390000000000000124e-01 4.939299999999999802e-01 7.844100000000000517e-01 0.000000000000000000e+00
3.500000000000000000e+01 1.390000000000000124e-01 4.939299999999999802e-01 7.844100000000000517e-01 0.000000000000000000e+00
3.600000000000000000e+01 1.390000000000000124e-01 4.939299999999999802e-01 7.844100000000000517e-01 0.000000000000000000e+00
3.700000000000000000e+01 1.390000000000000124e-01 4.939299999999999802e-01 7.844100000000000517e-01 0.000000000000000000e+00
3.800000000000000000e+01 1.390000000000000124e-01 4.939299999999999802e-01 7.844100000000000517e-01 0.000000000000000000e+00
3.900000000000000000e+01 1.390000000000000124e-01 4.939299999999999802e-01 7.844100000000000517e-01 0.000000000000000000e+00
4.000000000000000000e+01 1.390000000000000124e-01 4.939299999999999802e-01 7.844100000000000517e-01 0.000000000000000000e+00
4.100000000000000000e+01 1.250000000000000000e-01 4.126699999999999813e-01 8.210100000000000176e-01 0.000000000000000000e+00
4.200000000000000000e+01 1.250000000000000000e-01 4.126699999999999813e-01 8.210100000000000176e-01 0.000000000000000000e+00
4.300000000000000000e+01 1.250000000000000000e-01 4.126699999999999813e-01 8.210100000000000176e-01 0.000000000000000000e+00
4.400000000000000000e+01 1.250000000000000000e-01 4.126699999999999813e-01 8.210100000000000176e-01 0.000000000000000000e+00
4.500000000000000000e+01 1.250000000000000000e-01 4.126699999999999813e-01 8.210100000000000176e-01 0.000000000000000000e+00
4.600000000000000000e+01 1.250000000000000000e-01 4.126699999999999813e-01 8.210100000000000176e-01 0.000000000000000000e+00
4.700000000000000000e+01 1.250000000000000000e-01 4.126699999999999813e-01 8.210100000000000176e-01 0.000000000000000000e+00
4.800000000000000000e+01 1.250000000000000000e-01 4.126699999999999813e-01 8.210100000000000176e-01 0.000000000000000000e+00
4.900000000000000000e+01 1.250000000000000000e-01 4.126699999999999813e-01 8.210100000000000176e-01 0.000000000000000000e+00
5.000000000000000000e+01 1.250000000000000000e-01 4.126699999999999813e-01 8.210100000000000176e-01 0.000000000000000000e+00
5.100000000000000000e+01 1.250000000000000000e-01 4.126699999999999813e-01 8.210100000000000176e-01 0.000000000000000000e+00
5.200000000000000000e+01 1.250000000000000000e-01 4.126699999999999813e-01 8.210100000000000176e-01 0.000000000000000000e+00
5.300000000000000000e+01 1.250000000000000000e-01 4.126699999999999813e-01 8.210100000000000176e-01 0.000000000000000000e+00
5.400000000000000000e+01 1.250000000000000000e-01 4.126699999999999813e-01 8.210100000000000176e-01 0.000000000000000000e+00
5.500000000000000000e+01 1.250000000000000000e-01 4.126699999999999813e-01 8.210100000000000176e-01 0.000000000000000000e+00
5.600000000000000000e+01 1.250000000000000000e-01 4.126699999999999813e-01 8.210100000000000176e-01 0.000000000000000000e+00
5.700000000000000000e+01 1.250000000000000000e-01 4.126699999999999813e-01 8.210100000000000176e-01 0.000000000000000000e+00
5.800000000000000000e+01 1.670000000000000095e-01 1.930900000000000116e-01 4.937099999999999822e-01 0.000000000000000000e+00
5.900000000000000000e+01 1.670000000000000095e-01 1.930900000000000116e-01 4.937099999999999822e-01 0.000000000000000000e+00
6.000000000000000000e+01 1.670000000000000095e-01 1.930900000000000116e-01 4.937099999999999822e-01 0.000000000000000000e+00
6.100000000000000000e+01 1.670000000000000095e-01 1.930900000000000116e-01 4.937099999999999822e-01 0.000000000000000000e+00
6.200000000000000000e+01 1.670000000000000095e-01 1.930900000000000116e-01 4.937099999999999822e-01 0.000000000000000000e+00
6.300000000000000000e+01 1.670000000000000095e-01 1.930900000000000116e-01 4.937099999999999822e-01 0.000000000000000000e+00
6.400000000000000000e+01 1.670000000000000095e-01 1.930900000000000116e-01 4.937099999999999822e-01 0.000000000000000000e+00
6.500000000000000000e+01 1.670000000000000095e-01 1.930900000000000116e-01 4.937099999999999822e-01 0.000000000000000000e+00
6.600000000000000000e+01 1.670000000000000095e-01 1.930900000000000116e-01 4.937099999999999822e-01 0.000000000000000000e+00
6.700000000000000000e+01 1.670000000000000095e-01 1.930900000000000116e-01 4.937099999999999822e-01 0.000000000000000000e+00
6.800000000000000000e+01 1.670000000000000095e-01 1.930900000000000116e-01 4.937099999999999822e-01 0.000000000000000000e+00
6.900000000000000000e+01 1.670000000000000095e-01 1.930900000000000116e-01 4.937099999999999822e-01 0.000000000000000000e+00
7.000000000000000000e+01 1.670000000000000095e-01 1.930900000000000116e-01 4.937099999999999822e-01 0.000000000000000000e+00
7.100000000000000000e+01 1.670000000000000095e-01 1.930900000000000116e-01 4.937099999999999822e-01 0.000000000000000000e+00
7.200000000000000000e+01 1.670000000000000095e-01 1.930900000000000116e-01 4.937099999999999822e-01 0.000000000000000000e+00
7.300000000000000000e+01 1.670000000000000095e-01 1.930900000000000116e-01 4.937099999999999822e-01 0.000000000000000000e+00
7.400000000000000000e+01 1.670000000000000095e-01 1.930900000000000116e-01 4.937099999999999822e-01 0.000000000000000000e+00
7.500000000000000000e+01 1.670000000000000095e-01 1.930900000000000116e-01 4.937099999999999822e-01 0.000000000000000000e+00
7.600000000000000000e+01 1.670000000000000095e-01 1.930900000000000116e-01 4.937099999999999822e-01 0.000000000000000000e+00
7.700000000000000000e+01 1.670000000000000095e-01 1.930900000000000116e-01 4.937099999999999822e-01 0.000000000000000000e+00
7.800000000000000000e+01 1.670000000000000095e-01 1.930900000000000116e-01 4.937099999999999822e-01 0.000000000000000000e+00
7.900000000000000000e+01 1.670000000000000095e-01 1.930900000000000116e-01 4.937099999999999822e-01 0.000000000000000000e+00
8.000000000000000000e+01 1.670000000000000095e-01 1.930900000000000116e-01 4.937099999999999822e-01 0.000000000000000000e+00
8.100000000000000000e+01 1.670000000000000095e-01 1.930900000000000116e-01 4.937099999999999822e-01 0.000000000000000000e+00
8.200000000000000000e+01 1.670000000000000095e-01 1.930900000000000116e-01 4.937099999999999822e-01 0.000000000000000000e+00
8.300000000000000000e+01 1.670000000000000095e-01 1.930900000000000116e-01 4.937099999999999822e-01 0.000000000000000000e+00
8.400000000000000000e+01 1.670000000000000095e-01 1.930900000000000116e-01 4.937099999999999822e-01 0.000000000000000000e+00
8.500000000000000000e+01 1.670000000000000095e-01 1.930900000000000116e-01 4.937099999999999822e-01 0.000000000000000000e+00
8.600000000000000000e+01 1.670000000000000095e-01 1.930900000000000116e-01 4.937099999999999822e-01 0.000000000000000000e+00
8.700000000000000000e+01 1.670000000000000095e-01 1.930900000000000116e-01 4.937099999999999822e-01 0.000000000000000000e+00
8.800000000000000000e+01 1.670000000000000095e-01 1.930900000000000116e-01 4.937099999999999822e-01 0.000000000000000000e+00
8.900000000000000000e+01 1.670000000000000095e-01 1.930900000000000116e-01 4.937099999999999822e-01 0.000000000000000000e+00
9.000000000000000000e+01 1.670000000000000095e-01 1.930900000000000116e-01 4.937099999999999822e-01 0.000000000000000000e+00
9.100000000000000000e+01 1.670000000000000095e-01 1.930900000000000116e-01 4.937099999999999822e-01 0.000000000000000000e+00
9.200000000000000000e+01 1.670000000000000095e-01 1.930900000000000116e-01 4.937099999999999822e-01 0.000000000000000000e+00
9.300000000000000000e+01 1.670000000000000095e-01 1.930900000000000116e-01 4.937099999999999822e-01 0.000000000000000000e+00
9.400000000000000000e+01 1.670000000000000095e-01 1.930900000000000116e-01 4.937099999999999822e-01 0.000000000000000000e+00
9.500000000000000000e+01 1.670000000000000095e-01 1.930900000000000116e-01 4.937099999999999822e-01 0.000000000000000000e+00
9.600000000000000000e+01 1.670000000000000095e-01 1.930900000000000116e-01 4.937099999999999822e-01 0.000000000000000000e+00
9.700000000000000000e+01 1.670000000000000095e-01 1.930900000000000116e-01 4.937099999999999822e-01 0.000000000000000000e+00
9.800000000000000000e+01 1.670000000000000095e-01 1.930900000000000116e-01 4.937099999999999822e-01 0.000000000000000000e+00
9.900000000000000000e+01 1.670000000000000095e-01 1.930900000000000116e-01 4.937099999999999822e-01 0.000000000000000000e+00
1.000000000000000000e+02 1.670000000000000095e-01 1.930900000000000116e-01 4.937099999999999822e-01 0.000000000000000000e+00
1.010000000000000000e+02 1.670000000000000095e-01 1.930900000000000116e-01 4.937099999999999822e-01 0.000000000000000000e+00
1.020000000000000000e+02 1.670000000000000095e-01 1.930900000000000116e-01 4.937099999999999822e-01 0.000000000000000000e+00
1.030000000000000000e+02 1.670000000000000095e-01 1.930900000000000116e-01 4.937099999999999822e-01 0.000000000000000000e+00
1.040000000000000000e+02 1.670000000000000095e-01 1.930900000000000116e-01 4.937099999999999822e-01 0.000000000000000000e+00
1.050000000000000000e+02 1.880000000000000004e-01 3.817599999999999882e-01 3.227999999999999758e-01 0.000000000000000000e+00
1.060000000000000000e+02 1.880000000000000004e-01 3.817599999999999882e-01 3.227999999999999758e-01 0.000000000000000000e+00
1.070000000000000000e+02 1.880000000000000004e-01 3.817599999999999882e-01 3.227999999999999758e-01 0.000000000000000000e+00
1.080000000000000000e+02 1.880000000000000004e-01 3.817599999999999882e-01 3.227999999999999758e-01 0.000000000000000000e+00
1.090000000000000000e+02 1.880000000000000004e-01 3.817599999999999882e-01 3.227999999999999758e-01 0.000000000000000000e+00
1.100000000000000000e+02 1.880000000000000004e-01 3.817599999999999882e-01 3.227999999999999758e-01 0.000000000000000000e+00
1.110000000000000000e+02 1.880000000000000004e-01 3.817599999999999882e-01 3.227999999999999758e-01 0.000000000000000000e+00
1.120000000000000000e+02 1.880000000000000004e-01 3.817599999999999882e-01 3.227999999999999758e-01 0.000000000000000000e+00
1.130000000000000000e+02 1.880000000000000004e-01 3.817599999999999882e-01 3.227999999999999758e-01 0.000000000000000000e+00
1.140000000000000000e+02 1.880000000000000004e-01 3.817599999999999882e-01 3.227999999999999758e-01 0.000000000000000000e+00
1.150000000000000000e+02 1.880000000000000004e-01 3.817599999999999882e-01 3.227999999999999758e-01 0.000000000000000000e+00
1.160000000000000000e+02 1.880000000000000004e-01 3.817599999999999882e-01 3.227999999999999758e-01 0.000000000000000000e+00
1.170000000000000000e+02 1.880000000000000004e-01 3.817599999999999882e-01 3.227999999999999758e-01 0.000000000000000000e+00
1.180000000000000000e+02 1.880000000000000004e-01 3.817599999999999882e-01 3.227999999999999758e-01 0.000000000000000000e+00
1.190000000000000000e+02 1.880000000000000004e-01 3.817599999999999882e-01 3.227999999999999758e-01 0.000000000000000000e+00
1.200000000000000000e+02 1.880000000000000004e-01 3.817599999999999882e-01 3.227999999999999758e-01 0.000000000000000000e+00
