1.000000000000000000e+00 1.739999999999999880e-01 2.491530000000000022e+00 9.132299999999999862e-01 0.000000000000000000e+00
2.000000000000000000e+00 1.179999999999999938e-01 2.728450000000000042e+00 7.599099999999999744e-01 0.000000000000000000e+00
3.000000000000000000e+00 8.999999999999999667e-02 2.037589999999999790e+00 9.050599999999999756e-01 0.000000000000000000e+00
4.000000000000000000e+00 8.300000000000000433e-02 2.267879999999999896e+00 6.541799999999999837e-01 0.000000000000000000e+00
5.000000000000000000e+00 8.300000000000000433e-02 2.358870000000000022e+00 6.115699999999999470e-01 0.000000000000000000e+00
6.000000000000000000e+00 8.300000000000000433e-02 2.444840000000000124e+00 5.938700000000000090e-01 0.000000000000000000e+00
7.000000000000000000e+00 8.300000000000000433e-02 2.466320000000000068e+00 5.830999999999999517e-01 0.000000000000000000e+00
8.000000000000000000e+00 8.300000000000000433e-02 2.466320000000000068e+00 5.750499999999999501e-01 0.000000000000000000e+00
9.000000000000000000e+00 8.300000000000000433e-02 2.327809999999999935e+00 5.770499999999999519e-01 0.000000000000000000e+00
1.000000000000000000e+01 8.300000000000000433e-02 2.301200000000000134e+00 5.772599999999999953e-01 0.000000000000000000e+00
1.100000000000000000e+01 8.999999999999999667e-02 2.294509999999999827e+00 5.777900000000000258e-01 0.000000000000000000e+00
1.200000000000000000e+01 8.999999999999999667e-02 2.288879999999999804e+00 5.807299999999999685e-01 0.000000000000000000e+00
1.300000000000000000e+01 8.999999999999999667e-02 2.301950000000000163e+00 5.836500000000000021e-01 0.000000000000000000e+00
1.400000000000000000e+01 8.999999999999999667e-02 2.285419999999999785e+00 5.885099999999999776e-01 0.000000000000000000e+00
1.500000000000000000e+01 8.999999999999999667e-02 2.255050000000000221e+00 5.950100000000000389e-01 0.000000000000000000e+00
1.600000000000000000e+01 8.999999999999999667e-02 2.260209999999999830e+00 6.000400000000000178e-01 0.000000000000000000e+00
1.700000000000000000e+01 8.999999999999999667e-02 2.267240000000000144e+00 6.025599999999999845e-01 0.000000000000000000e+00
1.800000000000000000e+01 8.999999999999999667e-02 2.271329999999999849e+00 6.037099999999999689e-01 0.000000000000000000e+00
1.900000000000000000e+01 8.999999999999999667e-02 2.276940000000000186e+00 6.042300000000000448e-01 0.000000000000000000e+00
2.000000000000000000e+01 8.999999999999999667e-02 2.284320000000000128e+00 6.048900000000000388e-01 0.000000000000000000e+00
2.100000000000000000e+01 8.999999999999999667e-02 2.289919999999999956e+00 6.048799999999999732e-01 0.000000000000000000e+00
2.200000000000000000e+01 8.999999999999999667e-02 2.300759999999999916e+00 6.043500000000000538e-01 0.000000000000000000e+00
2.300000000000000000e+01 8.999999999999999667e-02 2.318099999999999827e+00 6.030699999999999950e-01 0.000000000000000000e+00
2.400000000000000000e+01 8.999999999999999667e-02 2.347869999999999902e+00 6.020799999999999486e-01 0.000000000000000000e+00
2.500000000000000000e+01 8.999999999999999667e-02 2.380050000000000221e+00 6.010199999999999987e-01 0.000000000000000000e+00
2.600000000000000000e+01 8.999999999999999667e-02 2.411000000000000032e+00 5.999100000000000543e-01 0.000000000000000000e+00
2.700000000000000000e+01 8.999999999999999667e-02 2.441679999999999851e+00 5.993100000000000094e-01 0.000000000000000000e+00
2.800000000000000000e+01 8.999999999999999667e-02 2.484960000000000058e+00 5.994199999999999529e-01 0.000000000000000000e+00
2.900000000000000000e+01 8.999999999999999667e-02 2.549920000000000186e+00 5.998200000000000198e-01 0.000000000000000000e+00
3.000000000000000000e+01 8.999999999999999667e-02 2.615520000000000067e+00 6.003300000000000303e-01 0.000000000000000000e+00
3.100000000000000000e+01 8.999999999999999667e-02 2.647949999999999804e+00 6.007900000000000462e-01 0.000000000000000000e+00
3.200000000000000000e+01 8.999999999999999667e-02 2.683809999999999807e+00 6.012499999999999512e-01 0.000000000000000000e+00
3.300000000000000000e+01 8.999999999999999667e-02 2.718589999999999840e+00 6.019299999999999651e-01 0.000000000000000000e+00
3.400000000000000000e+01 8.999999999999999667e-02 2.749680000000000124e+00 6.025500000000000300e-01 0.000000000000000000e+00
3.500000000000000000e+01 8.999999999999999667e-02 2.776419999999999888e+00 6.028599999999999515e-01 0.000000000000000000e+00
3.600000000000000000e+01 8.999999999999999667e-02 2.804530000000000189e+00 6.032100000000000239e-01 0.000000000000000000e+00
3.700000000000000000e+01 8.999999999999999667e-02 2.831379999999999786e+00 6.034500000000000419e-01 0.000000000000000000e+00
3.800000000000000000e+01 8.999999999999999667e-02 2.857530000000000125e+00 6.033399999999999874e-01 0.000000000000000000e+00
3.900000000000000000e+01 8.999999999999999667e-02 2.895270000000000010e+00 6.028999999999999915e-01 0.000000000000000000e+00
4.000000000000000000e+01 8.999999999999999667e-02 2.940490000000000048e+00 6.027299999999999880e-01 0.000000000000000000e+00
4.100000000000000000e+01 8.999999999999999667e-02 2.979789999999999939e+00 6.025899999999999590e-01 0.000000000000000000e+00
4.200000000000000000e+01 8.999999999999999667e-02 3.013830000000000009e+00 6.022399999999999975e-01 0.000000000000000000e+00
4.300000000000000000e+01 8.999999999999999667e-02 3.046250000000000124e+00 6.018099999999999561e-01 0.000000000000000000e+00
4.400000000000000000e+01 8.999999999999999667e-02 3.072309999999999874e+00 6.014000000000000457e-01 0.000000000000000000e+00
4.500000000000000000e+01 8.999999999999999667e-02 3.099930000000000074e+00 6.009900000000000242e-01 0.000000000000000000e+00
4.600000000000000000e+01 8.999999999999999667e-02 3.130770000000000053e+00 6.005599999999999827e-01 0.000000000000000000e+00
4.700000000000000000e+01 8.999999999999999667e-02 3.159720000000000084e+00 6.000400000000000178e-01 0.000000000000000000e+00
4.800000000000000000e+01 8.999999999999999667e-02 3.185490000000000155e+00 5.995800000000000018e-01 0.000000000000000000e+00
4.900000000000000000e+01 8.999999999999999667e-02 3.209159999999999791e+00 5.991100000000000314e-01 0.000000000000000000e+00
5.000000000000000000e+01 8.999999999999999667e-02 3.238729999999999887e+00 5.986200000000000410e-01 0.000000000000000000e+00
5.100000000000000000e+01 8.999999999999999667e-02 3.266799999999999926e+00 5.980799999999999450e-01 0.000000000000000000e+00
5.200000000000000000e+01 8.999999999999999667e-02 3.296100000000000030e+00 5.976000000000000201e-01 0.000000000000000000e+00
5.300000000000000000e+01 8.999999999999999667e-02 3.337810000000000166e+00 5.969799999999999551e-01 0.000000000000000000e+00
5.400000000000000000e+01 8.999999999999999667e-02 3.375000000000000000e+00 5.963500000000000467e-01 0.000000000000000000e+00
5.500000000000000000e+01 8.999999999999999667e-02 3.407270000000000021e+00 5.957500000000000018e-01 0.000000000000000000e+00
5.600000000000000000e+01 8.999999999999999667e-02 3.441100000000000048e+00 5.951400000000000023e-01 0.000000000000000000e+00
5.700000000000000000e+01 8.999999999999999667e-02 3.472440000000000193e+00 5.945099999999999829e-01 0.000000000000000000e+00
5.800000000000000000e+01 8.999999999999999667e-02 3.502990000000000048e+00 5.938499999999999890e-01 0.000000000000000000e+00
5.900000000000000000e+01 8.999999999999999667e-02 3.532560000000000144e+00 5.931800000000000406e-01 0.000000000000000000e+00
6.000000000000000000e+01 8.999999999999999667e-02 3.558930000000000149e+00 5.925300000000000011e-01 0.000000000000000000e+00
6.100000000000000000e+01 8.999999999999999667e-02 3.589749999999999996e+00 5.916400000000000547e-01 0.000000000000000000e+00
6.200000000000000000e+01 8.999999999999999667e-02 3.617529999999999912e+00 5.907999999999999918e-01 0.000000000000000000e+00
6.300000000000000000e+01 8.999999999999999667e-02 3.642970000000000041e+00 5.898799999999999599e-01 0.000000000000000000e+00
6.400000000000000000e+01 8.999999999999999667e-02 3.665000000000000036e+00 5.889199999999999990e-01 0.000000000000000000e+00
6.500000000000000000e+01 8.999999999999999667e-02 3.686910000000000132e+00 5.880300000000000527e-01 0.000000000000000000e+00
6.600000000000000000e+01 8.999999999999999667e-02 3.708509999999999973e+00 5.872600000000000042e-01 0.000000000000000000e+00
6.700000000000000000e+01 8.999999999999999667e-02 3.731170000000000098e+00 5.864800000000000013e-01 0.000000000000000000e+00
6.800000000000000000e+01 8.999999999999999667e-02 3.753960000000000186e+00 5.857499999999999929e-01 0.000000000000000000e+00
6.900000000000000000e+01 8.999999999999999667e-02 3.775160000000000071e+00 5.851300000000000390e-01 0.000000000000000000e+00
7.000000000000000000e+01 8.999999999999999667e-02 3.796009999999999884e+00 5.845599999999999685e-01 0.000000000000000000e+00
7.100000000000000000e+01 8.999999999999999667e-02 3.817050000000000054e+00 5.840400000000000036e-01 0.000000000000000000e+00
7.200000000000000000e+01 8.999999999999999667e-02 3.839659999999999851e+00 5.835500000000000131e-01 0.000000000000000000e+00
7.300000000000000000e+01 8.999999999999999667e-02 3.861730000000000107e+00 5.831199999999999717e-01 0.000000000000000000e+00
7.400000000000000000e+01 8.999999999999999667e-02 3.883420000000000094e+00 5.826900000000000412e-01 0.000000000000000000e+00
7.500000000000000000e+01 8.999999999999999667e-02 3.906680000000000152e+00 5.822100000000000053e-01 0.000000000000000000e+00
7.600000000000000000e+01 8.999999999999999667e-02 3.929879999999999818e+00 5.817700000000000093e-01 0.000000000000000000e+00
7.700000000000000000e+01 8.999999999999999667e-02 3.950390000000000068e+00 5.814000000000000279e-01 0.000000000000000000e+00
7.800000000000000000e+01 8.999999999999999667e-02 3.968300000000000161e+00 5.810499999999999554e-01 0.000000000000000000e+00
7.900000000000000000e+01 8.999999999999999667e-02 3.986559999999999881e+00 5.801600000000000090e-01 0.000000000000000000e+00
8.000000000000000000e+01 8.999999999999999667e-02 4.003370000000000317e+00 5.793399999999999661e-01 0.000000000000000000e+00
8.100000000000000000e+01 8.999999999999999667e-02 4.020209999999999617e+00 5.785299999999999887e-01 0.000000000000000000e+00
8.200000000000000000e+01 8.999999999999999667e-02 4.036190000000000389e+00 5.777299999999999658e-01 0.000000000000000000e+00
8.300000000000000000e+01 8.999999999999999667e-02 4.053169999999999717e+00 5.768299999999999539e-01 0.000000000000000000e+00
8.400000000000000000e+01 8.999999999999999667e-02 4.069490000000000052e+00 5.759300000000000530e-01 0.000000000000000000e+00
8.500000000000000000e+01 8.999999999999999667e-02 4.084089999999999776e+00 5.749400000000000066e-01 0.000000000000000000e+00
8.600000000000000000e+01 8.999999999999999667e-02 4.098040000000000127e+00 5.737700000000000022e-01 0.000000000000000000e+00
8.700000000000000000e+01 8.999999999999999667e-02 4.111659999999999648e+00 5.726599999999999469e-01 0.000000000000000000e+00
8.800000000000000000e+01 8.999999999999999667e-02 4.123840000000000394e+00 5.716499999999999915e-01 0.000000000000000000e+00
8.900000000000000000e+01 8.999999999999999667e-02 4.135609999999999786e+00 5.706799999999999651e-01 0.000000000000000000e+00
9.000000000000000000e+01 8.999999999999999667e-02 4.146690000000000431e+00 5.697600000000000442e-01 0.000000000000000000e+00
9.100000000000000000e+01 8.999999999999999667e-02 4.157140000000000057e+00 5.688800000000000523e-01 0.000000000000000000e+00
9.200000000000000000e+01 8.999999999999999667e-02 4.166450000000000209e+00 5.680800000000000294e-01 0.000000000000000000e+00
9.300000000000000000e+01 8.999999999999999667e-02 4.175349999999999895e+00 5.673300000000000010e-01 0.000000000000000000e+00
9.400000000000000000e+01 8.999999999999999667e-02 4.184409999999999741e+00 5.666200000000000125e-01 0.000000000000000000e+00
9.500000000000000000e+01 8.999999999999999667e-02 4.193249999999999922e+00 5.659600000000000186e-01 0.000000000000000000e+00
9.600000000000000000e+01 8.999999999999999667e-02 4.201279999999999681e+00 5.653799999999999937e-01 0.000000000000000000e+00
9.700000000000000000e+01 8.999999999999999667e-02 4.209200000000000053e+00 5.647900000000000142e-01 0.000000000000000000e+00
9.800000000000000000e+01 8.999999999999999667e-02 4.217819999999999681e+00 5.641699999999999493e-01 0.000000000000000000e+00
9.900000000000000000e+01 8.999999999999999667e-02 4.226969999999999672e+00 5.635299999999999754e-01 0.000000000000000000e+00
1.000000000000000000e+02 8.999999999999999667e-02 4.235500000000000043e+00 5.629100000000000215e-01 0.000000000000000000e+00
1.010000000000000000e+02 8.999999999999999667e-02 4.243710000000000093e+00 5.623299999999999965e-01 0.000000000000000000e+00
1.020000000000000000e+02 8.999999999999999667e-02 4.251559999999999562e+00 5.617799999999999461e-01 0.000000000000000000e+00
1.030000000000000000e+02 8.999999999999999667e-02 4.258810000000000429e+00 5.612899999999999556e-01 0.000000000000000000e+00
1.040000000000000000e+02 8.999999999999999667e-02 4.265460000000000029e+00 5.608499999999999597e-01 0.000000000000000000e+00
1.050000000000000000e+02 8.999999999999999667e-02 4.271650000000000169e+00 5.604500000000000037e-01 0.000000000000000000e+00
1.060000000000000000e+02 8.999999999999999667e-02 4.278059999999999974e+00 5.600699999999999568e-01 0.000000000000000000e+00
1.070000000000000000e+02 8.999999999999999667e-02 4.284559999999999924e+00 5.597100000000000408e-01 0.000000000000000000e+00
1.080000000000000000e+02 8.999999999999999667e-02 4.290969999999999729e+00 5.593399999999999483e-01 0.000000000000000000e+00
1.090000000000000000e+02 8.999999999999999667e-02 4.297430000000000305e+00 5.589699999999999669e-01 0.000000000000000000e+00
1.100000000000000000e+02 8.999999999999999667e-02 4.304630000000000400e+00 5.585999999999999854e-01 0.000000000000000000e+00
1.110000000000000000e+02 8.999999999999999667e-02 4.311969999999999636e+00 5.582500000000000240e-01 0.000000000000000000e+00
1.120000000000000000e+02 8.999999999999999667e-02 4.319049999999999834e+00 5.579100000000000170e-01 0.000000000000000000e+00
1.130000000000000000e+02 8.999999999999999667e-02 4.325789999999999580e+00 5.576200000000000045e-01 0.000000000000000000e+00
1.140000000000000000e+02 8.999999999999999667e-02 4.332379999999999676e+00 5.573500000000000121e-01 0.000000000000000000e+00
1.150000000000000000e+02 8.999999999999999667e-02 4.338949999999999640e+00 5.571000000000000396e-01 0.000000000000000000e+00
1.160000000000000000e+02 8.999999999999999667e-02 4.345430000000000348e+00 5.568499999999999561e-01 0.000000000000000000e+00
1.170000000000000000e+02 8.999999999999999667e-02 4.351560000000000095e+00 5.566499999999999782e-01 0.000000000000000000e+00
1.180000000000000000e+02 8.999999999999999667e-02 4.357429999999999914e+00 5.565099999999999492e-01 0.000000000000000000e+00
1.190000000000000000e+02 8.999999999999999667e-02 4.363120000000000331e+00 5.564599999999999547e-01 0.000000000000000000e+00
1.200000000000000000e+02 8.999999999999999667e-02 4.369270000000000209e+00 5.563900000000000512e-01 0.000000000000000000e+00
