1.000000000000000000e+00 1.809999999999999942e-01 1.062382300000000015e+02 3.589499999999999913e-01 0.000000000000000000e+00
2.000000000000000000e+00 8.999999999999999667e-02 1.675606000000000151e+01 6.771599999999999842e-01 0.000000000000000000e+00
3.000000000000000000e+00 8.300000000000000433e-02 1.920883999999999858e+01 6.922099999999999920e-01 0.000000000000000000e+00
4.000000000000000000e+00 8.300000000000000433e-02 1.481653999999999982e+01 7.429299999999999793e-01 0.000000000000000000e+00
5.000000000000000000e+00 1.809999999999999942e-01 1.430749399999999980e+02 4.149300000000000210e-01 0.000000000000000000e+00
6.000000000000000000e+00 8.999999999999999667e-02 1.050531999999999933e+01 8.083900000000000530e-01 0.000000000000000000e+00
7.000000000000000000e+00 9.700000000000000289e-02 9.510600000000000165e+00 8.214099999999999735e-01 0.000000000000000000e+00
8.000000000000000000e+00 1.459999999999999909e-01 2.065612000000000137e+01 6.382499999999999840e-01 0.000000000000000000e+00
9.000000000000000000e+00 1.390000000000000124e-01 2.329692999999999969e+01 5.931199999999999806e-01 0.000000000000000000e+00
1.000000000000000000e+01 1.390000000000000124e-01 2.447006000000000014e+01 5.737100000000000533e-01 0.000000000000000000e+00
1.100000000000000000e+01 1.390000000000000124e-01 2.533838000000000079e+01 5.698499999999999677e-01 0.000000000000000000e+00
1.200000000000000000e+01 1.390000000000000124e-01 2.603053999999999846e+01 5.679100000000000259e-01 0.000000000000000000e+00
1.300000000000000000e+01 1.529999999999999971e-01 2.676062999999999903e+01 5.716900000000000315e-01 0.000000000000000000e+00
1.400000000000000000e+01 1.529999999999999971e-01 2.738402999999999921e+01 5.782199999999999562e-01 0.000000000000000000e+00
1.500000000000000000e+01 1.529999999999999971e-01 2.777964000000000055e+01 5.835900000000000531e-01 0.000000000000000000e+00
1.600000000000000000e+01 1.529999999999999971e-01 2.798121000000000080e+01 5.890600000000000280e-01 0.000000000000000000e+00
1.700000000000000000e+01 1.529999999999999971e-01 2.823279000000000138e+01 5.924199999999999466e-01 0.000000000000000000e+00
1.800000000000000000e+01 1.529999999999999971e-01 2.830910000000000082e+01 5.953800000000000203e-01 0.000000000000000000e+00
1.900000000000000000e+01 1.529999999999999971e-01 2.825534999999999997e+01 5.976299999999999946e-01 0.000000000000000000e+00
2.000000000000000000e+01 1.529999999999999971e-01 2.852129000000000048e+01 5.982399999999999940e-01 0.000000000000000000e+00
2.100000000000000000e+01 1.529999999999999971e-01 2.916024000000000171e+01 5.972499999999999476e-01 0.000000000000000000e+00
2.200000000000000000e+01 1.529999999999999971e-01 2.981097000000000108e+01 5.938099999999999490e-01 0.000000000000000000e+00
2.300000000000000000e+01 1.529999999999999971e-01 3.011105999999999838e+01 5.906700000000000284e-01 0.000000000000000000e+00
2.400000000000000000e+01 1.529999999999999971e-01 3.079318999999999917e+01 5.852100000000000080e-01 0.000000000000000000e+00
2.500000000000000000e+01 1.529999999999999971e-01 3.162295999999999907e+01 5.792300000000000226e-01 0.000000000000000000e+00
2.600000000000000000e+01 1.529999999999999971e-01 3.260144999999999982e+01 5.744000000000000217e-01 0.000000000000000000e+00
2.700000000000000000e+01 1.529999999999999971e-01 3.351048000000000116e+01 5.709800000000000431e-01 0.000000000000000000e+00
2.800000000000000000e+01 1.529999999999999971e-01 3.495539999999999736e+01 5.643799999999999928e-01 0.000000000000000000e+00
2.900000000000000000e+01 1.179999999999999938e-01 1.041183000000000014e+01 8.383399999999999741e-01 0.000000000000000000e+00
3.000000000000000000e+01 1.179999999999999938e-01 1.076350000000000051e+01 8.397299999999999764e-01 0.000000000000000000e+00
3.100000000000000000e+01 1.529999999999999971e-01 3.791315000000000168e+01 5.520100000000000007e-01 0.000000000000000000e+00
3.200000000000000000e+01 1.179999999999999938e-01 1.130925000000000047e+01 8.442399999999999904e-01 0.000000000000000000e+00
3.300000000000000000e+01 1.179999999999999938e-01 1.150399999999999956e+01 8.463500000000000467e-01 0.000000000000000000e+00
3.400000000000000000e+01 1.179999999999999938e-01 1.169553999999999938e+01 8.480400000000000160e-01 0.000000000000000000e+00
3.500000000000000000e+01 1.179999999999999938e-01 1.190334000000000003e+01 8.491499999999999604e-01 0.000000000000000000e+00
3.600000000000000000e+01 1.179999999999999938e-01 1.216061999999999976e+01 8.493800000000000239e-01 0.000000000000000000e+00
3.700000000000000000e+01 1.179999999999999938e-01 1.241846999999999923e+01 8.496299999999999963e-01 0.000000000000000000e+00
3.800000000000000000e+01 1.529999999999999971e-01 3.260231000000000279e+01 5.829600000000000337e-01 0.000000000000000000e+00
3.900000000000000000e+01 1.529999999999999971e-01 2.833915999999999968e+01 6.182499999999999662e-01 0.000000000000000000e+00
4.000000000000000000e+01 1.179999999999999938e-01 1.306831999999999994e+01 8.514500000000000401e-01 0.000000000000000000e+00
4.100000000000000000e+01 1.179999999999999938e-01 1.327787999999999968e+01 8.520699999999999941e-01 0.000000000000000000e+00
4.200000000000000000e+01 1.529999999999999971e-01 2.011390000000000100e+01 7.751900000000000457e-01 0.000000000000000000e+00
4.300000000000000000e+01 1.179999999999999938e-01 1.372209999999999930e+01 8.520900000000000141e-01 0.000000000000000000e+00
4.400000000000000000e+01 1.179999999999999938e-01 1.392845999999999940e+01 8.523100000000000120e-01 0.000000000000000000e+00
4.500000000000000000e+01 1.179999999999999938e-01 1.415832999999999942e+01 8.525199999999999445e-01 0.000000000000000000e+00
4.600000000000000000e+01 1.529999999999999971e-01 2.075819999999999865e+01 7.728199999999999514e-01 0.000000000000000000e+00
4.700000000000000000e+01 1.179999999999999938e-01 1.456075000000000053e+01 8.538299999999999779e-01 0.000000000000000000e+00
4.800000000000000000e+01 1.179999999999999938e-01 1.475319999999999965e+01 8.544199999999999573e-01 0.000000000000000000e+00
4.900000000000000000e+01 1.529999999999999971e-01 2.121396999999999977e+01 7.701599999999999557e-01 0.000000000000000000e+00
5.000000000000000000e+01 1.179999999999999938e-01 1.510468999999999973e+01 8.555000000000000382e-01 0.000000000000000000e+00
5.100000000000000000e+01 1.179999999999999938e-01 1.530277000000000065e+01 8.560499999999999776e-01 0.000000000000000000e+00
5.200000000000000000e+01 1.179999999999999938e-01 1.557002999999999915e+01 8.560200000000000031e-01 0.000000000000000000e+00
5.300000000000000000e+01 1.179999999999999938e-01 1.593107999999999969e+01 8.548299999999999788e-01 0.000000000000000000e+00
5.400000000000000000e+01 1.179999999999999938e-01 1.630917000000000172e+01 8.535099999999999909e-01 0.000000000000000000e+00
5.500000000000000000e+01 1.179999999999999938e-01 1.668500999999999834e+01 8.523100000000000120e-01 0.000000000000000000e+00
5.600000000000000000e+01 1.179999999999999938e-01 1.707417999999999836e+01 8.507799999999999807e-01 0.000000000000000000e+00
5.700000000000000000e+01 1.179999999999999938e-01 1.744497000000000142e+01 8.491800000000000459e-01 0.000000000000000000e+00
5.800000000000000000e+01 1.459999999999999909e-01 2.267615999999999943e+01 7.550799999999999734e-01 0.000000000000000000e+00
5.900000000000000000e+01 1.459999999999999909e-01 2.276998999999999995e+01 7.523999999999999577e-01 0.000000000000000000e+00
6.000000000000000000e+01 1.179999999999999938e-01 1.847722999999999871e+01 8.450900000000000079e-01 0.000000000000000000e+00
6.100000000000000000e+01 1.179999999999999938e-01 1.879542000000000002e+01 8.439999999999999725e-01 0.000000000000000000e+00
6.200000000000000000e+01 1.179999999999999938e-01 1.910182000000000002e+01 8.429699999999999971e-01 0.000000000000000000e+00
6.300000000000000000e+01 1.179999999999999938e-01 1.940669000000000111e+01 8.420800000000000507e-01 0.000000000000000000e+00
6.400000000000000000e+01 1.179999999999999938e-01 1.971649000000000029e+01 8.410999999999999588e-01 0.000000000000000000e+00
6.500000000000000000e+01 1.179999999999999938e-01 2.003674000000000177e+01 8.399799999999999489e-01 0.000000000000000000e+00
6.600000000000000000e+01 1.390000000000000124e-01 2.381759999999999877e+01 7.275899999999999590e-01 0.000000000000000000e+00
6.700000000000000000e+01 1.179999999999999938e-01 2.070745000000000147e+01 8.378400000000000292e-01 0.000000000000000000e+00
6.800000000000000000e+01 1.179999999999999938e-01 2.099277000000000015e+01 8.370699999999999807e-01 0.000000000000000000e+00
6.900000000000000000e+01 1.250000000000000000e-01 2.125998999999999839e+01 8.364099999999999868e-01 0.000000000000000000e+00
7.000000000000000000e+01 1.390000000000000124e-01 2.451244000000000156e+01 7.146799999999999820e-01 0.000000000000000000e+00
7.100000000000000000e+01 1.179999999999999938e-01 2.179532999999999987e+01 8.351300000000000390e-01 0.000000000000000000e+00
7.200000000000000000e+01 1.179999999999999938e-01 2.204874999999999829e+01 8.345099999999999740e-01 0.000000000000000000e+00
7.300000000000000000e+01 1.390000000000000124e-01 2.489321999999999946e+01 7.043700000000000516e-01 0.000000000000000000e+00
7.400000000000000000e+01 1.179999999999999938e-01 2.253913000000000011e+01 8.334599999999999786e-01 0.000000000000000000e+00
7.500000000000000000e+01 1.179999999999999938e-01 2.278156999999999854e+01 8.330699999999999772e-01 0.000000000000000000e+00
7.600000000000000000e+01 1.179999999999999938e-01 2.301877999999999957e+01 8.328400000000000247e-01 0.000000000000000000e+00
7.700000000000000000e+01 1.179999999999999938e-01 2.326194999999999879e+01 8.326500000000000012e-01 0.000000000000000000e+00
7.800000000000000000e+01 1.179999999999999938e-01 2.353102000000000160e+01 8.323500000000000343e-01 0.000000000000000000e+00
7.900000000000000000e+01 1.179999999999999938e-01 2.380080999999999847e+01 8.320999999999999508e-01 0.000000000000000000e+00
8.000000000000000000e+01 1.390000000000000124e-01 2.585971999999999937e+01 6.824299999999999811e-01 0.000000000000000000e+00
8.100000000000000000e+01 1.179999999999999938e-01 2.439827000000000012e+01 8.311699999999999644e-01 0.000000000000000000e+00
8.200000000000000000e+01 1.179999999999999938e-01 2.472300999999999860e+01 8.304899999999999505e-01 0.000000000000000000e+00
8.300000000000000000e+01 1.179999999999999938e-01 2.507028000000000034e+01 8.296099999999999586e-01 0.000000000000000000e+00
8.400000000000000000e+01 1.179999999999999938e-01 2.543221000000000132e+01 8.286799999999999722e-01 0.000000000000000000e+00
8.500000000000000000e+01 1.179999999999999938e-01 2.581963999999999970e+01 8.275900000000000478e-01 0.000000000000000000e+00
8.600000000000000000e+01 1.390000000000000124e-01 2.662854000000000099e+01 6.657199999999999784e-01 0.000000000000000000e+00
8.700000000000000000e+01 1.179999999999999938e-01 2.660483999999999938e+01 8.253099999999999881e-01 0.000000000000000000e+00
8.800000000000000000e+01 1.179999999999999938e-01 2.700538999999999845e+01 8.240899999999999892e-01 0.000000000000000000e+00
8.900000000000000000e+01 1.179999999999999938e-01 2.740111999999999881e+01 8.228900000000000103e-01 0.000000000000000000e+00
9.000000000000000000e+01 1.390000000000000124e-01 2.719820999999999955e+01 6.511900000000000466e-01 0.000000000000000000e+00
9.100000000000000000e+01 1.179999999999999938e-01 2.812096000000000018e+01 8.212099999999999955e-01 0.000000000000000000e+00
9.200000000000000000e+01 1.179999999999999938e-01 2.845947999999999922e+01 8.206200000000000161e-01 0.000000000000000000e+00
9.300000000000000000e+01 1.179999999999999938e-01 2.879168999999999912e+01 8.200800000000000312e-01 0.000000000000000000e+00
9.400000000000000000e+01 1.390000000000000124e-01 2.778660999999999959e+01 6.364900000000000002e-01 0.000000000000000000e+00
9.500000000000000000e+01 1.390000000000000124e-01 2.789641999999999911e+01 6.337300000000000155e-01 0.000000000000000000e+00
9.600000000000000000e+01 1.179999999999999938e-01 2.973266999999999882e+01 8.185400000000000453e-01 0.000000000000000000e+00
9.700000000000000000e+01 1.390000000000000124e-01 2.807468000000000075e+01 6.284399999999999986e-01 0.000000000000000000e+00
9.800000000000000000e+01 1.390000000000000124e-01 2.815803000000000011e+01 6.260200000000000209e-01 0.000000000000000000e+00
9.900000000000000000e+01 1.179999999999999938e-01 3.060219000000000023e+01 8.168999999999999595e-01 0.000000000000000000e+00
1.000000000000000000e+02 1.390000000000000124e-01 2.831727000000000061e+01 6.210900000000000309e-01 0.000000000000000000e+00
1.010000000000000000e+02 1.179999999999999938e-01 3.116143999999999892e+01 8.159699999999999731e-01 0.000000000000000000e+00
1.020000000000000000e+02 1.179999999999999938e-01 3.142379999999999995e+01 8.154799999999999827e-01 0.000000000000000000e+00
1.030000000000000000e+02 1.179999999999999938e-01 3.168228999999999829e+01 8.150300000000000322e-01 0.000000000000000000e+00
1.040000000000000000e+02 1.179999999999999938e-01 3.196268999999999849e+01 8.144599999999999618e-01 0.000000000000000000e+00
1.050000000000000000e+02 1.390000000000000124e-01 2.884776000000000096e+01 6.060299999999999576e-01 0.000000000000000000e+00
1.060000000000000000e+02 1.390000000000000124e-01 2.894892000000000110e+01 6.029400000000000315e-01 0.000000000000000000e+00
1.070000000000000000e+02 1.390000000000000124e-01 2.904473000000000127e+01 5.998200000000000198e-01 0.000000000000000000e+00
1.080000000000000000e+02 1.390000000000000124e-01 2.916179999999999950e+01 5.966000000000000192e-01 0.000000000000000000e+00
1.090000000000000000e+02 1.390000000000000124e-01 2.929449999999999932e+01 5.932899999999999840e-01 0.000000000000000000e+00
1.100000000000000000e+02 1.390000000000000124e-01 2.942931000000000097e+01 5.899999999999999689e-01 0.000000000000000000e+00
1.110000000000000000e+02 1.390000000000000124e-01 2.958295999999999992e+01 5.867499999999999938e-01 0.000000000000000000e+00
1.120000000000000000e+02 1.390000000000000124e-01 2.978115000000000023e+01 5.832600000000000007e-01 0.000000000000000000e+00
1.130000000000000000e+02 1.390000000000000124e-01 3.000379999999999825e+01 5.797299999999999676e-01 0.000000000000000000e+00
1.140000000000000000e+02 1.390000000000000124e-01 3.022589999999999932e+01 5.763899999999999579e-01 0.000000000000000000e+00
1.150000000000000000e+02 1.179999999999999938e-01 3.513958999999999833e+01 8.084999999999999964e-01 0.000000000000000000e+00
1.160000000000000000e+02 1.390000000000000124e-01 3.068309999999999960e+01 5.691199999999999593e-01 0.000000000000000000e+00
1.170000000000000000e+02 1.390000000000000124e-01 3.092353999999999914e+01 5.652300000000000102e-01 0.000000000000000000e+00
1.180000000000000000e+02 1.390000000000000124e-01 3.115202999999999989e+01 5.614200000000000301e-01 0.000000000000000000e+00
1.190000000000000000e+02 1.390000000000000124e-01 3.138249000000000066e+01 5.576400000000000245e-01 0.000000000000000000e+00
1.200000000000000000e+02 1.390000000000000124e-01 3.164879000000000175e+01 5.533700000000000285e-01 0.000000000000000000e+00
