1.000000000000000000e+00 1.390000000000000124e-01 6.958199999999999719e+00 7.779800000000000049e-01 0.000000000000000000e+00
2.000000000000000000e+00 1.179999999999999938e-01 3.477440000000000087e+00 6.003800000000000248e-01 0.000000000000000000e+00
3.000000000000000000e+00 1.179999999999999938e-01 3.556880000000000042e+00 5.957000000000000073e-01 0.000000000000000000e+00
4.000000000000000000e+00 1.179999999999999938e-01 4.004480000000000040e+00 6.729300000000000281e-01 0.000000000000000000e+00
5.000000000000000000e+00 1.250000000000000000e-01 4.381160000000000387e+00 7.528899999999999482e-01 0.000000000000000000e+00
6.000000000000000000e+00 1.320000000000000062e-01 4.570920000000000094e+00 7.850200000000000511e-01 0.000000000000000000e+00
7.000000000000000000e+00 1.320000000000000062e-01 4.712519999999999598e+00 7.959300000000000264e-01 0.000000000000000000e+00
8.000000000000000000e+00 1.390000000000000124e-01 4.764929999999999666e+00 8.011399999999999633e-01 0.000000000000000000e+00
9.000000000000000000e+00 1.320000000000000062e-01 4.735249999999999737e+00 8.006799999999999473e-01 0.000000000000000000e+00
1.000000000000000000e+01 1.320000000000000062e-01 4.647649999999999615e+00 7.973200000000000287e-01 0.000000000000000000e+00
1.100000000000000000e+01 1.320000000000000062e-01 4.556239999999999846e+00 7.912900000000000489e-01 0.000000000000000000e+00
1.200000000000000000e+01 1.320000000000000062e-01 4.504550000000000054e+00 7.836100000000000287e-01 0.000000000000000000e+00
1.300000000000000000e+01 1.320000000000000062e-01 4.477689999999999948e+00 7.755999999999999561e-01 0.000000000000000000e+00
1.400000000000000000e+01 1.320000000000000062e-01 4.462349999999999817e+00 7.675199999999999800e-01 0.000000000000000000e+00
1.500000000000000000e+01 1.320000000000000062e-01 4.439309999999999867e+00 7.613400000000000167e-01 0.000000000000000000e+00
1.600000000000000000e+01 1.320000000000000062e-01 4.404550000000000409e+00 7.567899999999999627e-01 0.000000000000000000e+00
1.700000000000000000e+01 1.320000000000000062e-01 4.316910000000000025e+00 7.597099999999999964e-01 0.000000000000000000e+00
1.800000000000000000e+01 1.320000000000000062e-01 4.248660000000000103e+00 7.612400000000000277e-01 0.000000000000000000e+00
1.900000000000000000e+01 1.320000000000000062e-01 4.199980000000000047e+00 7.617899999999999672e-01 0.000000000000000000e+00
2.000000000000000000e+01 1.320000000000000062e-01 4.165490000000000137e+00 7.620099999999999651e-01 0.000000000000000000e+00
2.100000000000000000e+01 1.320000000000000062e-01 4.155590000000000117e+00 7.610900000000000443e-01 0.000000000000000000e+00
2.200000000000000000e+01 1.320000000000000062e-01 4.146379999999999733e+00 7.605899999999999883e-01 0.000000000000000000e+00
2.300000000000000000e+01 1.320000000000000062e-01 4.134990000000000165e+00 7.613100000000000422e-01 0.000000000000000000e+00
2.400000000000000000e+01 1.320000000000000062e-01 4.103469999999999729e+00 7.641700000000000159e-01 0.000000000000000000e+00
2.500000000000000000e+01 1.320000000000000062e-01 4.081599999999999895e+00 7.659700000000000397e-01 0.000000000000000000e+00
2.600000000000000000e+01 1.320000000000000062e-01 4.067359999999999864e+00 7.673999999999999710e-01 0.000000000000000000e+00
2.700000000000000000e+01 1.320000000000000062e-01 4.053009999999999557e+00 7.688199999999999479e-01 0.000000000000000000e+00
2.800000000000000000e+01 1.390000000000000124e-01 4.044240000000000279e+00 7.699500000000000233e-01 0.000000000000000000e+00
2.900000000000000000e+01 1.390000000000000124e-01 4.034839999999999982e+00 7.708899999999999642e-01 0.000000000000000000e+00
3.000000000000000000e+01 1.390000000000000124e-01 4.027529999999999610e+00 7.716600000000000126e-01 0.000000000000000000e+00
3.100000000000000000e+01 1.390000000000000124e-01 4.017929999999999779e+00 7.723200000000000065e-01 0.000000000000000000e+00
3.200000000000000000e+01 1.390000000000000124e-01 3.999969999999999803e+00 7.729599999999999804e-01 0.000000000000000000e+00
3.300000000000000000e+01 1.390000000000000124e-01 3.985770000000000035e+00 7.732499999999999929e-01 0.000000000000000000e+00
3.400000000000000000e+01 1.390000000000000124e-01 3.977160000000000029e+00 7.733499999999999819e-01 0.000000000000000000e+00
3.500000000000000000e+01 1.390000000000000124e-01 3.972189999999999888e+00 7.733200000000000074e-01 0.000000000000000000e+00
3.600000000000000000e+01 1.390000000000000124e-01 3.968729999999999869e+00 7.730299999999999949e-01 0.000000000000000000e+00
3.700000000000000000e+01 1.390000000000000124e-01 3.968370000000000175e+00 7.726699999999999680e-01 0.000000000000000000e+00
3.800000000000000000e+01 1.390000000000000124e-01 3.967750000000000110e+00 7.723100000000000520e-01 0.000000000000000000e+00
3.900000000000000000e+01 1.320000000000000062e-01 3.967820000000000125e+00 7.719200000000000506e-01 0.000000000000000000e+00
4.000000000000000000e+01 1.320000000000000062e-01 3.962720000000000020e+00 7.712599999999999456e-01 0.000000000000000000e+00
4.100000000000000000e+01 1.320000000000000062e-01 3.953809999999999825e+00 7.702099999999999502e-01 0.000000000000000000e+00
4.200000000000000000e+01 1.250000000000000000e-01 3.941089999999999982e+00 7.685999999999999499e-01 0.000000000000000000e+00
4.300000000000000000e+01 1.320000000000000062e-01 3.932350000000000012e+00 7.665699999999999736e-01 0.000000000000000000e+00
4.400000000000000000e+01 1.320000000000000062e-01 3.923059999999999992e+00 7.643799999999999484e-01 0.000000000000000000e+00
4.500000000000000000e+01 1.320000000000000062e-01 3.915230000000000210e+00 7.620599999999999596e-01 0.000000000000000000e+00
4.600000000000000000e+01 1.320000000000000062e-01 3.909030000000000005e+00 7.596600000000000019e-01 0.000000000000000000e+00
4.700000000000000000e+01 1.320000000000000062e-01 3.901720000000000077e+00 7.567399999999999682e-01 0.000000000000000000e+00
4.800000000000000000e+01 1.320000000000000062e-01 3.893520000000000092e+00 7.536000000000000476e-01 0.000000000000000000e+00
4.900000000000000000e+01 1.320000000000000062e-01 3.885790000000000077e+00 7.502699999999999925e-01 0.000000000000000000e+00
5.000000000000000000e+01 1.320000000000000062e-01 3.877759999999999874e+00 7.463800000000000434e-01 0.000000000000000000e+00
5.100000000000000000e+01 1.320000000000000062e-01 3.868529999999999802e+00 7.423199999999999799e-01 0.000000000000000000e+00
5.200000000000000000e+01 1.320000000000000062e-01 3.860320000000000196e+00 7.385199999999999543e-01 0.000000000000000000e+00
5.300000000000000000e+01 1.320000000000000062e-01 3.851879999999999971e+00 7.349599999999999467e-01 0.000000000000000000e+00
5.400000000000000000e+01 1.320000000000000062e-01 3.845619999999999816e+00 7.313399999999999901e-01 0.000000000000000000e+00
5.500000000000000000e+01 1.320000000000000062e-01 3.839309999999999778e+00 7.276500000000000190e-01 0.000000000000000000e+00
5.600000000000000000e+01 1.320000000000000062e-01 3.833340000000000192e+00 7.238900000000000334e-01 0.000000000000000000e+00
5.700000000000000000e+01 1.320000000000000062e-01 3.831310000000000215e+00 7.204899999999999638e-01 0.000000000000000000e+00
5.800000000000000000e+01 1.250000000000000000e-01 3.832699999999999996e+00 7.176700000000000301e-01 0.000000000000000000e+00
5.900000000000000000e+01 1.250000000000000000e-01 3.834140000000000104e+00 7.147700000000000164e-01 0.000000000000000000e+00
6.000000000000000000e+01 1.250000000000000000e-01 3.836879999999999846e+00 7.122100000000000097e-01 0.000000000000000000e+00
6.100000000000000000e+01 1.250000000000000000e-01 3.839329999999999909e+00 7.097299999999999720e-01 0.000000000000000000e+00
6.200000000000000000e+01 1.250000000000000000e-01 3.842769999999999797e+00 7.074599999999999778e-01 0.000000000000000000e+00
6.300000000000000000e+01 1.250000000000000000e-01 3.845460000000000100e+00 7.053099999999999925e-01 0.000000000000000000e+00
6.400000000000000000e+01 1.250000000000000000e-01 3.848139999999999894e+00 7.031699999999999617e-01 0.000000000000000000e+00
6.500000000000000000e+01 1.250000000000000000e-01 3.850429999999999797e+00 7.010699999999999710e-01 0.000000000000000000e+00
6.600000000000000000e+01 1.250000000000000000e-01 3.851640000000000175e+00 6.988799999999999457e-01 0.000000000000000000e+00
6.700000000000000000e+01 1.250000000000000000e-01 3.851210000000000022e+00 6.965200000000000280e-01 0.000000000000000000e+00
6.800000000000000000e+01 1.250000000000000000e-01 3.849410000000000220e+00 6.941800000000000193e-01 0.000000000000000000e+00
6.900000000000000000e+01 1.250000000000000000e-01 3.847129999999999939e+00 6.919499999999999540e-01 0.000000000000000000e+00
7.000000000000000000e+01 1.250000000000000000e-01 3.845169999999999977e+00 6.898300000000000542e-01 0.000000000000000000e+00
7.100000000000000000e+01 1.250000000000000000e-01 3.843789999999999818e+00 6.878499999999999615e-01 0.000000000000000000e+00
7.200000000000000000e+01 1.250000000000000000e-01 3.841930000000000067e+00 6.857999999999999652e-01 0.000000000000000000e+00
7.300000000000000000e+01 1.250000000000000000e-01 3.839150000000000063e+00 6.837400000000000144e-01 0.000000000000000000e+00
7.400000000000000000e+01 1.250000000000000000e-01 3.836329999999999796e+00 6.815600000000000547e-01 0.000000000000000000e+00
7.500000000000000000e+01 1.250000000000000000e-01 3.833209999999999784e+00 6.794299999999999784e-01 0.000000000000000000e+00
7.600000000000000000e+01 1.250000000000000000e-01 3.829839999999999911e+00 6.772599999999999731e-01 0.000000000000000000e+00
7.700000000000000000e+01 1.320000000000000062e-01 3.827030000000000154e+00 6.750800000000000134e-01 0.000000000000000000e+00
7.800000000000000000e+01 1.320000000000000062e-01 3.823980000000000157e+00 6.729699999999999571e-01 0.000000000000000000e+00
7.900000000000000000e+01 1.320000000000000062e-01 3.821169999999999956e+00 6.709699999999999553e-01 0.000000000000000000e+00
8.000000000000000000e+01 1.320000000000000062e-01 3.818309999999999871e+00 6.689100000000000046e-01 0.000000000000000000e+00
8.100000000000000000e+01 1.320000000000000062e-01 3.815560000000000063e+00 6.668399999999999883e-01 0.000000000000000000e+00
8.200000000000000000e+01 1.320000000000000062e-01 3.812469999999999803e+00 6.647999999999999465e-01 0.000000000000000000e+00
8.300000000000000000e+01 1.320000000000000062e-01 3.810210000000000097e+00 6.628800000000000248e-01 0.000000000000000000e+00
8.400000000000000000e+01 1.320000000000000062e-01 3.808330000000000215e+00 6.610099999999999865e-01 0.000000000000000000e+00
8.500000000000000000e+01 1.320000000000000062e-01 3.806620000000000115e+00 6.591599999999999682e-01 0.000000000000000000e+00
8.600000000000000000e+01 1.320000000000000062e-01 3.804949999999999832e+00 6.572000000000000064e-01 0.000000000000000000e+00
8.700000000000000000e+01 1.320000000000000062e-01 3.803360000000000074e+00 6.553099999999999481e-01 0.000000000000000000e+00
8.800000000000000000e+01 1.320000000000000062e-01 3.802200000000000024e+00 6.534600000000000408e-01 0.000000000000000000e+00
8.900000000000000000e+01 1.320000000000000062e-01 3.801369999999999916e+00 6.516600000000000170e-01 0.000000000000000000e+00
9.000000000000000000e+01 1.320000000000000062e-01 3.801349999999999785e+00 6.498300000000000187e-01 0.000000000000000000e+00
9.100000000000000000e+01 1.320000000000000062e-01 3.801810000000000134e+00 6.479399999999999604e-01 0.000000000000000000e+00
9.200000000000000000e+01 1.320000000000000062e-01 3.802319999999999922e+00 6.461500000000000021e-01 0.000000000000000000e+00
9.300000000000000000e+01 1.320000000000000062e-01 3.802989999999999871e+00 6.444699999999999873e-01 0.000000000000000000e+00
9.400000000000000000e+01 1.320000000000000062e-01 3.802770000000000206e+00 6.428099999999999925e-01 0.000000000000000000e+00
9.500000000000000000e+01 1.320000000000000062e-01 3.801860000000000017e+00 6.411499999999999977e-01 0.000000000000000000e+00
9.600000000000000000e+01 1.320000000000000062e-01 3.800920000000000076e+00 6.395300000000000429e-01 0.000000000000000000e+00
9.700000000000000000e+01 1.320000000000000062e-01 3.799900000000000055e+00 6.378399999999999626e-01 0.000000000000000000e+00
9.800000000000000000e+01 1.250000000000000000e-01 3.799110000000000209e+00 6.361700000000000133e-01 0.000000000000000000e+00
9.900000000000000000e+01 1.250000000000000000e-01 3.797169999999999934e+00 6.344100000000000295e-01 0.000000000000000000e+00
1.000000000000000000e+02 1.250000000000000000e-01 3.794119999999999937e+00 6.325699999999999656e-01 0.000000000000000000e+00
1.010000000000000000e+02 1.250000000000000000e-01 3.791100000000000136e+00 6.307399999999999674e-01 0.000000000000000000e+00
1.020000000000000000e+02 1.250000000000000000e-01 3.788060000000000205e+00 6.289599999999999635e-01 0.000000000000000000e+00
1.030000000000000000e+02 1.250000000000000000e-01 3.784460000000000157e+00 6.270700000000000163e-01 0.000000000000000000e+00
1.040000000000000000e+02 1.250000000000000000e-01 3.781109999999999971e+00 6.252499999999999725e-01 0.000000000000000000e+00
1.050000000000000000e+02 1.250000000000000000e-01 3.777260000000000062e+00 6.234199999999999742e-01 0.000000000000000000e+00
1.060000000000000000e+02 1.250000000000000000e-01 3.773750000000000160e+00 6.216699999999999449e-01 0.000000000000000000e+00
1.070000000000000000e+02 1.250000000000000000e-01 3.770080000000000098e+00 6.198599999999999666e-01 0.000000000000000000e+00
1.080000000000000000e+02 1.250000000000000000e-01 3.767209999999999948e+00 6.180600000000000538e-01 0.000000000000000000e+00
1.090000000000000000e+02 1.250000000000000000e-01 3.764440000000000008e+00 6.163199999999999790e-01 0.000000000000000000e+00
1.100000000000000000e+02 1.250000000000000000e-01 3.762000000000000011e+00 6.144399999999999862e-01 0.000000000000000000e+00
1.110000000000000000e+02 1.250000000000000000e-01 3.759290000000000020e+00 6.125599999999999934e-01 0.000000000000000000e+00
1.120000000000000000e+02 1.250000000000000000e-01 3.756489999999999885e+00 6.106899999999999551e-01 0.000000000000000000e+00
1.130000000000000000e+02 1.250000000000000000e-01 3.753499999999999837e+00 6.088099999999999623e-01 0.000000000000000000e+00
1.140000000000000000e+02 1.250000000000000000e-01 3.750290000000000123e+00 6.069400000000000350e-01 0.000000000000000000e+00
1.150000000000000000e+02 1.250000000000000000e-01 3.746750000000000025e+00 6.050299999999999567e-01 0.000000000000000000e+00
1.160000000000000000e+02 1.250000000000000000e-01 3.742379999999999818e+00 6.029099999999999460e-01 0.000000000000000000e+00
1.170000000000000000e+02 1.250000000000000000e-01 3.737899999999999778e+00 6.008200000000000207e-01 0.000000000000000000e+00
1.180000000000000000e+02 1.250000000000000000e-01 3.732429999999999914e+00 5.987500000000000044e-01 0.000000000000000000e+00
1.190000000000000000e+02 1.250000000000000000e-01 3.726220000000000088e+00 5.967200000000000282e-01 0.000000000000000000e+00
1.200000000000000000e+02 1.250000000000000000e-01 3.719650000000000123e+00 5.948499999999999899e-01 0.000000000000000000e+00
