1.000000000000000000e+00 1.459999999999999909e-01 1.569379999999999997e+00 6.824299999999999811e-01 0.000000000000000000e+00
2.000000000000000000e+00 1.459999999999999909e-01 1.462220000000000075e+00 5.963500000000000467e-01 0.000000000000000000e+00
3.000000000000000000e+00 1.459999999999999909e-01 1.235640000000000072e+00 6.689300000000000246e-01 0.000000000000000000e+00
4.000000000000000000e+00 1.390000000000000124e-01 1.207799999999999985e+00 6.773700000000000276e-01 0.000000000000000000e+00
5.000000000000000000e+00 1.529999999999999971e-01 4.273880000000000123e+00 7.067200000000000149e-01 0.000000000000000000e+00
6.000000000000000000e+00 1.529999999999999971e-01 4.587369999999999948e+00 6.998999999999999666e-01 0.000000000000000000e+00
7.000000000000000000e+00 1.529999999999999971e-01 4.355229999999999713e+00 7.024700000000000388e-01 0.000000000000000000e+00
8.000000000000000000e+00 1.529999999999999971e-01 4.186580000000000190e+00 7.029800000000000493e-01 0.000000000000000000e+00
9.000000000000000000e+00 1.529999999999999971e-01 3.793029999999999902e+00 7.053800000000000070e-01 0.000000000000000000e+00
1.000000000000000000e+01 1.529999999999999971e-01 3.645469999999999988e+00 7.038400000000000212e-01 0.000000000000000000e+00
1.100000000000000000e+01 1.459999999999999909e-01 3.296380000000000088e+00 7.061800000000000299e-01 0.000000000000000000e+00
1.200000000000000000e+01 1.390000000000000124e-01 3.528599999999999959e+00 6.973300000000000054e-01 0.000000000000000000e+00
1.300000000000000000e+01 2.100000000000000130e-02 2.919499999999999873e-01 9.038199999999999568e-01 0.000000000000000000e+00
1.400000000000000000e+01 2.100000000000000130e-02 3.242399999999999727e-01 9.093799999999999661e-01 0.000000000000000000e+00
1.500000000000000000e+01 2.100000000000000130e-02 3.523600000000000065e-01 9.097699999999999676e-01 0.000000000000000000e+00
1.600000000000000000e+01 2.100000000000000130e-02 7.990000000000000435e-01 7.915100000000000469e-01 0.000000000000000000e+00
1.700000000000000000e+01 4.200000000000000261e-02 1.917019999999999946e+00 7.220699999999999896e-01 0.000000000000000000e+00
1.800000000000000000e+01 4.200000000000000261e-02 1.924330000000000096e+00 7.191199999999999815e-01 0.000000000000000000e+00
1.900000000000000000e+01 4.200000000000000261e-02 1.893950000000000022e+00 7.181400000000000006e-01 0.000000000000000000e+00
2.000000000000000000e+01 4.200000000000000261e-02 1.842090000000000005e+00 7.184099999999999930e-01 0.000000000000000000e+00
2.100000000000000000e+01 4.200000000000000261e-02 1.748040000000000038e+00 7.208400000000000363e-01 0.000000000000000000e+00
2.200000000000000000e+01 4.200000000000000261e-02 1.585309999999999997e+00 7.261800000000000477e-01 0.000000000000000000e+00
2.300000000000000000e+01 2.100000000000000130e-02 6.533900000000000263e-01 7.812400000000000455e-01 0.000000000000000000e+00
2.400000000000000000e+01 2.100000000000000130e-02 4.580899999999999972e-01 9.021799999999999820e-01 0.000000000000000000e+00
2.500000000000000000e+01 2.100000000000000130e-02 4.618399999999999728e-01 9.023900000000000254e-01 0.000000000000000000e+00
2.600000000000000000e+01 2.100000000000000130e-02 4.642899999999999805e-01 9.028000000000000469e-01 0.000000000000000000e+00
2.700000000000000000e+01 2.100000000000000130e-02 4.659599999999999853e-01 9.030599999999999739e-01 0.000000000000000000e+00
2.800000000000000000e+01 2.100000000000000130e-02 4.682700000000000196e-01 9.030599999999999739e-01 0.000000000000000000e+00
2.900000000000000000e+01 2.100000000000000130e-02 4.704699999999999993e-01 9.028899999999999704e-01 0.000000000000000000e+00
3.000000000000000000e+01 2.100000000000000130e-02 4.721199999999999841e-01 9.024699999999999944e-01 0.000000000000000000e+00
3.100000000000000000e+01 2.100000000000000130e-02 4.734099999999999975e-01 9.020099999999999785e-01 0.000000000000000000e+00
3.200000000000000000e+01 2.100000000000000130e-02 4.739800000000000124e-01 9.017600000000000060e-01 0.000000000000000000e+00
3.300000000000000000e+01 2.100000000000000130e-02 4.741799999999999904e-01 9.015699999999999825e-01 0.000000000000000000e+00
3.400000000000000000e+01 2.100000000000000130e-02 4.734400000000000275e-01 9.017300000000000315e-01 0.000000000000000000e+00
3.500000000000000000e+01 2.100000000000000130e-02 4.733600000000000030e-01 9.017699999999999605e-01 0.000000000000000000e+00
3.600000000000000000e+01 2.100000000000000130e-02 4.732600000000000140e-01 9.017300000000000315e-01 0.000000000000000000e+00
3.700000000000000000e+01 2.100000000000000130e-02 4.728700000000000125e-01 9.017699999999999605e-01 0.000000000000000000e+00
3.800000000000000000e+01 2.100000000000000130e-02 4.733200000000000185e-01 9.018199999999999550e-01 0.000000000000000000e+00
3.900000000000000000e+01 2.100000000000000130e-02 4.738999999999999879e-01 9.017500000000000515e-01 0.000000000000000000e+00
4.000000000000000000e+01 2.100000000000000130e-02 4.746299999999999963e-01 9.015999999999999570e-01 0.000000000000000000e+00
4.100000000000000000e+01 2.100000000000000130e-02 4.754900000000000237e-01 9.016100000000000225e-01 0.000000000000000000e+00
4.200000000000000000e+01 2.100000000000000130e-02 4.773000000000000020e-01 9.013900000000000245e-01 0.000000000000000000e+00
4.300000000000000000e+01 2.100000000000000130e-02 4.795800000000000063e-01 9.012400000000000411e-01 0.000000000000000000e+00
4.400000000000000000e+01 2.100000000000000130e-02 4.820099999999999940e-01 9.011299999999999866e-01 0.000000000000000000e+00
4.500000000000000000e+01 2.100000000000000130e-02 4.850099999999999967e-01 9.010200000000000431e-01 0.000000000000000000e+00
4.600000000000000000e+01 2.100000000000000130e-02 4.877500000000000169e-01 9.011299999999999866e-01 0.000000000000000000e+00
4.700000000000000000e+01 2.100000000000000130e-02 4.908399999999999985e-01 9.011599999999999611e-01 0.000000000000000000e+00
4.800000000000000000e+01 2.100000000000000130e-02 4.939000000000000057e-01 9.011799999999999811e-01 0.000000000000000000e+00
4.900000000000000000e+01 2.100000000000000130e-02 4.968400000000000039e-01 9.011799999999999811e-01 0.000000000000000000e+00
5.000000000000000000e+01 2.100000000000000130e-02 4.994999999999999996e-01 9.012099999999999556e-01 0.000000000000000000e+00
5.100000000000000000e+01 2.100000000000000130e-02 5.020799999999999708e-01 9.013200000000000101e-01 0.000000000000000000e+00
5.200000000000000000e+01 2.100000000000000130e-02 5.043600000000000305e-01 9.015499999999999625e-01 0.000000000000000000e+00
5.300000000000000000e+01 2.100000000000000130e-02 5.054400000000000004e-01 9.020799999999999930e-01 0.000000000000000000e+00
5.400000000000000000e+01 2.100000000000000130e-02 5.065699999999999648e-01 9.025999999999999579e-01 0.000000000000000000e+00
5.500000000000000000e+01 2.100000000000000130e-02 5.063600000000000323e-01 9.034499999999999753e-01 0.000000000000000000e+00
5.600000000000000000e+01 2.100000000000000130e-02 5.089299999999999935e-01 9.034100000000000463e-01 0.000000000000000000e+00
5.700000000000000000e+01 2.100000000000000130e-02 5.120999999999999996e-01 9.032099999999999573e-01 0.000000000000000000e+00
5.800000000000000000e+01 2.100000000000000130e-02 5.143499999999999739e-01 9.032599999999999518e-01 0.000000000000000000e+00
5.900000000000000000e+01 2.100000000000000130e-02 5.161499999999999977e-01 9.033499999999999863e-01 0.000000000000000000e+00
6.000000000000000000e+01 2.100000000000000130e-02 5.179399999999999560e-01 9.034200000000000008e-01 0.000000000000000000e+00
6.100000000000000000e+01 2.100000000000000130e-02 5.191299999999999804e-01 9.036399999999999988e-01 0.000000000000000000e+00
6.200000000000000000e+01 2.100000000000000130e-02 5.202599999999999447e-01 9.038300000000000223e-01 0.000000000000000000e+00
6.300000000000000000e+01 2.100000000000000130e-02 5.214499999999999691e-01 9.040300000000000002e-01 0.000000000000000000e+00
6.400000000000000000e+01 2.100000000000000130e-02 5.224499999999999700e-01 9.043999999999999817e-01 0.000000000000000000e+00
6.500000000000000000e+01 2.100000000000000130e-02 5.231400000000000494e-01 9.048599999999999977e-01 0.000000000000000000e+00
6.600000000000000000e+01 2.100000000000000130e-02 5.239599999999999813e-01 9.052700000000000191e-01 0.000000000000000000e+00
6.700000000000000000e+01 2.100000000000000130e-02 5.248899999999999677e-01 9.057199999999999696e-01 0.000000000000000000e+00
6.800000000000000000e+01 2.100000000000000130e-02 5.254400000000000182e-01 9.062200000000000255e-01 0.000000000000000000e+00
6.900000000000000000e+01 2.100000000000000130e-02 5.260399999999999521e-01 9.066600000000000215e-01 0.000000000000000000e+00
7.000000000000000000e+01 2.100000000000000130e-02 5.264799999999999480e-01 9.071799999999999864e-01 0.000000000000000000e+00
7.100000000000000000e+01 2.100000000000000130e-02 5.271400000000000530e-01 9.075800000000000534e-01 0.000000000000000000e+00
7.200000000000000000e+01 2.100000000000000130e-02 5.279099999999999904e-01 9.078600000000000003e-01 0.000000000000000000e+00
7.300000000000000000e+01 2.100000000000000130e-02 5.288000000000000478e-01 9.081200000000000383e-01 0.000000000000000000e+00
7.400000000000000000e+01 2.100000000000000130e-02 5.296899999999999942e-01 9.084100000000000508e-01 0.000000000000000000e+00
7.500000000000000000e+01 2.100000000000000130e-02 5.306999999999999496e-01 9.086300000000000487e-01 0.000000000000000000e+00
7.600000000000000000e+01 2.100000000000000130e-02 5.317199999999999704e-01 9.088000000000000522e-01 0.000000000000000000e+00
7.700000000000000000e+01 2.100000000000000130e-02 5.327600000000000113e-01 9.089899999999999647e-01 0.000000000000000000e+00
7.800000000000000000e+01 2.100000000000000130e-02 5.340500000000000247e-01 9.090700000000000447e-01 0.000000000000000000e+00
7.900000000000000000e+01 2.100000000000000130e-02 5.352900000000000436e-01 9.091799999999999882e-01 0.000000000000000000e+00
8.000000000000000000e+01 2.100000000000000130e-02 5.363999999999999879e-01 9.093799999999999661e-01 0.000000000000000000e+00
8.100000000000000000e+01 2.100000000000000130e-02 5.374499999999999833e-01 9.096699999999999786e-01 0.000000000000000000e+00
8.200000000000000000e+01 2.100000000000000130e-02 5.381599999999999717e-01 9.101500000000000146e-01 0.000000000000000000e+00
8.300000000000000000e+01 2.100000000000000130e-02 5.372599999999999598e-01 9.111900000000000555e-01 0.000000000000000000e+00
8.400000000000000000e+01 2.100000000000000130e-02 5.226800000000000335e-01 9.169500000000000428e-01 0.000000000000000000e+00
8.500000000000000000e+01 2.100000000000000130e-02 4.527800000000000158e-01 9.434399999999999453e-01 0.000000000000000000e+00
8.600000000000000000e+01 1.400000000000000029e-02 3.850199999999999734e-01 8.414199999999999458e-01 0.000000000000000000e+00
8.700000000000000000e+01 2.100000000000000130e-02 5.431300000000000017e-01 7.550499999999999989e-01 0.000000000000000000e+00
8.800000000000000000e+01 3.500000000000000333e-02 6.578800000000000203e-01 7.337099999999999733e-01 0.000000000000000000e+00
8.900000000000000000e+01 3.500000000000000333e-02 7.022199999999999553e-01 7.270499999999999741e-01 0.000000000000000000e+00
9.000000000000000000e+01 3.500000000000000333e-02 7.254099999999999993e-01 7.235200000000000520e-01 0.000000000000000000e+00
9.100000000000000000e+01 3.500000000000000333e-02 7.403399999999999981e-01 7.213500000000000467e-01 0.000000000000000000e+00
9.200000000000000000e+01 3.500000000000000333e-02 7.503900000000000015e-01 7.198700000000000099e-01 0.000000000000000000e+00
9.300000000000000000e+01 3.500000000000000333e-02 7.565499999999999448e-01 7.188700000000000090e-01 0.000000000000000000e+00
9.400000000000000000e+01 3.500000000000000333e-02 7.603299999999999503e-01 7.181400000000000006e-01 0.000000000000000000e+00
9.500000000000000000e+01 3.500000000000000333e-02 7.634400000000000075e-01 7.174599999999999866e-01 0.000000000000000000e+00
9.600000000000000000e+01 3.500000000000000333e-02 7.671999999999999931e-01 7.167400000000000437e-01 0.000000000000000000e+00
9.700000000000000000e+01 3.500000000000000333e-02 7.700599999999999667e-01 7.161199999999999788e-01 0.000000000000000000e+00
9.800000000000000000e+01 3.500000000000000333e-02 7.715800000000000436e-01 7.156799999999999828e-01 0.000000000000000000e+00
9.900000000000000000e+01 3.500000000000000333e-02 7.727600000000000025e-01 7.152600000000000069e-01 0.000000000000000000e+00
1.000000000000000000e+02 3.500000000000000333e-02 7.736199999999999743e-01 7.148700000000000054e-01 0.000000000000000000e+00
1.010000000000000000e+02 3.500000000000000333e-02 7.738599999999999923e-01 7.145099999999999785e-01 0.000000000000000000e+00
1.020000000000000000e+02 3.500000000000000333e-02 7.741299999999999848e-01 7.141600000000000170e-01 0.000000000000000000e+00
1.030000000000000000e+02 3.500000000000000333e-02 7.746499999999999497e-01 7.138299999999999645e-01 0.000000000000000000e+00
1.040000000000000000e+02 3.500000000000000333e-02 7.752599999999999492e-01 7.135399999999999521e-01 0.000000000000000000e+00
1.050000000000000000e+02 3.500000000000000333e-02 7.765400000000000080e-01 7.132100000000000106e-01 0.000000000000000000e+00
1.060000000000000000e+02 3.500000000000000333e-02 7.774499999999999744e-01 7.129299999999999526e-01 0.000000000000000000e+00
1.070000000000000000e+02 3.500000000000000333e-02 7.784299999999999553e-01 7.126599999999999602e-01 0.000000000000000000e+00
1.080000000000000000e+02 3.500000000000000333e-02 7.790899999999999492e-01 7.124500000000000277e-01 0.000000000000000000e+00
1.090000000000000000e+02 3.500000000000000333e-02 7.802900000000000391e-01 7.122100000000000097e-01 0.000000000000000000e+00
1.100000000000000000e+02 3.500000000000000333e-02 7.818800000000000194e-01 7.119299999999999518e-01 0.000000000000000000e+00
1.110000000000000000e+02 3.500000000000000333e-02 7.833299999999999708e-01 7.116799999999999793e-01 0.000000000000000000e+00
1.120000000000000000e+02 3.500000000000000333e-02 7.845299999999999496e-01 7.114399999999999613e-01 0.000000000000000000e+00
1.130000000000000000e+02 3.500000000000000333e-02 7.857399999999999940e-01 7.111800000000000344e-01 0.000000000000000000e+00
1.140000000000000000e+02 3.500000000000000333e-02 7.870599999999999818e-01 7.109299999999999509e-01 0.000000000000000000e+00
1.150000000000000000e+02 3.500000000000000333e-02 7.885799999999999477e-01 7.106299999999999839e-01 0.000000000000000000e+00
1.160000000000000000e+02 3.500000000000000333e-02 7.894400000000000306e-01 7.104000000000000314e-01 0.000000000000000000e+00
1.170000000000000000e+02 3.500000000000000333e-02 7.902299999999999880e-01 7.101300000000000390e-01 0.000000000000000000e+00
1.180000000000000000e+02 3.500000000000000333e-02 7.904999999999999805e-01 7.099100000000000410e-01 0.000000000000000000e+00
1.190000000000000000e+02 3.500000000000000333e-02 7.907600000000000184e-01 7.096700000000000230e-01 0.000000000000000000e+00
1.200000000000000000e+02 3.500000000000000333e-02 7.903799999999999715e-01 7.095299999999999940e-01 0.000000000000000000e+00
