1.000000000000000000e+00 9.700000000000000289e-02 1.267490000000000006e+00 8.670299999999999674e-01 0.000000000000000000e+00
2.000000000000000000e+00 8.999999999999999667e-02 1.167110000000000092e+00 8.160699999999999621e-01 0.000000000000000000e+00
3.000000000000000000e+00 8.999999999999999667e-02 1.156020000000000048e+00 8.039199999999999680e-01 0.000000000000000000e+00
4.000000000000000000e+00 8.999999999999999667e-02 1.177610000000000046e+00 7.861500000000000155e-01 0.000000000000000000e+00
5.000000000000000000e+00 8.999999999999999667e-02 1.214259999999999895e+00 7.758199999999999541e-01 0.000000000000000000e+00
6.000000000000000000e+00 8.999999999999999667e-02 1.259500000000000064e+00 7.645999999999999464e-01 0.000000000000000000e+00
7.000000000000000000e+00 8.999999999999999667e-02 1.287139999999999951e+00 7.476500000000000368e-01 0.000000000000000000e+00
8.000000000000000000e+00 8.999999999999999667e-02 1.315549999999999997e+00 7.259600000000000497e-01 0.000000000000000000e+00
9.000000000000000000e+00 8.999999999999999667e-02 1.345339999999999980e+00 7.051399999999999890e-01 0.000000000000000000e+00
1.000000000000000000e+01 8.999999999999999667e-02 1.372619999999999951e+00 6.871000000000000441e-01 0.000000000000000000e+00
1.100000000000000000e+01 8.999999999999999667e-02 1.394439999999999902e+00 6.726499999999999702e-01 0.000000000000000000e+00
1.200000000000000000e+01 8.999999999999999667e-02 1.412279999999999980e+00 6.614600000000000479e-01 0.000000000000000000e+00
1.300000000000000000e+01 8.999999999999999667e-02 1.419040000000000079e+00 6.542499999999999982e-01 0.000000000000000000e+00
1.400000000000000000e+01 9.700000000000000289e-02 1.420250000000000012e+00 6.498599999999999932e-01 0.000000000000000000e+00
1.500000000000000000e+01 9.700000000000000289e-02 1.418639999999999901e+00 6.449899999999999523e-01 0.000000000000000000e+00
1.600000000000000000e+01 9.700000000000000289e-02 1.415689999999999893e+00 6.406300000000000328e-01 0.000000000000000000e+00
1.700000000000000000e+01 9.700000000000000289e-02 1.415610000000000035e+00 6.361999999999999877e-01 0.000000000000000000e+00
1.800000000000000000e+01 9.700000000000000289e-02 1.415620000000000100e+00 6.320099999999999607e-01 0.000000000000000000e+00
1.900000000000000000e+01 9.700000000000000289e-02 1.417399999999999993e+00 6.284800000000000386e-01 0.000000000000000000e+00
2.000000000000000000e+01 8.999999999999999667e-02 1.419229999999999992e+00 6.249200000000000310e-01 0.000000000000000000e+00
2.100000000000000000e+01 8.999999999999999667e-02 1.422190000000000065e+00 6.224600000000000133e-01 0.000000000000000000e+00
2.200000000000000000e+01 8.999999999999999667e-02 1.425429999999999975e+00 6.198299999999999921e-01 0.000000000000000000e+00
2.300000000000000000e+01 8.999999999999999667e-02 1.425620000000000109e+00 6.175800000000000178e-01 0.000000000000000000e+00
2.400000000000000000e+01 8.999999999999999667e-02 1.423510000000000053e+00 6.149999999999999911e-01 0.000000000000000000e+00
2.500000000000000000e+01 8.999999999999999667e-02 1.420809999999999906e+00 6.119599999999999485e-01 0.000000000000000000e+00
2.600000000000000000e+01 8.999999999999999667e-02 1.419110000000000094e+00 6.095000000000000417e-01 0.000000000000000000e+00
2.700000000000000000e+01 8.999999999999999667e-02 1.417329999999999979e+00 6.076099999999999834e-01 0.000000000000000000e+00
2.800000000000000000e+01 8.999999999999999667e-02 1.415170000000000039e+00 6.057599999999999651e-01 0.000000000000000000e+00
2.900000000000000000e+01 8.999999999999999667e-02 1.413810000000000011e+00 6.038400000000000434e-01 0.000000000000000000e+00
3.000000000000000000e+01 8.999999999999999667e-02 1.411429999999999962e+00 6.018000000000000016e-01 0.000000000000000000e+00
3.100000000000000000e+01 8.999999999999999667e-02 1.407510000000000039e+00 5.995399999999999618e-01 0.000000000000000000e+00
3.200000000000000000e+01 8.999999999999999667e-02 1.403340000000000032e+00 5.974199999999999511e-01 0.000000000000000000e+00
3.300000000000000000e+01 8.999999999999999667e-02 1.400020000000000042e+00 5.952899999999999858e-01 0.000000000000000000e+00
3.400000000000000000e+01 8.999999999999999667e-02 1.397319999999999895e+00 5.931400000000000006e-01 0.000000000000000000e+00
3.500000000000000000e+01 8.999999999999999667e-02 1.395040000000000058e+00 5.908799999999999608e-01 0.000000000000000000e+00
3.600000000000000000e+01 9.700000000000000289e-02 1.392069999999999919e+00 5.886599999999999611e-01 0.000000000000000000e+00
3.700000000000000000e+01 9.700000000000000289e-02 1.388190000000000035e+00 5.867999999999999883e-01 0.000000000000000000e+00
3.800000000000000000e+01 9.700000000000000289e-02 1.384220000000000006e+00 5.851899999999999880e-01 0.000000000000000000e+00
3.900000000000000000e+01 9.700000000000000289e-02 1.381110000000000060e+00 5.835700000000000331e-01 0.000000000000000000e+00
4.000000000000000000e+01 9.700000000000000289e-02 1.377660000000000107e+00 5.818200000000000038e-01 0.000000000000000000e+00
4.100000000000000000e+01 9.700000000000000289e-02 1.374579999999999913e+00 5.802300000000000235e-01 0.000000000000000000e+00
4.200000000000000000e+01 9.700000000000000289e-02 1.372379999999999933e+00 5.787900000000000267e-01 0.000000000000000000e+00
4.300000000000000000e+01 9.700000000000000289e-02 1.370730000000000004e+00 5.775599999999999623e-01 0.000000000000000000e+00
4.400000000000000000e+01 9.700000000000000289e-02 1.368559999999999999e+00 5.765200000000000324e-01 0.000000000000000000e+00
4.500000000000000000e+01 9.700000000000000289e-02 1.366789999999999949e+00 5.756299999999999750e-01 0.000000000000000000e+00
4.600000000000000000e+01 9.700000000000000289e-02 1.364349999999999952e+00 5.749400000000000066e-01 0.000000000000000000e+00
4.700000000000000000e+01 9.700000000000000289e-02 1.362139999999999906e+00 5.743500000000000272e-01 0.000000000000000000e+00
4.800000000000000000e+01 9.700000000000000289e-02 1.359359999999999902e+00 5.737100000000000533e-01 0.000000000000000000e+00
4.900000000000000000e+01 9.700000000000000289e-02 1.355560000000000098e+00 5.731100000000000083e-01 0.000000000000000000e+00
5.000000000000000000e+01 9.700000000000000289e-02 1.351560000000000095e+00 5.723500000000000254e-01 0.000000000000000000e+00
5.100000000000000000e+01 9.700000000000000289e-02 1.347630000000000106e+00 5.715799999999999770e-01 0.000000000000000000e+00
5.200000000000000000e+01 9.700000000000000289e-02 1.343210000000000015e+00 5.708299999999999486e-01 0.000000000000000000e+00
5.300000000000000000e+01 9.700000000000000289e-02 1.339609999999999967e+00 5.701699999999999546e-01 0.000000000000000000e+00
5.400000000000000000e+01 9.700000000000000289e-02 1.336179999999999923e+00 5.695799999999999752e-01 0.000000000000000000e+00
5.500000000000000000e+01 9.700000000000000289e-02 1.332470000000000043e+00 5.690699999999999648e-01 0.000000000000000000e+00
5.600000000000000000e+01 9.700000000000000289e-02 1.328850000000000087e+00 5.686400000000000343e-01 0.000000000000000000e+00
5.700000000000000000e+01 9.700000000000000289e-02 1.324699999999999989e+00 5.682099999999999929e-01 0.000000000000000000e+00
5.800000000000000000e+01 9.700000000000000289e-02 1.319909999999999917e+00 5.678299999999999459e-01 0.000000000000000000e+00
5.900000000000000000e+01 9.700000000000000289e-02 1.314089999999999980e+00 5.674900000000000500e-01 0.000000000000000000e+00
6.000000000000000000e+01 9.700000000000000289e-02 1.308510000000000062e+00 5.671500000000000430e-01 0.000000000000000000e+00
6.100000000000000000e+01 9.700000000000000289e-02 1.303260000000000085e+00 5.668400000000000105e-01 0.000000000000000000e+00
6.200000000000000000e+01 9.700000000000000289e-02 1.298280000000000101e+00 5.664900000000000491e-01 0.000000000000000000e+00
6.300000000000000000e+01 9.700000000000000289e-02 1.293860000000000010e+00 5.660899999999999821e-01 0.000000000000000000e+00
6.400000000000000000e+01 9.700000000000000289e-02 1.289949999999999930e+00 5.656700000000000061e-01 0.000000000000000000e+00
6.500000000000000000e+01 9.700000000000000289e-02 1.285749999999999948e+00 5.652399999999999647e-01 0.000000000000000000e+00
6.600000000000000000e+01 9.700000000000000289e-02 1.281460000000000043e+00 5.647900000000000142e-01 0.000000000000000000e+00
6.700000000000000000e+01 9.700000000000000289e-02 1.277339999999999920e+00 5.643399999999999528e-01 0.000000000000000000e+00
6.800000000000000000e+01 9.700000000000000289e-02 1.273460000000000036e+00 5.638999999999999568e-01 0.000000000000000000e+00
6.900000000000000000e+01 9.700000000000000289e-02 1.269560000000000022e+00 5.635000000000000009e-01 0.000000000000000000e+00
7.000000000000000000e+01 9.700000000000000289e-02 1.265640000000000098e+00 5.631099999999999994e-01 0.000000000000000000e+00
7.100000000000000000e+01 9.700000000000000289e-02 1.261819999999999942e+00 5.627999999999999670e-01 0.000000000000000000e+00
7.200000000000000000e+01 9.700000000000000289e-02 1.257730000000000015e+00 5.625499999999999945e-01 0.000000000000000000e+00
7.300000000000000000e+01 9.700000000000000289e-02 1.253749999999999920e+00 5.622899999999999565e-01 0.000000000000000000e+00
7.400000000000000000e+01 9.700000000000000289e-02 1.250010000000000066e+00 5.620300000000000296e-01 0.000000000000000000e+00
7.500000000000000000e+01 9.700000000000000289e-02 1.246450000000000058e+00 5.617799999999999461e-01 0.000000000000000000e+00
7.600000000000000000e+01 9.700000000000000289e-02 1.242629999999999901e+00 5.616100000000000536e-01 0.000000000000000000e+00
7.700000000000000000e+01 9.700000000000000289e-02 1.239130000000000065e+00 5.614000000000000101e-01 0.000000000000000000e+00
7.800000000000000000e+01 1.039999999999999952e-01 1.235619999999999941e+00 5.612000000000000322e-01 0.000000000000000000e+00
7.900000000000000000e+01 1.039999999999999952e-01 1.232250000000000068e+00 5.609699999999999687e-01 0.000000000000000000e+00
8.000000000000000000e+01 1.039999999999999952e-01 1.228969999999999896e+00 5.606999999999999762e-01 0.000000000000000000e+00
8.100000000000000000e+01 1.039999999999999952e-01 1.225970000000000004e+00 5.603799999999999892e-01 0.000000000000000000e+00
8.200000000000000000e+01 1.039999999999999952e-01 1.222779999999999978e+00 5.600600000000000023e-01 0.000000000000000000e+00
8.300000000000000000e+01 1.039999999999999952e-01 1.219740000000000046e+00 5.597299999999999498e-01 0.000000000000000000e+00
8.400000000000000000e+01 1.039999999999999952e-01 1.216599999999999904e+00 5.593799999999999883e-01 0.000000000000000000e+00
8.500000000000000000e+01 1.039999999999999952e-01 1.213300000000000045e+00 5.590199999999999614e-01 0.000000000000000000e+00
8.600000000000000000e+01 1.039999999999999952e-01 1.210250000000000048e+00 5.586699999999999999e-01 0.000000000000000000e+00
8.700000000000000000e+01 1.039999999999999952e-01 1.207640000000000047e+00 5.583200000000000385e-01 0.000000000000000000e+00
8.800000000000000000e+01 1.039999999999999952e-01 1.204949999999999966e+00 5.579800000000000315e-01 0.000000000000000000e+00
8.900000000000000000e+01 1.039999999999999952e-01 1.202250000000000041e+00 5.576299999999999590e-01 0.000000000000000000e+00
9.000000000000000000e+01 1.039999999999999952e-01 1.199540000000000051e+00 5.573099999999999721e-01 0.000000000000000000e+00
9.100000000000000000e+01 1.039999999999999952e-01 1.196900000000000075e+00 5.570000000000000506e-01 0.000000000000000000e+00
9.200000000000000000e+01 1.110000000000000014e-01 1.194639999999999924e+00 5.566600000000000437e-01 0.000000000000000000e+00
9.300000000000000000e+01 1.110000000000000014e-01 1.192420000000000035e+00 5.563399999999999457e-01 0.000000000000000000e+00
9.400000000000000000e+01 1.110000000000000014e-01 1.190379999999999994e+00 5.560100000000000042e-01 0.000000000000000000e+00
9.500000000000000000e+01 1.110000000000000014e-01 1.188469999999999915e+00 5.556900000000000173e-01 0.000000000000000000e+00
9.600000000000000000e+01 1.110000000000000014e-01 1.186120000000000063e+00 5.554000000000000048e-01 0.000000000000000000e+00
9.700000000000000000e+01 1.110000000000000014e-01 1.183410000000000073e+00 5.551500000000000323e-01 0.000000000000000000e+00
9.800000000000000000e+01 1.110000000000000014e-01 1.180490000000000039e+00 5.548999999999999488e-01 0.000000000000000000e+00
9.900000000000000000e+01 1.110000000000000014e-01 1.177300000000000013e+00 5.546400000000000219e-01 0.000000000000000000e+00
1.000000000000000000e+02 1.110000000000000014e-01 1.174350000000000005e+00 5.543700000000000294e-01 0.000000000000000000e+00
1.010000000000000000e+02 1.110000000000000014e-01 1.171289999999999942e+00 5.541199999999999459e-01 0.000000000000000000e+00
1.020000000000000000e+02 1.110000000000000014e-01 1.168230000000000102e+00 5.538999999999999480e-01 0.000000000000000000e+00
1.030000000000000000e+02 1.110000000000000014e-01 1.165289999999999937e+00 5.536799999999999500e-01 0.000000000000000000e+00
1.040000000000000000e+02 1.110000000000000014e-01 1.162539999999999907e+00 5.534599999999999520e-01 0.000000000000000000e+00
1.050000000000000000e+02 1.110000000000000014e-01 1.159650000000000070e+00 5.532399999999999540e-01 0.000000000000000000e+00
1.060000000000000000e+02 1.110000000000000014e-01 1.156859999999999999e+00 5.530399999999999761e-01 0.000000000000000000e+00
1.070000000000000000e+02 1.110000000000000014e-01 1.153950000000000031e+00 5.528399999999999981e-01 0.000000000000000000e+00
1.080000000000000000e+02 1.110000000000000014e-01 1.150819999999999954e+00 5.526200000000000001e-01 0.000000000000000000e+00
1.090000000000000000e+02 1.110000000000000014e-01 1.147499999999999964e+00 5.523700000000000276e-01 0.000000000000000000e+00
1.100000000000000000e+02 1.110000000000000014e-01 1.144150000000000000e+00 5.521399999999999642e-01 0.000000000000000000e+00
1.110000000000000000e+02 1.110000000000000014e-01 1.140879999999999894e+00 5.518999999999999462e-01 0.000000000000000000e+00
1.120000000000000000e+02 1.110000000000000014e-01 1.137669999999999959e+00 5.516499999999999737e-01 0.000000000000000000e+00
1.130000000000000000e+02 1.110000000000000014e-01 1.134600000000000053e+00 5.513900000000000468e-01 0.000000000000000000e+00
1.140000000000000000e+02 1.110000000000000014e-01 1.131499999999999950e+00 5.511099999999999888e-01 0.000000000000000000e+00
1.150000000000000000e+02 1.110000000000000014e-01 1.128630000000000022e+00 5.508300000000000418e-01 0.000000000000000000e+00
1.160000000000000000e+02 1.110000000000000014e-01 1.125389999999999890e+00 5.505700000000000038e-01 0.000000000000000000e+00
1.170000000000000000e+02 1.110000000000000014e-01 1.122190000000000021e+00 5.503000000000000114e-01 0.000000000000000000e+00
1.180000000000000000e+02 1.110000000000000014e-01 1.118999999999999995e+00 5.500399999999999734e-01 0.000000000000000000e+00
1.190000000000000000e+02 1.110000000000000014e-01 1.115720000000000045e+00 5.497600000000000264e-01 0.000000000000000000e+00
1.200000000000000000e+02 1.110000000000000014e-01 1.112449999999999939e+00 5.494900000000000340e-01 0.000000000000000000e+00
