1.000000000000000000e+00 1.670000000000000095e-01 2.687050000000000161e+00 6.078999999999999959e-01 0.000000000000000000e+00
2.000000000000000000e+00 -1.000000000000000000e+00 -1.000000000000000000e+00 0.000000000000000000e+00 0.000000000000000000e+00
3.000000000000000000e+00 1.390000000000000124e-01 1.277230000000000087e+00 7.545300000000000340e-01 0.000000000000000000e+00
4.000000000000000000e+00 1.320000000000000062e-01 1.396099999999999897e+00 7.297599999999999643e-01 0.000000000000000000e+00
5.000000000000000000e+00 1.250000000000000000e-01 1.473109999999999919e+00 6.862000000000000322e-01 0.000000000000000000e+00
6.000000000000000000e+00 1.250000000000000000e-01 1.560329999999999995e+00 6.344100000000000295e-01 0.000000000000000000e+00
7.000000000000000000e+00 1.250000000000000000e-01 1.610999999999999988e+00 6.001800000000000468e-01 0.000000000000000000e+00
8.000000000000000000e+00 1.250000000000000000e-01 1.623150000000000093e+00 5.721800000000000219e-01 0.000000000000000000e+00
9.000000000000000000e+00 1.250000000000000000e-01 1.648959999999999981e+00 5.525200000000000111e-01 0.000000000000000000e+00
1.000000000000000000e+01 1.250000000000000000e-01 1.686539999999999928e+00 5.313700000000000090e-01 0.000000000000000000e+00
1.100000000000000000e+01 1.250000000000000000e-01 1.715989999999999904e+00 5.150700000000000278e-01 0.000000000000000000e+00
1.200000000000000000e+01 1.250000000000000000e-01 1.739880000000000093e+00 5.036199999999999566e-01 0.000000000000000000e+00
1.300000000000000000e+01 1.250000000000000000e-01 1.769730000000000025e+00 4.971499999999999808e-01 0.000000000000000000e+00
1.400000000000000000e+01 1.250000000000000000e-01 1.803430000000000089e+00 4.939000000000000057e-01 0.000000000000000000e+00
1.500000000000000000e+01 1.250000000000000000e-01 1.827709999999999946e+00 4.910599999999999965e-01 0.000000000000000000e+00
1.600000000000000000e+01 1.179999999999999938e-01 1.848540000000000072e+00 4.857699999999999796e-01 0.000000000000000000e+00
1.700000000000000000e+01 1.179999999999999938e-01 1.864009999999999945e+00 4.805599999999999872e-01 0.000000000000000000e+00
1.800000000000000000e+01 1.179999999999999938e-01 1.878069999999999906e+00 4.757299999999999862e-01 0.000000000000000000e+00
1.900000000000000000e+01 1.179999999999999938e-01 1.890649999999999942e+00 4.712899999999999867e-01 0.000000000000000000e+00
2.000000000000000000e+01 1.179999999999999938e-01 1.901410000000000045e+00 4.658100000000000018e-01 0.000000000000000000e+00
2.100000000000000000e+01 1.250000000000000000e-01 1.910740000000000105e+00 4.593700000000000006e-01 0.000000000000000000e+00
2.200000000000000000e+01 1.250000000000000000e-01 1.921669999999999989e+00 4.528099999999999903e-01 0.000000000000000000e+00
2.300000000000000000e+01 1.250000000000000000e-01 1.929380000000000095e+00 4.478400000000000158e-01 0.000000000000000000e+00
2.400000000000000000e+01 1.250000000000000000e-01 1.939240000000000075e+00 4.432599999999999874e-01 0.000000000000000000e+00
2.500000000000000000e+01 1.250000000000000000e-01 1.949480000000000102e+00 4.380999999999999894e-01 0.000000000000000000e+00
2.600000000000000000e+01 1.250000000000000000e-01 1.963310000000000111e+00 4.327400000000000135e-01 0.000000000000000000e+00
2.700000000000000000e+01 1.250000000000000000e-01 1.976990000000000025e+00 4.276099999999999901e-01 0.000000000000000000e+00
2.800000000000000000e+01 1.250000000000000000e-01 1.990040000000000031e+00 4.233000000000000096e-01 0.000000000000000000e+00
2.900000000000000000e+01 1.250000000000000000e-01 2.002819999999999823e+00 4.193799999999999750e-01 0.000000000000000000e+00
3.000000000000000000e+01 1.250000000000000000e-01 2.016770000000000174e+00 4.159499999999999864e-01 0.000000000000000000e+00
3.100000000000000000e+01 1.250000000000000000e-01 2.032020000000000159e+00 4.123999999999999888e-01 0.000000000000000000e+00
3.200000000000000000e+01 1.250000000000000000e-01 2.045939999999999870e+00 4.093100000000000072e-01 0.000000000000000000e+00
3.300000000000000000e+01 1.250000000000000000e-01 2.059280000000000221e+00 4.062799999999999745e-01 0.000000000000000000e+00
3.400000000000000000e+01 1.250000000000000000e-01 2.073139999999999983e+00 4.039099999999999913e-01 0.000000000000000000e+00
3.500000000000000000e+01 1.250000000000000000e-01 2.085290000000000088e+00 4.019699999999999940e-01 0.000000000000000000e+00
3.600000000000000000e+01 1.250000000000000000e-01 2.095639999999999947e+00 4.001700000000000257e-01 0.000000000000000000e+00
3.700000000000000000e+01 1.250000000000000000e-01 2.104519999999999946e+00 3.984199999999999964e-01 0.000000000000000000e+00
3.800000000000000000e+01 1.250000000000000000e-01 2.114829999999999988e+00 3.960099999999999731e-01 0.000000000000000000e+00
3.900000000000000000e+01 1.250000000000000000e-01 2.124849999999999905e+00 3.937399999999999789e-01 0.000000000000000000e+00
4.000000000000000000e+01 1.250000000000000000e-01 2.133840000000000181e+00 3.915899999999999936e-01 0.000000000000000000e+00
4.100000000000000000e+01 1.250000000000000000e-01 2.144649999999999945e+00 3.888199999999999990e-01 0.000000000000000000e+00
4.200000000000000000e+01 1.250000000000000000e-01 2.155209999999999848e+00 3.861299999999999732e-01 0.000000000000000000e+00
4.300000000000000000e+01 1.250000000000000000e-01 2.164200000000000124e+00 3.838799999999999990e-01 0.000000000000000000e+00
4.400000000000000000e+01 1.250000000000000000e-01 2.171149999999999913e+00 3.821200000000000152e-01 0.000000000000000000e+00
4.500000000000000000e+01 1.250000000000000000e-01 2.177509999999999835e+00 3.806399999999999784e-01 0.000000000000000000e+00
4.600000000000000000e+01 1.250000000000000000e-01 2.182069999999999954e+00 3.795200000000000240e-01 0.000000000000000000e+00
4.700000000000000000e+01 1.250000000000000000e-01 2.184419999999999806e+00 3.792400000000000215e-01 0.000000000000000000e+00
4.800000000000000000e+01 1.250000000000000000e-01 2.185529999999999973e+00 3.792800000000000060e-01 0.000000000000000000e+00
4.900000000000000000e+01 1.250000000000000000e-01 2.186510000000000176e+00 3.790700000000000180e-01 0.000000000000000000e+00
5.000000000000000000e+01 1.250000000000000000e-01 2.187399999999999789e+00 3.787400000000000211e-01 0.000000000000000000e+00
5.100000000000000000e+01 1.250000000000000000e-01 2.186570000000000125e+00 3.788099999999999801e-01 0.000000000000000000e+00
5.200000000000000000e+01 1.250000000000000000e-01 2.185210000000000097e+00 3.789699999999999736e-01 0.000000000000000000e+00
5.300000000000000000e+01 1.250000000000000000e-01 2.183559999999999945e+00 3.789299999999999891e-01 0.000000000000000000e+00
5.400000000000000000e+01 1.250000000000000000e-01 2.181900000000000173e+00 3.788300000000000001e-01 0.000000000000000000e+00
5.500000000000000000e+01 1.250000000000000000e-01 2.179809999999999803e+00 3.787699999999999956e-01 0.000000000000000000e+00
5.600000000000000000e+01 1.250000000000000000e-01 2.177509999999999835e+00 3.787699999999999956e-01 0.000000000000000000e+00
5.700000000000000000e+01 1.250000000000000000e-01 2.174430000000000085e+00 3.790200000000000236e-01 0.000000000000000000e+00
5.800000000000000000e+01 1.250000000000000000e-01 2.171629999999999949e+00 3.792699999999999960e-01 0.000000000000000000e+00
5.900000000000000000e+01 1.250000000000000000e-01 2.169010000000000105e+00 3.794899999999999940e-01 0.000000000000000000e+00
6.000000000000000000e+01 1.250000000000000000e-01 2.166040000000000187e+00 3.798199999999999910e-01 0.000000000000000000e+00
6.100000000000000000e+01 1.250000000000000000e-01 2.163510000000000044e+00 3.800600000000000089e-01 0.000000000000000000e+00
6.200000000000000000e+01 1.250000000000000000e-01 2.160890000000000200e+00 3.803500000000000214e-01 0.000000000000000000e+00
6.300000000000000000e+01 1.250000000000000000e-01 2.158100000000000129e+00 3.806300000000000239e-01 0.000000000000000000e+00
6.400000000000000000e+01 1.250000000000000000e-01 2.155400000000000205e+00 3.808300000000000018e-01 0.000000000000000000e+00
6.500000000000000000e+01 1.250000000000000000e-01 2.152559999999999807e+00 3.810600000000000098e-01 0.000000000000000000e+00
6.600000000000000000e+01 1.250000000000000000e-01 2.149690000000000101e+00 3.813300000000000023e-01 0.000000000000000000e+00
6.700000000000000000e+01 1.250000000000000000e-01 2.147229999999999972e+00 3.816300000000000248e-01 0.000000000000000000e+00
6.800000000000000000e+01 1.250000000000000000e-01 2.144870000000000054e+00 3.819299999999999917e-01 0.000000000000000000e+00
6.900000000000000000e+01 1.250000000000000000e-01 2.142049999999999788e+00 3.825899999999999856e-01 0.000000000000000000e+00
7.000000000000000000e+01 1.250000000000000000e-01 2.139780000000000015e+00 3.831800000000000206e-01 0.000000000000000000e+00
7.100000000000000000e+01 1.250000000000000000e-01 2.137480000000000047e+00 3.838400000000000145e-01 0.000000000000000000e+00
7.200000000000000000e+01 1.250000000000000000e-01 2.135269999999999779e+00 3.844600000000000239e-01 0.000000000000000000e+00
7.300000000000000000e+01 1.250000000000000000e-01 2.132179999999999964e+00 3.852700000000000014e-01 0.000000000000000000e+00
7.400000000000000000e+01 1.250000000000000000e-01 2.129220000000000113e+00 3.858699999999999908e-01 0.000000000000000000e+00
7.500000000000000000e+01 1.250000000000000000e-01 2.126549999999999940e+00 3.863599999999999812e-01 0.000000000000000000e+00
7.600000000000000000e+01 1.250000000000000000e-01 2.123540000000000205e+00 3.869400000000000062e-01 0.000000000000000000e+00
7.700000000000000000e+01 1.250000000000000000e-01 2.120039999999999925e+00 3.877599999999999936e-01 0.000000000000000000e+00
7.800000000000000000e+01 1.250000000000000000e-01 2.116649999999999920e+00 3.885899999999999910e-01 0.000000000000000000e+00
7.900000000000000000e+01 1.250000000000000000e-01 2.113389999999999880e+00 3.893400000000000194e-01 0.000000000000000000e+00
8.000000000000000000e+01 1.250000000000000000e-01 2.110310000000000130e+00 3.899699999999999833e-01 0.000000000000000000e+00
8.100000000000000000e+01 1.250000000000000000e-01 2.107709999999999972e+00 3.905500000000000083e-01 0.000000000000000000e+00
8.200000000000000000e+01 1.250000000000000000e-01 2.105230000000000157e+00 3.911100000000000132e-01 0.000000000000000000e+00
8.300000000000000000e+01 1.250000000000000000e-01 2.102910000000000057e+00 3.918200000000000016e-01 0.000000000000000000e+00
8.400000000000000000e+01 1.250000000000000000e-01 2.100150000000000183e+00 3.926600000000000090e-01 0.000000000000000000e+00
8.500000000000000000e+01 1.250000000000000000e-01 2.097550000000000026e+00 3.934699999999999864e-01 0.000000000000000000e+00
8.600000000000000000e+01 1.250000000000000000e-01 2.095040000000000013e+00 3.942899999999999738e-01 0.000000000000000000e+00
8.700000000000000000e+01 1.250000000000000000e-01 2.092420000000000169e+00 3.951500000000000012e-01 0.000000000000000000e+00
8.800000000000000000e+01 1.250000000000000000e-01 2.090040000000000120e+00 3.960199999999999831e-01 0.000000000000000000e+00
8.900000000000000000e+01 1.250000000000000000e-01 2.088150000000000173e+00 3.967700000000000116e-01 0.000000000000000000e+00
9.000000000000000000e+01 1.250000000000000000e-01 2.086930000000000174e+00 3.972899999999999765e-01 0.000000000000000000e+00
9.100000000000000000e+01 1.250000000000000000e-01 2.085760000000000058e+00 3.977800000000000225e-01 0.000000000000000000e+00
9.200000000000000000e+01 1.250000000000000000e-01 2.085030000000000161e+00 3.981199999999999739e-01 0.000000000000000000e+00
9.300000000000000000e+01 1.250000000000000000e-01 2.084719999999999906e+00 3.983099999999999974e-01 0.000000000000000000e+00
9.400000000000000000e+01 1.250000000000000000e-01 2.084429999999999783e+00 3.984099999999999864e-01 0.000000000000000000e+00
9.500000000000000000e+01 1.250000000000000000e-01 2.084000000000000075e+00 3.986700000000000244e-01 0.000000000000000000e+00
9.600000000000000000e+01 1.250000000000000000e-01 2.083759999999999835e+00 3.988200000000000078e-01 0.000000000000000000e+00
9.700000000000000000e+01 1.250000000000000000e-01 2.083229999999999915e+00 3.992299999999999738e-01 0.000000000000000000e+00
9.800000000000000000e+01 1.250000000000000000e-01 2.083000000000000185e+00 3.995799999999999907e-01 0.000000000000000000e+00
9.900000000000000000e+01 1.250000000000000000e-01 2.082879999999999843e+00 3.997800000000000242e-01 0.000000000000000000e+00
1.000000000000000000e+02 1.250000000000000000e-01 2.082809999999999828e+00 3.999199999999999977e-01 0.000000000000000000e+00
1.010000000000000000e+02 1.250000000000000000e-01 2.082190000000000207e+00 4.002999999999999892e-01 0.000000000000000000e+00
1.020000000000000000e+02 1.250000000000000000e-01 2.081659999999999844e+00 4.007800000000000251e-01 0.000000000000000000e+00
1.030000000000000000e+02 1.250000000000000000e-01 2.081580000000000208e+00 4.011000000000000121e-01 0.000000000000000000e+00
1.040000000000000000e+02 1.250000000000000000e-01 2.081669999999999909e+00 4.013399999999999745e-01 0.000000000000000000e+00
1.050000000000000000e+02 1.250000000000000000e-01 2.081949999999999967e+00 4.015000000000000235e-01 0.000000000000000000e+00
1.060000000000000000e+02 1.250000000000000000e-01 2.082339999999999858e+00 4.016500000000000070e-01 0.000000000000000000e+00
1.070000000000000000e+02 1.320000000000000062e-01 2.082699999999999996e+00 4.019099999999999895e-01 0.000000000000000000e+00
1.080000000000000000e+02 1.320000000000000062e-01 2.083190000000000097e+00 4.021600000000000175e-01 0.000000000000000000e+00
1.090000000000000000e+02 1.320000000000000062e-01 2.083800000000000097e+00 4.023200000000000109e-01 0.000000000000000000e+00
1.100000000000000000e+02 1.320000000000000062e-01 2.084200000000000053e+00 4.025500000000000189e-01 0.000000000000000000e+00
1.110000000000000000e+02 1.320000000000000062e-01 2.084449999999999914e+00 4.028499999999999859e-01 0.000000000000000000e+00
1.120000000000000000e+02 1.320000000000000062e-01 2.084680000000000089e+00 4.031799999999999828e-01 0.000000000000000000e+00
1.130000000000000000e+02 1.320000000000000062e-01 2.085069999999999979e+00 4.035299999999999998e-01 0.000000000000000000e+00
1.140000000000000000e+02 1.320000000000000062e-01 2.085510000000000197e+00 4.038800000000000168e-01 0.000000000000000000e+00
1.150000000000000000e+02 1.320000000000000062e-01 2.086019999999999985e+00 4.041699999999999737e-01 0.000000000000000000e+00
1.160000000000000000e+02 1.320000000000000062e-01 2.086720000000000130e+00 4.042499999999999982e-01 0.000000000000000000e+00
1.170000000000000000e+02 1.320000000000000062e-01 2.087410000000000210e+00 4.042999999999999927e-01 0.000000000000000000e+00
1.180000000000000000e+02 1.320000000000000062e-01 2.088109999999999911e+00 4.042499999999999982e-01 0.000000000000000000e+00
1.190000000000000000e+02 1.320000000000000062e-01 2.089080000000000048e+00 4.040799999999999947e-01 0.000000000000000000e+00
1.200000000000000000e+02 1.320000000000000062e-01 2.090180000000000149e+00 4.038200000000000123e-01 0.000000000000000000e+00
