1.000000000000000000e+00 1.670000000000000095e-01 2.708530000000000104e+00 6.049900000000000277e-01 0.000000000000000000e+00
2.000000000000000000e+00 1.880000000000000004e-01 2.560290000000000177e+00 2.298000000000000043e-01 0.000000000000000000e+00
3.000000000000000000e+00 1.739999999999999880e-01 2.782160000000000188e+00 1.934400000000000008e-01 0.000000000000000000e+00
4.000000000000000000e+00 1.739999999999999880e-01 2.900999999999999801e+00 1.700000000000000122e-01 0.000000000000000000e+00
5.000000000000000000e+00 1.739999999999999880e-01 2.880279999999999951e+00 1.873199999999999865e-01 0.000000000000000000e+00
6.000000000000000000e+00 1.739999999999999880e-01 2.793820000000000192e+00 2.150900000000000034e-01 0.000000000000000000e+00
7.000000000000000000e+00 1.739999999999999880e-01 2.674760000000000026e+00 2.494599999999999873e-01 0.000000000000000000e+00
8.000000000000000000e+00 1.739999999999999880e-01 2.566289999999999960e+00 2.756000000000000116e-01 0.000000000000000000e+00
9.000000000000000000e+00 1.739999999999999880e-01 2.459189999999999987e+00 2.972400000000000042e-01 0.000000000000000000e+00
1.000000000000000000e+01 1.600000000000000033e-01 2.368090000000000028e+00 3.112699999999999911e-01 0.000000000000000000e+00
1.100000000000000000e+01 1.600000000000000033e-01 2.281390000000000029e+00 3.265500000000000069e-01 0.000000000000000000e+00
1.200000000000000000e+01 1.670000000000000095e-01 2.226339999999999986e+00 3.328400000000000247e-01 0.000000000000000000e+00
1.300000000000000000e+01 1.739999999999999880e-01 2.182510000000000172e+00 3.358900000000000219e-01 0.000000000000000000e+00
1.400000000000000000e+01 1.739999999999999880e-01 2.144519999999999982e+00 3.375500000000000167e-01 0.000000000000000000e+00
1.500000000000000000e+01 1.739999999999999880e-01 2.109770000000000145e+00 3.387800000000000256e-01 0.000000000000000000e+00
1.600000000000000000e+01 1.809999999999999942e-01 2.079099999999999948e+00 3.394499999999999740e-01 0.000000000000000000e+00
1.700000000000000000e+01 1.809999999999999942e-01 2.050539999999999807e+00 3.397899999999999809e-01 0.000000000000000000e+00
1.800000000000000000e+01 1.809999999999999942e-01 2.024039999999999839e+00 3.401699999999999724e-01 0.000000000000000000e+00
1.900000000000000000e+01 1.809999999999999942e-01 1.997379999999999933e+00 3.406600000000000183e-01 0.000000000000000000e+00
2.000000000000000000e+01 1.809999999999999942e-01 1.971519999999999939e+00 3.411600000000000188e-01 0.000000000000000000e+00
2.100000000000000000e+01 1.809999999999999942e-01 1.947850000000000081e+00 3.414099999999999913e-01 0.000000000000000000e+00
2.200000000000000000e+01 1.739999999999999880e-01 1.925839999999999996e+00 3.417999999999999927e-01 0.000000000000000000e+00
2.300000000000000000e+01 1.739999999999999880e-01 1.903699999999999948e+00 3.426600000000000201e-01 0.000000000000000000e+00
2.400000000000000000e+01 1.739999999999999880e-01 1.882430000000000048e+00 3.433300000000000241e-01 0.000000000000000000e+00
2.500000000000000000e+01 1.739999999999999880e-01 1.862470000000000070e+00 3.439200000000000035e-01 0.000000000000000000e+00
2.600000000000000000e+01 1.739999999999999880e-01 1.843080000000000052e+00 3.447399999999999909e-01 0.000000000000000000e+00
2.700000000000000000e+01 1.739999999999999880e-01 1.822610000000000063e+00 3.456899999999999973e-01 0.000000000000000000e+00
2.800000000000000000e+01 1.739999999999999880e-01 1.803649999999999975e+00 3.465099999999999847e-01 0.000000000000000000e+00
2.900000000000000000e+01 1.739999999999999880e-01 1.785379999999999967e+00 3.475500000000000256e-01 0.000000000000000000e+00
3.000000000000000000e+01 1.739999999999999880e-01 1.767689999999999984e+00 3.485400000000000165e-01 0.000000000000000000e+00
3.100000000000000000e+01 1.739999999999999880e-01 1.750960000000000072e+00 3.493800000000000239e-01 0.000000000000000000e+00
3.200000000000000000e+01 1.739999999999999880e-01 1.734660000000000091e+00 3.501199999999999868e-01 0.000000000000000000e+00
3.300000000000000000e+01 1.809999999999999942e-01 1.719260000000000010e+00 3.508299999999999752e-01 0.000000000000000000e+00
3.400000000000000000e+01 1.809999999999999942e-01 1.704930000000000057e+00 3.515900000000000136e-01 0.000000000000000000e+00
3.500000000000000000e+01 1.809999999999999942e-01 1.691470000000000029e+00 3.523000000000000020e-01 0.000000000000000000e+00
3.600000000000000000e+01 1.809999999999999942e-01 1.678090000000000082e+00 3.531599999999999739e-01 0.000000000000000000e+00
3.700000000000000000e+01 1.809999999999999942e-01 1.664660000000000029e+00 3.541599999999999748e-01 0.000000000000000000e+00
3.800000000000000000e+01 1.809999999999999942e-01 1.651380000000000070e+00 3.553700000000000192e-01 0.000000000000000000e+00
3.900000000000000000e+01 1.809999999999999942e-01 1.638300000000000090e+00 3.565999999999999726e-01 0.000000000000000000e+00
4.000000000000000000e+01 1.809999999999999942e-01 1.625860000000000083e+00 3.577000000000000179e-01 0.000000000000000000e+00
4.100000000000000000e+01 1.809999999999999942e-01 1.613730000000000109e+00 3.586799999999999988e-01 0.000000000000000000e+00
4.200000000000000000e+01 1.809999999999999942e-01 1.602039999999999909e+00 3.596099999999999852e-01 0.000000000000000000e+00
4.300000000000000000e+01 1.809999999999999942e-01 1.590789999999999926e+00 3.604200000000000181e-01 0.000000000000000000e+00
4.400000000000000000e+01 1.809999999999999942e-01 1.580240000000000089e+00 3.610499999999999821e-01 0.000000000000000000e+00
4.500000000000000000e+01 1.809999999999999942e-01 1.570119999999999960e+00 3.616599999999999815e-01 0.000000000000000000e+00
4.600000000000000000e+01 1.739999999999999880e-01 1.560370000000000035e+00 3.623100000000000209e-01 0.000000000000000000e+00
4.700000000000000000e+01 1.739999999999999880e-01 1.550729999999999942e+00 3.630099999999999993e-01 0.000000000000000000e+00
4.800000000000000000e+01 1.739999999999999880e-01 1.541250000000000009e+00 3.637500000000000178e-01 0.000000000000000000e+00
4.900000000000000000e+01 1.739999999999999880e-01 1.532340000000000035e+00 3.644999999999999907e-01 0.000000000000000000e+00
5.000000000000000000e+01 1.739999999999999880e-01 1.523879999999999901e+00 3.652799999999999936e-01 0.000000000000000000e+00
5.100000000000000000e+01 1.739999999999999880e-01 1.515819999999999945e+00 3.660300000000000220e-01 0.000000000000000000e+00
5.200000000000000000e+01 1.739999999999999880e-01 1.508119999999999905e+00 3.667199999999999904e-01 0.000000000000000000e+00
5.300000000000000000e+01 1.739999999999999880e-01 1.500550000000000050e+00 3.674799999999999733e-01 0.000000000000000000e+00
5.400000000000000000e+01 1.739999999999999880e-01 1.492869999999999919e+00 3.683100000000000263e-01 0.000000000000000000e+00
5.500000000000000000e+01 1.739999999999999880e-01 1.485079999999999956e+00 3.692799999999999971e-01 0.000000000000000000e+00
5.600000000000000000e+01 1.739999999999999880e-01 1.477470000000000061e+00 3.702500000000000235e-01 0.000000000000000000e+00
5.700000000000000000e+01 1.739999999999999880e-01 1.469729999999999981e+00 3.712900000000000089e-01 0.000000000000000000e+00
5.800000000000000000e+01 1.739999999999999880e-01 1.462020000000000097e+00 3.723500000000000143e-01 0.000000000000000000e+00
5.900000000000000000e+01 1.739999999999999880e-01 1.454429999999999890e+00 3.733500000000000152e-01 0.000000000000000000e+00
6.000000000000000000e+01 1.739999999999999880e-01 1.447109999999999896e+00 3.743400000000000061e-01 0.000000000000000000e+00
6.100000000000000000e+01 1.739999999999999880e-01 1.439710000000000045e+00 3.753299999999999970e-01 0.000000000000000000e+00
6.200000000000000000e+01 1.739999999999999880e-01 1.432539999999999925e+00 3.763099999999999778e-01 0.000000000000000000e+00
6.300000000000000000e+01 1.739999999999999880e-01 1.425450000000000106e+00 3.772699999999999942e-01 0.000000000000000000e+00
6.400000000000000000e+01 1.739999999999999880e-01 1.418649999999999967e+00 3.781800000000000161e-01 0.000000000000000000e+00
6.500000000000000000e+01 1.739999999999999880e-01 1.411899999999999933e+00 3.790799999999999725e-01 0.000000000000000000e+00
6.600000000000000000e+01 1.739999999999999880e-01 1.405429999999999957e+00 3.800200000000000244e-01 0.000000000000000000e+00
6.700000000000000000e+01 1.739999999999999880e-01 1.399110000000000076e+00 3.809500000000000108e-01 0.000000000000000000e+00
6.800000000000000000e+01 1.739999999999999880e-01 1.393010000000000081e+00 3.818500000000000227e-01 0.000000000000000000e+00
6.900000000000000000e+01 1.739999999999999880e-01 1.387320000000000109e+00 3.828300000000000036e-01 0.000000000000000000e+00
7.000000000000000000e+01 1.739999999999999880e-01 1.381869999999999932e+00 3.837800000000000100e-01 0.000000000000000000e+00
7.100000000000000000e+01 1.739999999999999880e-01 1.376470000000000082e+00 3.847099999999999964e-01 0.000000000000000000e+00
7.200000000000000000e+01 1.739999999999999880e-01 1.371040000000000036e+00 3.856600000000000028e-01 0.000000000000000000e+00
7.300000000000000000e+01 1.739999999999999880e-01 1.365709999999999980e+00 3.866200000000000192e-01 0.000000000000000000e+00
7.400000000000000000e+01 1.739999999999999880e-01 1.360549999999999926e+00 3.875299999999999856e-01 0.000000000000000000e+00
7.500000000000000000e+01 1.739999999999999880e-01 1.355460000000000109e+00 3.883800000000000030e-01 0.000000000000000000e+00
7.600000000000000000e+01 1.739999999999999880e-01 1.350459999999999994e+00 3.892200000000000104e-01 0.000000000000000000e+00
7.700000000000000000e+01 1.739999999999999880e-01 1.345690000000000053e+00 3.900399999999999978e-01 0.000000000000000000e+00
7.800000000000000000e+01 1.739999999999999880e-01 1.340999999999999970e+00 3.908499999999999752e-01 0.000000000000000000e+00
7.900000000000000000e+01 1.739999999999999880e-01 1.336470000000000047e+00 3.916499999999999981e-01 0.000000000000000000e+00
8.000000000000000000e+01 1.739999999999999880e-01 1.332149999999999945e+00 3.924099999999999810e-01 0.000000000000000000e+00
8.100000000000000000e+01 1.739999999999999880e-01 1.327919999999999989e+00 3.931399999999999895e-01 0.000000000000000000e+00
8.200000000000000000e+01 1.739999999999999880e-01 1.323839999999999906e+00 3.938999999999999724e-01 0.000000000000000000e+00
8.300000000000000000e+01 1.739999999999999880e-01 1.319909999999999917e+00 3.946500000000000008e-01 0.000000000000000000e+00
8.400000000000000000e+01 1.739999999999999880e-01 1.316179999999999906e+00 3.953699999999999992e-01 0.000000000000000000e+00
8.500000000000000000e+01 1.739999999999999880e-01 1.312650000000000095e+00 3.960699999999999776e-01 0.000000000000000000e+00
8.600000000000000000e+01 1.739999999999999880e-01 1.309239999999999959e+00 3.967700000000000116e-01 0.000000000000000000e+00
8.700000000000000000e+01 1.739999999999999880e-01 1.306009999999999893e+00 3.974699999999999900e-01 0.000000000000000000e+00
8.800000000000000000e+01 1.739999999999999880e-01 1.302999999999999936e+00 3.981500000000000039e-01 0.000000000000000000e+00
8.900000000000000000e+01 1.739999999999999880e-01 1.300010000000000110e+00 3.988099999999999978e-01 0.000000000000000000e+00
9.000000000000000000e+01 1.739999999999999880e-01 1.297139999999999960e+00 3.994900000000000118e-01 0.000000000000000000e+00
9.100000000000000000e+01 1.739999999999999880e-01 1.294170000000000043e+00 4.001899999999999902e-01 0.000000000000000000e+00
9.200000000000000000e+01 1.739999999999999880e-01 1.291150000000000020e+00 4.008800000000000141e-01 0.000000000000000000e+00
9.300000000000000000e+01 1.739999999999999880e-01 1.288149999999999906e+00 4.015699999999999825e-01 0.000000000000000000e+00
9.400000000000000000e+01 1.739999999999999880e-01 1.285150000000000015e+00 4.022600000000000064e-01 0.000000000000000000e+00
9.500000000000000000e+01 1.739999999999999880e-01 1.282240000000000046e+00 4.029400000000000204e-01 0.000000000000000000e+00
9.600000000000000000e+01 1.739999999999999880e-01 1.279309999999999947e+00 4.036299999999999888e-01 0.000000000000000000e+00
9.700000000000000000e+01 1.739999999999999880e-01 1.276350000000000096e+00 4.043399999999999772e-01 0.000000000000000000e+00
9.800000000000000000e+01 1.739999999999999880e-01 1.273430000000000062e+00 4.050699999999999856e-01 0.000000000000000000e+00
9.900000000000000000e+01 1.739999999999999880e-01 1.270580000000000043e+00 4.057899999999999840e-01 0.000000000000000000e+00
1.000000000000000000e+02 1.739999999999999880e-01 1.267830000000000013e+00 4.065199999999999925e-01 0.000000000000000000e+00
1.010000000000000000e+02 1.739999999999999880e-01 1.265209999999999946e+00 4.072399999999999909e-01 0.000000000000000000e+00
1.020000000000000000e+02 1.739999999999999880e-01 1.262580000000000036e+00 4.079599999999999893e-01 0.000000000000000000e+00
1.030000000000000000e+02 1.739999999999999880e-01 1.259970000000000034e+00 4.086899999999999977e-01 0.000000000000000000e+00
1.040000000000000000e+02 1.739999999999999880e-01 1.257409999999999917e+00 4.094400000000000261e-01 0.000000000000000000e+00
1.050000000000000000e+02 1.739999999999999880e-01 1.254860000000000086e+00 4.102100000000000191e-01 0.000000000000000000e+00
1.060000000000000000e+02 1.739999999999999880e-01 1.252350000000000074e+00 4.109800000000000120e-01 0.000000000000000000e+00
1.070000000000000000e+02 1.739999999999999880e-01 1.249759999999999982e+00 4.117299999999999849e-01 0.000000000000000000e+00
1.080000000000000000e+02 1.739999999999999880e-01 1.247120000000000006e+00 4.125099999999999878e-01 0.000000000000000000e+00
1.090000000000000000e+02 1.739999999999999880e-01 1.244650000000000034e+00 4.132399999999999962e-01 0.000000000000000000e+00
1.100000000000000000e+02 1.739999999999999880e-01 1.242250000000000076e+00 4.139499999999999846e-01 0.000000000000000000e+00
1.110000000000000000e+02 1.739999999999999880e-01 1.239870000000000028e+00 4.146299999999999986e-01 0.000000000000000000e+00
1.120000000000000000e+02 1.739999999999999880e-01 1.237549999999999928e+00 4.153000000000000025e-01 0.000000000000000000e+00
1.130000000000000000e+02 1.739999999999999880e-01 1.235360000000000014e+00 4.159599999999999964e-01 0.000000000000000000e+00
1.140000000000000000e+02 1.739999999999999880e-01 1.233249999999999957e+00 4.166000000000000258e-01 0.000000000000000000e+00
1.150000000000000000e+02 1.739999999999999880e-01 1.231109999999999927e+00 4.172500000000000098e-01 0.000000000000000000e+00
1.160000000000000000e+02 1.739999999999999880e-01 1.229119999999999990e+00 4.178600000000000092e-01 0.000000000000000000e+00
1.170000000000000000e+02 1.739999999999999880e-01 1.227200000000000069e+00 4.184899999999999731e-01 0.000000000000000000e+00
1.180000000000000000e+02 1.739999999999999880e-01 1.225289999999999990e+00 4.191300000000000026e-01 0.000000000000000000e+00
1.190000000000000000e+02 1.739999999999999880e-01 1.223379999999999912e+00 4.197899999999999965e-01 0.000000000000000000e+00
1.200000000000000000e+02 1.739999999999999880e-01 1.221500000000000030e+00 4.204300000000000259e-01 0.000000000000000000e+00
