1.000000000000000000e+00 1.600000000000000033e-01 5.613760000000000083e+00 5.948200000000000154e-01
2.000000000000000000e+00 8.999999999999999667e-02 3.300009999999999888e+00 3.814000000000000168e-01
3.000000000000000000e+00 1.250000000000000000e-01 4.455390000000000406e+00 6.566199999999999815e-01
4.000000000000000000e+00 4.900000000000000189e-02 4.215510000000000090e+00 4.955100000000000060e-01
5.000000000000000000e+00 5.600000000000000117e-02 4.545860000000000234e+00 5.345499999999999696e-01
6.000000000000000000e+00 5.600000000000000117e-02 4.601040000000000241e+00 5.430399999999999672e-01
7.000000000000000000e+00 4.200000000000000261e-02 4.489860000000000184e+00 5.652599999999999847e-01
8.000000000000000000e+00 3.500000000000000333e-02 4.338899999999999757e+00 5.856599999999999584e-01
9.000000000000000000e+00 4.200000000000000261e-02 4.360739999999999839e+00 5.691500000000000448e-01
1.000000000000000000e+01 8.300000000000000433e-02 4.385609999999999786e+00 5.493099999999999650e-01
1.100000000000000000e+01 8.300000000000000433e-02 4.364349999999999952e+00 5.433400000000000452e-01
1.200000000000000000e+01 8.300000000000000433e-02 4.345259999999999678e+00 5.385100000000000442e-01
1.300000000000000000e+01 8.300000000000000433e-02 4.359219999999999651e+00 5.334799999999999542e-01
1.400000000000000000e+01 8.300000000000000433e-02 4.374390000000000001e+00 5.261900000000000466e-01
1.500000000000000000e+01 8.300000000000000433e-02 4.381719999999999615e+00 5.214400000000000146e-01
1.600000000000000000e+01 8.999999999999999667e-02 4.350990000000000357e+00 5.143499999999999739e-01
1.700000000000000000e+01 8.999999999999999667e-02 4.324889999999999901e+00 5.072499999999999787e-01
1.800000000000000000e+01 8.999999999999999667e-02 4.308620000000000339e+00 5.015899999999999803e-01
1.900000000000000000e+01 8.999999999999999667e-02 4.296640000000000015e+00 4.969700000000000228e-01
2.000000000000000000e+01 8.999999999999999667e-02 4.290180000000000327e+00 4.925999999999999823e-01
2.100000000000000000e+01 8.999999999999999667e-02 4.291430000000000078e+00 4.892099999999999782e-01
2.200000000000000000e+01 8.999999999999999667e-02 4.289100000000000357e+00 4.868199999999999750e-01
2.300000000000000000e+01 8.999999999999999667e-02 4.277720000000000411e+00 4.844200000000000172e-01
2.400000000000000000e+01 8.999999999999999667e-02 4.265509999999999913e+00 4.820599999999999885e-01
2.500000000000000000e+01 8.999999999999999667e-02 4.260440000000000005e+00 4.786199999999999899e-01
2.600000000000000000e+01 9.700000000000000289e-02 4.255869999999999820e+00 4.731299999999999950e-01
2.700000000000000000e+01 1.039999999999999952e-01 4.274840000000000195e+00 4.656600000000000183e-01
2.800000000000000000e+01 1.039999999999999952e-01 4.276390000000000136e+00 4.577300000000000257e-01
2.900000000000000000e+01 1.039999999999999952e-01 4.275009999999999977e+00 4.496800000000000241e-01
3.000000000000000000e+01 1.039999999999999952e-01 4.281150000000000233e+00 4.421200000000000130e-01
3.100000000000000000e+01 1.039999999999999952e-01 4.275990000000000180e+00 4.366399999999999726e-01
3.200000000000000000e+01 1.039999999999999952e-01 4.263209999999999944e+00 4.326599999999999890e-01
3.300000000000000000e+01 1.039999999999999952e-01 4.238979999999999748e+00 4.291800000000000059e-01
3.400000000000000000e+01 1.039999999999999952e-01 4.213790000000000369e+00 4.263199999999999767e-01
3.500000000000000000e+01 1.039999999999999952e-01 4.180559999999999832e+00 4.234999999999999876e-01
3.600000000000000000e+01 1.039999999999999952e-01 4.139569999999999972e+00 4.209100000000000064e-01
3.700000000000000000e+01 9.700000000000000289e-02 4.096400000000000041e+00 4.176199999999999912e-01
3.800000000000000000e+01 1.250000000000000000e-01 4.489519999999999733e+00 6.408599999999999852e-01
3.900000000000000000e+01 1.250000000000000000e-01 4.523789999999999978e+00 6.489300000000000068e-01
4.000000000000000000e+01 1.250000000000000000e-01 4.560249999999999915e+00 6.574100000000000499e-01
4.100000000000000000e+01 1.250000000000000000e-01 4.607529999999999681e+00 6.683700000000000196e-01
4.200000000000000000e+01 1.250000000000000000e-01 4.648150000000000226e+00 6.780599999999999961e-01
4.300000000000000000e+01 1.320000000000000062e-01 4.686090000000000089e+00 6.862300000000000066e-01
4.400000000000000000e+01 1.390000000000000124e-01 4.730879999999999974e+00 6.954000000000000181e-01
4.500000000000000000e+01 1.390000000000000124e-01 4.762590000000000323e+00 7.020399999999999974e-01
4.600000000000000000e+01 1.390000000000000124e-01 4.795499999999999652e+00 7.082300000000000262e-01
4.700000000000000000e+01 1.390000000000000124e-01 4.831190000000000317e+00 7.140600000000000280e-01
4.800000000000000000e+01 1.390000000000000124e-01 4.876350000000000406e+00 7.208299999999999708e-01
4.900000000000000000e+01 1.390000000000000124e-01 4.932870000000000310e+00 7.277200000000000335e-01
5.000000000000000000e+01 1.390000000000000124e-01 4.969260000000000232e+00 7.314699999999999536e-01
5.100000000000000000e+01 1.459999999999999909e-01 5.003459999999999575e+00 7.346300000000000052e-01
5.200000000000000000e+01 1.459999999999999909e-01 5.031699999999999839e+00 7.369200000000000195e-01
5.300000000000000000e+01 1.459999999999999909e-01 5.057010000000000005e+00 7.386399999999999633e-01
5.400000000000000000e+01 1.459999999999999909e-01 5.080230000000000246e+00 7.399700000000000166e-01
5.500000000000000000e+01 1.459999999999999909e-01 5.102859999999999729e+00 7.410700000000000065e-01
5.600000000000000000e+01 1.459999999999999909e-01 5.125569999999999737e+00 7.420299999999999674e-01
5.700000000000000000e+01 1.459999999999999909e-01 5.149589999999999890e+00 7.431600000000000428e-01
5.800000000000000000e+01 1.459999999999999909e-01 5.171599999999999753e+00 7.440799999999999637e-01
5.900000000000000000e+01 1.459999999999999909e-01 5.192949999999999733e+00 7.449700000000000211e-01
6.000000000000000000e+01 1.459999999999999909e-01 5.213020000000000209e+00 7.457200000000000495e-01
6.100000000000000000e+01 1.459999999999999909e-01 5.233620000000000161e+00 7.464499999999999469e-01
6.200000000000000000e+01 1.459999999999999909e-01 5.255349999999999966e+00 7.471299999999999608e-01
6.300000000000000000e+01 1.459999999999999909e-01 5.275590000000000224e+00 7.476399999999999713e-01
6.400000000000000000e+01 1.459999999999999909e-01 5.296389999999999709e+00 7.481499999999999817e-01
6.500000000000000000e+01 1.390000000000000124e-01 5.315360000000000085e+00 7.484699999999999687e-01
6.600000000000000000e+01 1.390000000000000124e-01 5.332889999999999908e+00 7.487700000000000466e-01
6.700000000000000000e+01 1.390000000000000124e-01 5.349160000000000359e+00 7.490400000000000391e-01
6.800000000000000000e+01 1.390000000000000124e-01 5.363830000000000098e+00 7.490400000000000391e-01
6.900000000000000000e+01 1.390000000000000124e-01 5.376990000000000158e+00 7.488399999999999501e-01
7.000000000000000000e+01 1.390000000000000124e-01 5.388510000000000133e+00 7.485500000000000487e-01
7.100000000000000000e+01 1.390000000000000124e-01 5.399449999999999861e+00 7.482699999999999907e-01
7.200000000000000000e+01 1.390000000000000124e-01 5.409849999999999604e+00 7.479700000000000237e-01
7.300000000000000000e+01 1.390000000000000124e-01 5.419749999999999623e+00 7.476300000000000168e-01
7.400000000000000000e+01 1.390000000000000124e-01 5.429030000000000022e+00 7.473400000000000043e-01
7.500000000000000000e+01 1.390000000000000124e-01 5.437610000000000277e+00 7.469900000000000428e-01
7.600000000000000000e+01 1.320000000000000062e-01 5.445820000000000327e+00 7.466300000000000159e-01
7.700000000000000000e+01 1.320000000000000062e-01 5.453960000000000363e+00 7.463499999999999579e-01
7.800000000000000000e+01 1.320000000000000062e-01 5.461610000000000298e+00 7.459999999999999964e-01
7.900000000000000000e+01 1.320000000000000062e-01 5.469260000000000232e+00 7.456300000000000150e-01
8.000000000000000000e+01 1.320000000000000062e-01 5.476569999999999716e+00 7.452999999999999625e-01
8.100000000000000000e+01 1.320000000000000062e-01 5.484099999999999753e+00 7.449900000000000411e-01
8.200000000000000000e+01 1.320000000000000062e-01 5.491310000000000358e+00 7.446599999999999886e-01
8.300000000000000000e+01 1.320000000000000062e-01 5.498289999999999900e+00 7.443400000000000016e-01
8.400000000000000000e+01 1.320000000000000062e-01 5.505090000000000039e+00 7.439999999999999947e-01
8.500000000000000000e+01 1.320000000000000062e-01 5.511400000000000077e+00 7.436899999999999622e-01
8.600000000000000000e+01 1.320000000000000062e-01 5.517640000000000100e+00 7.433899999999999952e-01
8.700000000000000000e+01 1.320000000000000062e-01 5.523600000000000065e+00 7.430799999999999628e-01
8.800000000000000000e+01 1.320000000000000062e-01 5.529519999999999769e+00 7.428000000000000158e-01
8.900000000000000000e+01 1.320000000000000062e-01 5.536080000000000112e+00 7.425800000000000178e-01
9.000000000000000000e+01 1.320000000000000062e-01 5.542910000000000004e+00 7.423899999999999944e-01
9.100000000000000000e+01 1.320000000000000062e-01 5.550019999999999953e+00 7.422699999999999854e-01
9.200000000000000000e+01 1.320000000000000062e-01 5.557140000000000413e+00 7.420900000000000274e-01
9.300000000000000000e+01 1.320000000000000062e-01 5.564009999999999678e+00 7.418799999999999839e-01
9.400000000000000000e+01 1.320000000000000062e-01 5.570870000000000211e+00 7.416599999999999859e-01
9.500000000000000000e+01 1.320000000000000062e-01 5.577469999999999928e+00 7.413800000000000390e-01
9.600000000000000000e+01 1.320000000000000062e-01 5.584010000000000140e+00 7.410600000000000520e-01
9.700000000000000000e+01 1.320000000000000062e-01 5.590250000000000163e+00 7.407000000000000250e-01
9.800000000000000000e+01 1.320000000000000062e-01 5.596449999999999925e+00 7.403399999999999981e-01
9.900000000000000000e+01 1.320000000000000062e-01 5.602680000000000327e+00 7.399700000000000166e-01
1.000000000000000000e+02 1.320000000000000062e-01 5.608880000000000088e+00 7.395199999999999552e-01
1.010000000000000000e+02 1.320000000000000062e-01 5.614969999999999573e+00 7.390799999999999592e-01
1.020000000000000000e+02 1.320000000000000062e-01 5.621570000000000178e+00 7.386899999999999578e-01
1.030000000000000000e+02 1.320000000000000062e-01 5.628120000000000012e+00 7.383399999999999963e-01
1.040000000000000000e+02 1.390000000000000124e-01 5.634450000000000180e+00 7.379999999999999893e-01
1.050000000000000000e+02 1.390000000000000124e-01 5.640579999999999927e+00 7.376399999999999624e-01
1.060000000000000000e+02 1.390000000000000124e-01 5.646589999999999776e+00 7.372900000000000009e-01
1.070000000000000000e+02 1.390000000000000124e-01 5.652739999999999654e+00 7.369299999999999740e-01
1.080000000000000000e+02 1.390000000000000124e-01 5.658520000000000216e+00 7.365699999999999470e-01
1.090000000000000000e+02 1.390000000000000124e-01 5.664270000000000138e+00 7.361900000000000110e-01
1.100000000000000000e+02 1.390000000000000124e-01 5.669830000000000148e+00 7.358099999999999641e-01
1.110000000000000000e+02 1.390000000000000124e-01 5.675259999999999749e+00 7.354500000000000481e-01
1.120000000000000000e+02 1.390000000000000124e-01 5.680530000000000079e+00 7.350799999999999557e-01
1.130000000000000000e+02 1.390000000000000124e-01 5.685900000000000176e+00 7.346799999999999997e-01
1.140000000000000000e+02 1.390000000000000124e-01 5.691340000000000288e+00 7.342899999999999983e-01
1.150000000000000000e+02 1.390000000000000124e-01 5.696649999999999991e+00 7.338799999999999768e-01
1.160000000000000000e+02 1.390000000000000124e-01 5.702110000000000234e+00 7.334399999999999809e-01
1.170000000000000000e+02 1.390000000000000124e-01 5.707539999999999836e+00 7.330200000000000049e-01
1.180000000000000000e+02 1.390000000000000124e-01 5.713079999999999714e+00 7.325899999999999634e-01
1.190000000000000000e+02 1.390000000000000124e-01 5.718619999999999592e+00 7.321699999999999875e-01
1.200000000000000000e+02 1.390000000000000124e-01 5.724300000000000388e+00 7.317700000000000315e-01
