1.000000000000000000e+00 2.010000000000000120e-01 5.999139999999999695e+00 2.446699999999999986e-01
2.000000000000000000e+00 1.880000000000000004e-01 6.418790000000000440e+00 2.911199999999999899e-01
3.000000000000000000e+00 1.880000000000000004e-01 6.926829999999999821e+00 2.427300000000000013e-01
4.000000000000000000e+00 1.809999999999999942e-01 6.705790000000000362e+00 2.647300000000000209e-01
5.000000000000000000e+00 1.809999999999999942e-01 6.968099999999999739e+00 2.469099999999999906e-01
6.000000000000000000e+00 1.809999999999999942e-01 6.684639999999999915e+00 3.039200000000000235e-01
7.000000000000000000e+00 1.809999999999999942e-01 6.867499999999999716e+00 3.053299999999999903e-01
8.000000000000000000e+00 1.809999999999999942e-01 7.040060000000000429e+00 3.052199999999999913e-01
9.000000000000000000e+00 1.739999999999999880e-01 7.126030000000000086e+00 2.963000000000000078e-01
1.000000000000000000e+01 1.670000000000000095e-01 7.142070000000000363e+00 2.749900000000000122e-01
1.100000000000000000e+01 1.670000000000000095e-01 8.037940000000000751e+00 3.145800000000000263e-01
1.200000000000000000e+01 1.670000000000000095e-01 8.139530000000000598e+00 3.212800000000000100e-01
1.300000000000000000e+01 1.670000000000000095e-01 8.249800000000000466e+00 3.334300000000000042e-01
1.400000000000000000e+01 1.739999999999999880e-01 8.346370000000000289e+00 3.382399999999999851e-01
1.500000000000000000e+01 1.739999999999999880e-01 8.432539999999999480e+00 3.423999999999999821e-01
1.600000000000000000e+01 1.739999999999999880e-01 8.511559999999999349e+00 3.462399999999999922e-01
1.700000000000000000e+01 1.739999999999999880e-01 8.586479999999999890e+00 3.488399999999999834e-01
1.800000000000000000e+01 1.739999999999999880e-01 8.710850000000000648e+00 3.555300000000000127e-01
1.900000000000000000e+01 1.670000000000000095e-01 8.900809999999999889e+00 3.684600000000000097e-01
2.000000000000000000e+01 1.670000000000000095e-01 9.014099999999999113e+00 3.756300000000000194e-01
2.100000000000000000e+01 1.670000000000000095e-01 9.098399999999999821e+00 3.804600000000000204e-01
2.200000000000000000e+01 1.670000000000000095e-01 9.162850000000000605e+00 3.837499999999999800e-01
2.300000000000000000e+01 1.670000000000000095e-01 9.215479999999999450e+00 3.849099999999999744e-01
2.400000000000000000e+01 1.670000000000000095e-01 9.259710000000000107e+00 3.854799999999999893e-01
2.500000000000000000e+01 1.670000000000000095e-01 9.303240000000000620e+00 3.859000000000000208e-01
2.600000000000000000e+01 1.670000000000000095e-01 9.339019999999999655e+00 3.850000000000000089e-01
2.700000000000000000e+01 1.739999999999999880e-01 9.370039999999999480e+00 3.831100000000000061e-01
2.800000000000000000e+01 1.670000000000000095e-01 9.395099999999999341e+00 3.806399999999999784e-01
2.900000000000000000e+01 1.670000000000000095e-01 9.418250000000000455e+00 3.781900000000000261e-01
3.000000000000000000e+01 1.670000000000000095e-01 9.445449999999999235e+00 3.760499999999999954e-01
3.100000000000000000e+01 1.670000000000000095e-01 9.474220000000000752e+00 3.741900000000000226e-01
3.200000000000000000e+01 1.670000000000000095e-01 9.500349999999999184e+00 3.719700000000000228e-01
3.300000000000000000e+01 1.670000000000000095e-01 9.522660000000000124e+00 3.705499999999999905e-01
3.400000000000000000e+01 1.670000000000000095e-01 9.544050000000000367e+00 3.689399999999999902e-01
3.500000000000000000e+01 1.670000000000000095e-01 9.564249999999999474e+00 3.672000000000000264e-01
3.600000000000000000e+01 1.670000000000000095e-01 9.582580000000000098e+00 3.657500000000000195e-01
3.700000000000000000e+01 1.670000000000000095e-01 9.600250000000000838e+00 3.644000000000000017e-01
3.800000000000000000e+01 1.670000000000000095e-01 9.617100000000000648e+00 3.631900000000000128e-01
3.900000000000000000e+01 1.670000000000000095e-01 9.632720000000000837e+00 3.619999999999999885e-01
4.000000000000000000e+01 1.670000000000000095e-01 9.647800000000000153e+00 3.608600000000000141e-01
4.100000000000000000e+01 1.670000000000000095e-01 9.662060000000000315e+00 3.596099999999999852e-01
4.200000000000000000e+01 1.670000000000000095e-01 9.675580000000000069e+00 3.582699999999999774e-01
4.300000000000000000e+01 1.670000000000000095e-01 9.687960000000000349e+00 3.570200000000000040e-01
4.400000000000000000e+01 1.670000000000000095e-01 9.699230000000000018e+00 3.558600000000000096e-01
4.500000000000000000e+01 1.670000000000000095e-01 9.709339999999999193e+00 3.546900000000000053e-01
4.600000000000000000e+01 1.670000000000000095e-01 9.718640000000000612e+00 3.533000000000000029e-01
4.700000000000000000e+01 1.670000000000000095e-01 9.726770000000000138e+00 3.513100000000000112e-01
4.800000000000000000e+01 1.670000000000000095e-01 9.732689999999999841e+00 3.494200000000000084e-01
4.900000000000000000e+01 1.670000000000000095e-01 9.739879999999999427e+00 3.476299999999999946e-01
5.000000000000000000e+01 1.600000000000000033e-01 7.479289999999999772e+00 4.739599999999999924e-01
5.100000000000000000e+01 1.600000000000000033e-01 7.489329999999999821e+00 4.818200000000000260e-01
5.200000000000000000e+01 1.600000000000000033e-01 7.499060000000000059e+00 4.862000000000000210e-01
5.300000000000000000e+01 1.600000000000000033e-01 7.508090000000000153e+00 4.892900000000000027e-01
5.400000000000000000e+01 1.600000000000000033e-01 7.516379999999999839e+00 4.923299999999999899e-01
5.500000000000000000e+01 1.600000000000000033e-01 7.525599999999999845e+00 4.954600000000000115e-01
5.600000000000000000e+01 1.600000000000000033e-01 7.534130000000000216e+00 4.983899999999999997e-01
5.700000000000000000e+01 1.600000000000000033e-01 7.543429999999999858e+00 5.011900000000000244e-01
5.800000000000000000e+01 1.600000000000000033e-01 7.553279999999999994e+00 5.037500000000000311e-01
5.900000000000000000e+01 1.600000000000000033e-01 7.564440000000000275e+00 5.057300000000000129e-01
6.000000000000000000e+01 1.529999999999999971e-01 7.576889999999999681e+00 5.075100000000000167e-01
6.100000000000000000e+01 1.529999999999999971e-01 7.589760000000000062e+00 5.094100000000000295e-01
6.200000000000000000e+01 1.529999999999999971e-01 7.601960000000000051e+00 5.111799999999999677e-01
6.300000000000000000e+01 1.529999999999999971e-01 7.613360000000000127e+00 5.129500000000000171e-01
6.400000000000000000e+01 1.529999999999999971e-01 7.623920000000000030e+00 5.143999999999999684e-01
6.500000000000000000e+01 1.529999999999999971e-01 7.634570000000000078e+00 5.159000000000000252e-01
6.600000000000000000e+01 1.529999999999999971e-01 7.645190000000000374e+00 5.174800000000000511e-01
6.700000000000000000e+01 1.529999999999999971e-01 7.656410000000000160e+00 5.187599999999999989e-01
6.800000000000000000e+01 1.529999999999999971e-01 7.668459999999999610e+00 5.196199999999999708e-01
6.900000000000000000e+01 1.529999999999999971e-01 7.679120000000000168e+00 5.203799999999999537e-01
7.000000000000000000e+01 1.529999999999999971e-01 7.688620000000000232e+00 5.208899999999999642e-01
7.100000000000000000e+01 1.529999999999999971e-01 7.698249999999999815e+00 5.213999999999999746e-01
7.200000000000000000e+01 1.529999999999999971e-01 7.707589999999999719e+00 5.218800000000000106e-01
7.300000000000000000e+01 1.529999999999999971e-01 7.716809999999999725e+00 5.224199999999999955e-01
7.400000000000000000e+01 1.529999999999999971e-01 7.725740000000000052e+00 5.229300000000000059e-01
7.500000000000000000e+01 1.529999999999999971e-01 7.734589999999999854e+00 5.233100000000000529e-01
7.600000000000000000e+01 1.529999999999999971e-01 7.743420000000000414e+00 5.236600000000000144e-01
7.700000000000000000e+01 1.529999999999999971e-01 7.752019999999999911e+00 5.239700000000000468e-01
7.800000000000000000e+01 1.529999999999999971e-01 7.760399999999999743e+00 5.242700000000000138e-01
7.900000000000000000e+01 1.529999999999999971e-01 7.769560000000000244e+00 5.248399999999999732e-01
8.000000000000000000e+01 1.529999999999999971e-01 7.777750000000000163e+00 5.252499999999999947e-01
8.100000000000000000e+01 1.529999999999999971e-01 7.785350000000000215e+00 5.254100000000000437e-01
8.200000000000000000e+01 1.529999999999999971e-01 7.792239999999999611e+00 5.254199999999999982e-01
8.300000000000000000e+01 1.529999999999999971e-01 7.798429999999999751e+00 5.254400000000000182e-01
8.400000000000000000e+01 1.529999999999999971e-01 7.804269999999999818e+00 5.254100000000000437e-01
8.500000000000000000e+01 1.529999999999999971e-01 7.809870000000000090e+00 5.253700000000000037e-01
8.600000000000000000e+01 1.529999999999999971e-01 7.815360000000000085e+00 5.252900000000000347e-01
8.700000000000000000e+01 1.529999999999999971e-01 7.821039999999999992e+00 5.253400000000000292e-01
8.800000000000000000e+01 1.529999999999999971e-01 7.826880000000000059e+00 5.254199999999999982e-01
8.900000000000000000e+01 1.529999999999999971e-01 7.832300000000000040e+00 5.254499999999999726e-01
9.000000000000000000e+01 1.529999999999999971e-01 7.837310000000000443e+00 5.254900000000000126e-01
9.100000000000000000e+01 1.529999999999999971e-01 7.842200000000000060e+00 5.255400000000000071e-01
9.200000000000000000e+01 1.529999999999999971e-01 7.846829999999999750e+00 5.256100000000000216e-01
9.300000000000000000e+01 1.529999999999999971e-01 7.851219999999999644e+00 5.257399999999999851e-01
9.400000000000000000e+01 1.529999999999999971e-01 7.855339999999999989e+00 5.258699999999999486e-01
9.500000000000000000e+01 1.529999999999999971e-01 7.859440000000000204e+00 5.260000000000000231e-01
9.600000000000000000e+01 1.529999999999999971e-01 7.863520000000000287e+00 5.261599999999999611e-01
9.700000000000000000e+01 1.529999999999999971e-01 7.867560000000000109e+00 5.263799999999999590e-01
9.800000000000000000e+01 1.529999999999999971e-01 7.871450000000000280e+00 5.265800000000000480e-01
9.900000000000000000e+01 1.529999999999999971e-01 7.875539999999999985e+00 5.267800000000000260e-01
1.000000000000000000e+02 1.529999999999999971e-01 7.879489999999999661e+00 5.269500000000000295e-01
1.010000000000000000e+02 1.529999999999999971e-01 7.883210000000000051e+00 5.271400000000000530e-01
1.020000000000000000e+02 1.529999999999999971e-01 7.886490000000000222e+00 5.273099999999999454e-01
1.030000000000000000e+02 1.529999999999999971e-01 7.889540000000000219e+00 5.274499999999999744e-01
1.040000000000000000e+02 1.529999999999999971e-01 7.892590000000000217e+00 5.275699999999999834e-01
1.050000000000000000e+02 1.529999999999999971e-01 7.895529999999999937e+00 5.276899999999999924e-01
1.060000000000000000e+02 1.529999999999999971e-01 7.898279999999999745e+00 5.278100000000000014e-01
1.070000000000000000e+02 1.529999999999999971e-01 7.900999999999999801e+00 5.279199999999999449e-01
1.080000000000000000e+02 1.529999999999999971e-01 7.903590000000000337e+00 5.280000000000000249e-01
1.090000000000000000e+02 1.529999999999999971e-01 7.905879999999999797e+00 5.280899999999999483e-01
1.100000000000000000e+02 1.529999999999999971e-01 7.908030000000000115e+00 5.281500000000000083e-01
1.110000000000000000e+02 1.529999999999999971e-01 7.910230000000000317e+00 5.281900000000000484e-01
1.120000000000000000e+02 1.529999999999999971e-01 7.912410000000000387e+00 5.282400000000000428e-01
1.130000000000000000e+02 1.529999999999999971e-01 7.914710000000000356e+00 5.283200000000000118e-01
1.140000000000000000e+02 1.529999999999999971e-01 7.916970000000000063e+00 5.284100000000000463e-01
1.150000000000000000e+02 1.529999999999999971e-01 7.919220000000000148e+00 5.284799999999999498e-01
1.160000000000000000e+02 1.529999999999999971e-01 7.921400000000000219e+00 5.285499999999999643e-01
1.170000000000000000e+02 1.529999999999999971e-01 7.923569999999999780e+00 5.286199999999999788e-01
1.180000000000000000e+02 1.529999999999999971e-01 7.925849999999999618e+00 5.287399999999999878e-01
1.190000000000000000e+02 1.529999999999999971e-01 7.927920000000000300e+00 5.288599999999999968e-01
1.200000000000000000e+02 1.529999999999999971e-01 7.929929999999999701e+00 5.289899999999999602e-01
