1.000000000000000000e+00 1.459999999999999909e-01 4.606980000000000075e+00 5.350200000000000511e-01
2.000000000000000000e+00 1.320000000000000062e-01 3.793299999999999894e+00 6.844500000000000028e-01
3.000000000000000000e+00 1.179999999999999938e-01 4.165119999999999933e+00 5.524000000000000021e-01
4.000000000000000000e+00 1.400000000000000029e-02 1.452930000000000055e+00 6.578500000000000458e-01
5.000000000000000000e+00 2.100000000000000130e-02 1.577860000000000040e+00 6.762500000000000178e-01
6.000000000000000000e+00 1.459999999999999909e-01 6.393550000000000288e+00 5.593700000000000339e-01
7.000000000000000000e+00 8.999999999999999667e-02 4.065889999999999560e+00 7.301600000000000312e-01
8.000000000000000000e+00 1.390000000000000124e-01 6.083700000000000330e+00 5.699600000000000222e-01
9.000000000000000000e+00 1.459999999999999909e-01 5.975999999999999979e+00 5.856799999999999784e-01
1.000000000000000000e+01 1.459999999999999909e-01 5.898659999999999570e+00 5.973800000000000221e-01
1.100000000000000000e+01 1.390000000000000124e-01 5.824110000000000120e+00 6.035099999999999909e-01
1.200000000000000000e+01 1.390000000000000124e-01 5.773030000000000328e+00 6.038900000000000379e-01
1.300000000000000000e+01 1.320000000000000062e-01 5.746529999999999916e+00 6.024899999999999700e-01
1.400000000000000000e+01 1.250000000000000000e-01 5.815310000000000201e+00 5.966799999999999882e-01
1.500000000000000000e+01 1.320000000000000062e-01 1.250809999999999977e+00 5.656799999999999606e-01
1.600000000000000000e+01 1.320000000000000062e-01 1.392430000000000057e+00 4.814300000000000246e-01
1.700000000000000000e+01 1.320000000000000062e-01 1.527609999999999912e+00 4.372300000000000075e-01
1.800000000000000000e+01 1.250000000000000000e-01 1.647829999999999906e+00 4.074200000000000044e-01
1.900000000000000000e+01 1.250000000000000000e-01 1.755949999999999900e+00 3.879199999999999871e-01
2.000000000000000000e+01 1.250000000000000000e-01 1.830810000000000048e+00 3.729700000000000237e-01
2.100000000000000000e+01 1.250000000000000000e-01 1.907259999999999955e+00 3.604399999999999826e-01
2.200000000000000000e+01 1.320000000000000062e-01 1.989719999999999933e+00 3.499599999999999933e-01
2.300000000000000000e+01 1.320000000000000062e-01 2.069459999999999855e+00 3.416799999999999837e-01
2.400000000000000000e+01 1.320000000000000062e-01 2.128460000000000019e+00 3.378599999999999937e-01
2.500000000000000000e+01 1.320000000000000062e-01 2.180210000000000203e+00 3.337200000000000166e-01
2.600000000000000000e+01 1.250000000000000000e-01 2.240050000000000097e+00 3.288099999999999912e-01
2.700000000000000000e+01 1.250000000000000000e-01 2.306880000000000042e+00 3.261299999999999755e-01
2.800000000000000000e+01 1.250000000000000000e-01 2.387210000000000054e+00 3.249799999999999911e-01
2.900000000000000000e+01 1.250000000000000000e-01 2.442330000000000112e+00 3.235399999999999943e-01
3.000000000000000000e+01 1.250000000000000000e-01 2.500309999999999810e+00 3.225100000000000189e-01
3.100000000000000000e+01 1.250000000000000000e-01 2.551159999999999872e+00 3.220000000000000084e-01
3.200000000000000000e+01 1.250000000000000000e-01 2.597640000000000171e+00 3.222999999999999754e-01
3.300000000000000000e+01 1.250000000000000000e-01 2.626199999999999868e+00 3.234799999999999898e-01
3.400000000000000000e+01 1.250000000000000000e-01 2.656779999999999919e+00 3.254500000000000171e-01
3.500000000000000000e+01 1.250000000000000000e-01 2.697109999999999896e+00 3.282100000000000017e-01
3.600000000000000000e+01 1.250000000000000000e-01 2.747129999999999850e+00 3.310100000000000264e-01
3.700000000000000000e+01 1.250000000000000000e-01 2.796710000000000029e+00 3.341399999999999926e-01
3.800000000000000000e+01 1.250000000000000000e-01 2.839599999999999902e+00 3.369099999999999873e-01
3.900000000000000000e+01 1.250000000000000000e-01 2.889209999999999834e+00 3.393800000000000150e-01
4.000000000000000000e+01 1.250000000000000000e-01 2.939439999999999831e+00 3.416500000000000092e-01
4.100000000000000000e+01 1.250000000000000000e-01 2.989889999999999937e+00 3.434099999999999930e-01
4.200000000000000000e+01 1.250000000000000000e-01 3.035670000000000091e+00 3.447100000000000164e-01
4.300000000000000000e+01 1.250000000000000000e-01 3.077710000000000168e+00 3.461299999999999932e-01
4.400000000000000000e+01 1.250000000000000000e-01 3.119720000000000049e+00 3.474700000000000011e-01
4.500000000000000000e+01 1.250000000000000000e-01 3.161470000000000002e+00 3.486799999999999899e-01
4.600000000000000000e+01 1.250000000000000000e-01 3.202479999999999993e+00 3.500900000000000123e-01
4.700000000000000000e+01 1.250000000000000000e-01 3.241039999999999921e+00 3.513399999999999856e-01
4.800000000000000000e+01 1.250000000000000000e-01 3.281379999999999963e+00 3.524300000000000210e-01
4.900000000000000000e+01 1.250000000000000000e-01 3.325689999999999813e+00 3.533800000000000274e-01
5.000000000000000000e+01 1.179999999999999938e-01 3.371589999999999865e+00 3.544900000000000273e-01
5.100000000000000000e+01 1.179999999999999938e-01 3.411150000000000126e+00 3.552799999999999847e-01
5.200000000000000000e+01 1.179999999999999938e-01 3.446279999999999788e+00 3.556599999999999762e-01
5.300000000000000000e+01 1.179999999999999938e-01 3.476109999999999811e+00 3.559100000000000041e-01
5.400000000000000000e+01 1.179999999999999938e-01 3.503730000000000011e+00 3.560900000000000176e-01
5.500000000000000000e+01 1.179999999999999938e-01 3.533090000000000064e+00 3.560400000000000231e-01
5.600000000000000000e+01 1.179999999999999938e-01 3.567229999999999901e+00 3.556599999999999762e-01
5.700000000000000000e+01 1.179999999999999938e-01 3.597840000000000149e+00 3.552699999999999747e-01
5.800000000000000000e+01 1.179999999999999938e-01 3.629680000000000017e+00 3.547100000000000253e-01
5.900000000000000000e+01 1.179999999999999938e-01 3.671359999999999957e+00 3.536299999999999999e-01
6.000000000000000000e+01 1.179999999999999938e-01 3.715790000000000148e+00 3.522000000000000131e-01
6.100000000000000000e+01 1.110000000000000014e-01 3.753690000000000193e+00 3.508200000000000207e-01
6.200000000000000000e+01 1.110000000000000014e-01 3.787809999999999899e+00 3.496299999999999963e-01
6.300000000000000000e+01 1.110000000000000014e-01 3.821099999999999941e+00 3.486600000000000255e-01
6.400000000000000000e+01 1.110000000000000014e-01 3.853009999999999824e+00 3.474800000000000111e-01
6.500000000000000000e+01 1.110000000000000014e-01 3.879900000000000126e+00 3.462100000000000177e-01
6.600000000000000000e+01 1.110000000000000014e-01 3.906509999999999927e+00 3.447799999999999754e-01
6.700000000000000000e+01 1.110000000000000014e-01 3.932739999999999903e+00 3.433499999999999885e-01
6.800000000000000000e+01 1.110000000000000014e-01 3.955909999999999815e+00 3.418399999999999772e-01
6.900000000000000000e+01 1.110000000000000014e-01 3.977059999999999818e+00 3.404699999999999949e-01
7.000000000000000000e+01 1.110000000000000014e-01 3.994779999999999998e+00 3.395799999999999930e-01
7.100000000000000000e+01 1.110000000000000014e-01 4.011890000000000178e+00 3.388499999999999845e-01
7.200000000000000000e+01 1.110000000000000014e-01 4.026740000000000208e+00 3.381700000000000261e-01
7.300000000000000000e+01 1.110000000000000014e-01 4.040189999999999948e+00 3.374699999999999922e-01
7.400000000000000000e+01 1.110000000000000014e-01 4.052760000000000140e+00 3.367800000000000238e-01
7.500000000000000000e+01 1.110000000000000014e-01 4.066019999999999968e+00 3.359500000000000264e-01
7.600000000000000000e+01 1.110000000000000014e-01 4.076220000000000176e+00 3.356299999999999839e-01
7.700000000000000000e+01 1.110000000000000014e-01 4.086319999999999730e+00 3.352499999999999925e-01
7.800000000000000000e+01 1.110000000000000014e-01 4.095640000000000391e+00 3.349099999999999855e-01
7.900000000000000000e+01 1.110000000000000014e-01 4.103460000000000107e+00 3.346299999999999830e-01
8.000000000000000000e+01 1.110000000000000014e-01 4.110909999999999620e+00 3.343499999999999805e-01
8.100000000000000000e+01 1.110000000000000014e-01 4.118030000000000079e+00 3.342100000000000071e-01
8.200000000000000000e+01 1.110000000000000014e-01 4.124880000000000102e+00 3.340199999999999836e-01
8.300000000000000000e+01 1.110000000000000014e-01 4.131730000000000125e+00 3.339099999999999846e-01
8.400000000000000000e+01 1.110000000000000014e-01 4.141980000000000217e+00 3.336999999999999966e-01
8.500000000000000000e+01 1.110000000000000014e-01 4.153050000000000352e+00 3.333699999999999997e-01
8.600000000000000000e+01 1.110000000000000014e-01 4.165230000000000210e+00 3.329799999999999982e-01
8.700000000000000000e+01 1.110000000000000014e-01 4.177209999999999646e+00 3.325899999999999967e-01
8.800000000000000000e+01 1.110000000000000014e-01 4.189910000000000245e+00 3.321700000000000208e-01
8.900000000000000000e+01 1.110000000000000014e-01 4.202639999999999709e+00 3.319900000000000073e-01
9.000000000000000000e+01 1.110000000000000014e-01 4.214710000000000178e+00 3.320100000000000273e-01
9.100000000000000000e+01 1.110000000000000014e-01 4.228019999999999889e+00 3.321200000000000263e-01
9.200000000000000000e+01 1.110000000000000014e-01 4.241859999999999964e+00 3.323900000000000188e-01
9.300000000000000000e+01 1.110000000000000014e-01 4.255370000000000097e+00 3.327499999999999902e-01
9.400000000000000000e+01 1.039999999999999952e-01 4.270690000000000097e+00 3.326100000000000168e-01
9.500000000000000000e+01 1.039999999999999952e-01 4.285129999999999661e+00 3.325199999999999823e-01
9.600000000000000000e+01 1.039999999999999952e-01 4.298309999999999853e+00 3.323900000000000188e-01
9.700000000000000000e+01 1.039999999999999952e-01 4.312759999999999927e+00 3.322899999999999743e-01
9.800000000000000000e+01 1.039999999999999952e-01 4.327989999999999782e+00 3.323400000000000243e-01
9.900000000000000000e+01 1.039999999999999952e-01 4.343329999999999913e+00 3.326299999999999812e-01
1.000000000000000000e+02 1.039999999999999952e-01 4.356959999999999944e+00 3.327800000000000202e-01
1.010000000000000000e+02 1.039999999999999952e-01 4.371010000000000062e+00 3.329500000000000237e-01
1.020000000000000000e+02 1.039999999999999952e-01 4.383639999999999759e+00 3.331700000000000217e-01
1.030000000000000000e+02 1.039999999999999952e-01 4.395419999999999661e+00 3.333499999999999797e-01
1.040000000000000000e+02 1.039999999999999952e-01 4.407300000000000217e+00 3.334699999999999886e-01
1.050000000000000000e+02 1.039999999999999952e-01 4.420270000000000366e+00 3.336100000000000176e-01
1.060000000000000000e+02 1.039999999999999952e-01 4.433239999999999625e+00 3.338599999999999901e-01
1.070000000000000000e+02 1.039999999999999952e-01 4.445299999999999585e+00 3.341600000000000126e-01
1.080000000000000000e+02 1.039999999999999952e-01 4.456249999999999822e+00 3.345299999999999940e-01
1.090000000000000000e+02 1.039999999999999952e-01 4.468589999999999840e+00 3.348800000000000110e-01
1.100000000000000000e+02 1.039999999999999952e-01 4.480610000000000426e+00 3.349699999999999900e-01
1.110000000000000000e+02 1.039999999999999952e-01 4.492090000000000138e+00 3.349599999999999800e-01
1.120000000000000000e+02 1.039999999999999952e-01 4.503219999999999779e+00 3.350000000000000200e-01
1.130000000000000000e+02 1.039999999999999952e-01 4.512669999999999959e+00 3.350899999999999990e-01
1.140000000000000000e+02 1.039999999999999952e-01 4.521720000000000184e+00 3.351700000000000235e-01
1.150000000000000000e+02 1.039999999999999952e-01 4.529939999999999856e+00 3.353200000000000069e-01
1.160000000000000000e+02 1.039999999999999952e-01 4.538260000000000183e+00 3.355299999999999949e-01
1.170000000000000000e+02 1.039999999999999952e-01 4.547259999999999636e+00 3.360099999999999754e-01
1.180000000000000000e+02 1.039999999999999952e-01 4.555410000000000181e+00 3.367600000000000038e-01
1.190000000000000000e+02 1.039999999999999952e-01 4.563329999999999664e+00 3.376100000000000212e-01
1.200000000000000000e+02 1.110000000000000014e-01 4.571089999999999876e+00 3.387299999999999756e-01
