1.000000000000000000e+00 1.670000000000000095e-01 5.427850000000000286e+00 4.079999999999999738e-01
2.000000000000000000e+00 1.600000000000000033e-01 5.749830000000000219e+00 4.720199999999999951e-01
3.000000000000000000e+00 1.739999999999999880e-01 5.668560000000000265e+00 4.495100000000000207e-01
4.000000000000000000e+00 1.670000000000000095e-01 5.814869999999999983e+00 5.237000000000000544e-01
5.000000000000000000e+00 1.809999999999999942e-01 5.973060000000000258e+00 4.739499999999999824e-01
6.000000000000000000e+00 1.809999999999999942e-01 6.100389999999999979e+00 4.194100000000000050e-01
7.000000000000000000e+00 1.739999999999999880e-01 6.208289999999999864e+00 3.769500000000000073e-01
8.000000000000000000e+00 1.739999999999999880e-01 5.714450000000000252e+00 2.646999999999999909e-01
9.000000000000000000e+00 1.670000000000000095e-01 3.864860000000000184e+00 4.095599999999999796e-01
1.000000000000000000e+01 1.809999999999999942e-01 4.171520000000000117e+00 4.476499999999999924e-01
1.100000000000000000e+01 1.880000000000000004e-01 4.235660000000000203e+00 4.525699999999999723e-01
1.200000000000000000e+01 1.880000000000000004e-01 4.228659999999999641e+00 4.527300000000000213e-01
1.300000000000000000e+01 1.880000000000000004e-01 4.232689999999999841e+00 4.561999999999999944e-01
1.400000000000000000e+01 1.880000000000000004e-01 4.212880000000000180e+00 4.561600000000000099e-01
1.500000000000000000e+01 1.809999999999999942e-01 4.086500000000000021e+00 4.546600000000000086e-01
1.600000000000000000e+01 1.880000000000000004e-01 3.988440000000000207e+00 4.530699999999999728e-01
1.700000000000000000e+01 1.809999999999999942e-01 3.901479999999999837e+00 4.528200000000000003e-01
1.800000000000000000e+01 1.809999999999999942e-01 3.785429999999999851e+00 4.541299999999999781e-01
1.900000000000000000e+01 1.809999999999999942e-01 3.722150000000000070e+00 4.558499999999999774e-01
2.000000000000000000e+01 1.809999999999999942e-01 3.711479999999999890e+00 4.585799999999999876e-01
2.100000000000000000e+01 1.809999999999999942e-01 3.710580000000000211e+00 4.597499999999999920e-01
2.200000000000000000e+01 1.809999999999999942e-01 3.714910000000000156e+00 4.600000000000000200e-01
2.300000000000000000e+01 1.809999999999999942e-01 3.728870000000000129e+00 4.603700000000000014e-01
2.400000000000000000e+01 1.809999999999999942e-01 3.754070000000000018e+00 4.619900000000000118e-01
2.500000000000000000e+01 1.809999999999999942e-01 3.798500000000000210e+00 4.645099999999999785e-01
2.600000000000000000e+01 1.809999999999999942e-01 3.822589999999999932e+00 4.652700000000000169e-01
2.700000000000000000e+01 1.880000000000000004e-01 3.820520000000000138e+00 4.658399999999999763e-01
2.800000000000000000e+01 1.809999999999999942e-01 3.818070000000000075e+00 4.666899999999999937e-01
2.900000000000000000e+01 1.809999999999999942e-01 3.821930000000000049e+00 4.673300000000000232e-01
3.000000000000000000e+01 1.809999999999999942e-01 3.830229999999999801e+00 4.687700000000000200e-01
3.100000000000000000e+01 1.809999999999999942e-01 3.833899999999999864e+00 4.701400000000000023e-01
3.200000000000000000e+01 1.809999999999999942e-01 3.850699999999999790e+00 4.715099999999999847e-01
3.300000000000000000e+01 1.809999999999999942e-01 3.865590000000000082e+00 4.721199999999999841e-01
3.400000000000000000e+01 1.809999999999999942e-01 3.877139999999999809e+00 4.723399999999999821e-01
3.500000000000000000e+01 1.809999999999999942e-01 3.890249999999999986e+00 4.724499999999999811e-01
3.600000000000000000e+01 1.809999999999999942e-01 3.901969999999999938e+00 4.722299999999999831e-01
3.700000000000000000e+01 1.809999999999999942e-01 3.917079999999999895e+00 4.720099999999999851e-01
3.800000000000000000e+01 1.809999999999999942e-01 3.933199999999999807e+00 4.717199999999999727e-01
3.900000000000000000e+01 1.809999999999999942e-01 3.948449999999999793e+00 4.713700000000000112e-01
4.000000000000000000e+01 1.809999999999999942e-01 3.962610000000000188e+00 4.708700000000000108e-01
4.100000000000000000e+01 1.809999999999999942e-01 3.977009999999999934e+00 4.703600000000000003e-01
4.200000000000000000e+01 1.809999999999999942e-01 3.994289999999999896e+00 4.700799999999999979e-01
4.300000000000000000e+01 1.809999999999999942e-01 4.013760000000000439e+00 4.698499999999999899e-01
4.400000000000000000e+01 1.809999999999999942e-01 4.032070000000000043e+00 4.694599999999999884e-01
4.500000000000000000e+01 1.809999999999999942e-01 4.050620000000000331e+00 4.691699999999999759e-01
4.600000000000000000e+01 1.809999999999999942e-01 4.067929999999999602e+00 4.688499999999999890e-01
4.700000000000000000e+01 1.809999999999999942e-01 4.085130000000000372e+00 4.686400000000000010e-01
4.800000000000000000e+01 1.809999999999999942e-01 4.105260000000000353e+00 4.685300000000000020e-01
4.900000000000000000e+01 1.809999999999999942e-01 4.127030000000000420e+00 4.687999999999999945e-01
5.000000000000000000e+01 1.809999999999999942e-01 4.148810000000000109e+00 4.690799999999999970e-01
5.100000000000000000e+01 1.809999999999999942e-01 4.172699999999999854e+00 4.694499999999999784e-01
5.200000000000000000e+01 1.809999999999999942e-01 4.195059999999999789e+00 4.699900000000000189e-01
5.300000000000000000e+01 1.809999999999999942e-01 4.213390000000000413e+00 4.704599999999999893e-01
5.400000000000000000e+01 1.809999999999999942e-01 4.224450000000000038e+00 4.705199999999999938e-01
5.500000000000000000e+01 1.809999999999999942e-01 4.231359999999999566e+00 4.699200000000000044e-01
5.600000000000000000e+01 1.809999999999999942e-01 4.238920000000000243e+00 4.693300000000000249e-01
5.700000000000000000e+01 1.809999999999999942e-01 4.245630000000000237e+00 4.687200000000000255e-01
5.800000000000000000e+01 1.809999999999999942e-01 4.251360000000000028e+00 4.680300000000000016e-01
5.900000000000000000e+01 1.809999999999999942e-01 4.259430000000000049e+00 4.673499999999999877e-01
6.000000000000000000e+01 1.809999999999999942e-01 4.268849999999999589e+00 4.668200000000000127e-01
6.100000000000000000e+01 1.809999999999999942e-01 4.277980000000000338e+00 4.663700000000000068e-01
6.200000000000000000e+01 1.809999999999999942e-01 4.286599999999999966e+00 4.661399999999999988e-01
6.300000000000000000e+01 1.809999999999999942e-01 4.294710000000000250e+00 4.660400000000000098e-01
6.400000000000000000e+01 1.809999999999999942e-01 4.302609999999999602e+00 4.659400000000000208e-01
6.500000000000000000e+01 1.809999999999999942e-01 4.310620000000000118e+00 4.659699999999999953e-01
6.600000000000000000e+01 1.809999999999999942e-01 4.318640000000000256e+00 4.660900000000000043e-01
6.700000000000000000e+01 1.809999999999999942e-01 4.327079999999999593e+00 4.663100000000000023e-01
6.800000000000000000e+01 1.809999999999999942e-01 4.335359999999999658e+00 4.666600000000000192e-01
6.900000000000000000e+01 1.809999999999999942e-01 4.343510000000000204e+00 4.670799999999999952e-01
7.000000000000000000e+01 1.809999999999999942e-01 4.351420000000000066e+00 4.675199999999999911e-01
7.100000000000000000e+01 1.809999999999999942e-01 4.360100000000000087e+00 4.680300000000000016e-01
7.200000000000000000e+01 1.809999999999999942e-01 4.367880000000000429e+00 4.685199999999999920e-01
7.300000000000000000e+01 1.809999999999999942e-01 4.373739999999999739e+00 4.690300000000000025e-01
7.400000000000000000e+01 1.809999999999999942e-01 4.378230000000000288e+00 4.695300000000000029e-01
7.500000000000000000e+01 1.809999999999999942e-01 4.382819999999999716e+00 4.699800000000000089e-01
7.600000000000000000e+01 1.809999999999999942e-01 4.387139999999999596e+00 4.703200000000000158e-01
7.700000000000000000e+01 1.809999999999999942e-01 4.388639999999999652e+00 4.704699999999999993e-01
7.800000000000000000e+01 1.809999999999999942e-01 4.388200000000000323e+00 4.704300000000000148e-01
7.900000000000000000e+01 1.809999999999999942e-01 4.388449999999999740e+00 4.704200000000000048e-01
8.000000000000000000e+01 1.809999999999999942e-01 4.387749999999999595e+00 4.703999999999999848e-01
8.100000000000000000e+01 1.809999999999999942e-01 4.389230000000000409e+00 4.704999999999999738e-01
8.200000000000000000e+01 1.809999999999999942e-01 4.391130000000000422e+00 4.706799999999999873e-01
8.300000000000000000e+01 1.809999999999999942e-01 4.394110000000000404e+00 4.709099999999999953e-01
8.400000000000000000e+01 1.809999999999999942e-01 4.397599999999999731e+00 4.710799999999999987e-01
8.500000000000000000e+01 1.739999999999999880e-01 4.400350000000000428e+00 4.712000000000000077e-01
8.600000000000000000e+01 1.739999999999999880e-01 4.403389999999999915e+00 4.713300000000000267e-01
8.700000000000000000e+01 1.739999999999999880e-01 4.406509999999999927e+00 4.714999999999999747e-01
8.800000000000000000e+01 1.739999999999999880e-01 4.410750000000000171e+00 4.717600000000000127e-01
8.900000000000000000e+01 1.739999999999999880e-01 4.414799999999999613e+00 4.720500000000000251e-01
9.000000000000000000e+01 1.739999999999999880e-01 4.419139999999999624e+00 4.723800000000000221e-01
9.100000000000000000e+01 1.739999999999999880e-01 4.424129999999999896e+00 4.727000000000000091e-01
9.200000000000000000e+01 1.739999999999999880e-01 4.430679999999999730e+00 4.731600000000000250e-01
9.300000000000000000e+01 1.739999999999999880e-01 4.436689999999999579e+00 4.736500000000000155e-01
9.400000000000000000e+01 1.739999999999999880e-01 4.443550000000000111e+00 4.741099999999999759e-01
9.500000000000000000e+01 1.739999999999999880e-01 4.450940000000000119e+00 4.745500000000000274e-01
9.600000000000000000e+01 1.739999999999999880e-01 4.458669999999999689e+00 4.749300000000000188e-01
9.700000000000000000e+01 1.739999999999999880e-01 4.467909999999999826e+00 4.754599999999999937e-01
9.800000000000000000e+01 1.739999999999999880e-01 4.476630000000000109e+00 4.759399999999999742e-01
9.900000000000000000e+01 1.739999999999999880e-01 4.484919999999999796e+00 4.764100000000000001e-01
1.000000000000000000e+02 1.739999999999999880e-01 4.493439999999999657e+00 4.769399999999999751e-01
1.010000000000000000e+02 1.739999999999999880e-01 4.502830000000000332e+00 4.775499999999999745e-01
1.020000000000000000e+02 1.739999999999999880e-01 4.512940000000000396e+00 4.783200000000000229e-01
1.030000000000000000e+02 1.739999999999999880e-01 4.523579999999999934e+00 4.791500000000000203e-01
1.040000000000000000e+02 1.739999999999999880e-01 4.536190000000000389e+00 4.801699999999999857e-01
1.050000000000000000e+02 1.739999999999999880e-01 4.552529999999999966e+00 4.815800000000000081e-01
1.060000000000000000e+02 1.739999999999999880e-01 4.568810000000000038e+00 4.829399999999999804e-01
1.070000000000000000e+02 1.670000000000000095e-01 4.583980000000000388e+00 4.841500000000000248e-01
1.080000000000000000e+02 1.670000000000000095e-01 4.600080000000000169e+00 4.855999999999999761e-01
1.090000000000000000e+02 1.670000000000000095e-01 4.615450000000000053e+00 4.869800000000000240e-01
1.100000000000000000e+02 1.670000000000000095e-01 4.628650000000000375e+00 4.880900000000000238e-01
1.110000000000000000e+02 1.670000000000000095e-01 4.639569999999999972e+00 4.888700000000000268e-01
1.120000000000000000e+02 1.670000000000000095e-01 4.651030000000000442e+00 4.897400000000000087e-01
1.130000000000000000e+02 1.670000000000000095e-01 4.661629999999999718e+00 4.904999999999999916e-01
1.140000000000000000e+02 1.670000000000000095e-01 4.670620000000000438e+00 4.910499999999999865e-01
1.150000000000000000e+02 1.600000000000000033e-01 4.680380000000000429e+00 4.916900000000000159e-01
1.160000000000000000e+02 1.600000000000000033e-01 4.689829999999999721e+00 4.922900000000000054e-01
1.170000000000000000e+02 1.600000000000000033e-01 4.700140000000000207e+00 4.929899999999999838e-01
1.180000000000000000e+02 1.600000000000000033e-01 4.710429999999999673e+00 4.937000000000000277e-01
1.190000000000000000e+02 1.600000000000000033e-01 4.719940000000000246e+00 4.943500000000000116e-01
1.200000000000000000e+02 1.529999999999999971e-01 4.729359999999999786e+00 4.949799999999999756e-01
