1.000000000000000000e+00 1.809999999999999942e-01 6.039290000000000269e+00 3.321999999999999953e-01
2.000000000000000000e+00 1.739999999999999880e-01 3.447270000000000056e+00 3.669100000000000139e-01
3.000000000000000000e+00 1.739999999999999880e-01 3.447270000000000056e+00 3.669100000000000139e-01
4.000000000000000000e+00 1.739999999999999880e-01 3.262999999999999901e+00 4.312900000000000067e-01
5.000000000000000000e+00 1.739999999999999880e-01 3.262999999999999901e+00 4.312900000000000067e-01
6.000000000000000000e+00 1.880000000000000004e-01 3.110990000000000144e+00 4.467200000000000060e-01
7.000000000000000000e+00 1.670000000000000095e-01 2.564309999999999867e+00 4.889999999999999902e-01
8.000000000000000000e+00 1.670000000000000095e-01 2.564309999999999867e+00 4.889999999999999902e-01
9.000000000000000000e+00 1.670000000000000095e-01 2.564309999999999867e+00 4.889999999999999902e-01
1.000000000000000000e+01 1.670000000000000095e-01 2.564309999999999867e+00 4.889999999999999902e-01
1.100000000000000000e+01 1.670000000000000095e-01 2.564309999999999867e+00 4.889999999999999902e-01
1.200000000000000000e+01 1.459999999999999909e-01 2.419979999999999798e+00 6.132400000000000073e-01
1.300000000000000000e+01 1.459999999999999909e-01 2.419979999999999798e+00 6.132400000000000073e-01
1.400000000000000000e+01 1.459999999999999909e-01 2.419979999999999798e+00 6.132400000000000073e-01
1.500000000000000000e+01 1.529999999999999971e-01 1.449640000000000040e+00 7.624400000000000066e-01
1.600000000000000000e+01 1.529999999999999971e-01 1.449640000000000040e+00 7.624400000000000066e-01
1.700000000000000000e+01 1.529999999999999971e-01 1.449640000000000040e+00 7.624400000000000066e-01
1.800000000000000000e+01 1.529999999999999971e-01 1.449640000000000040e+00 7.624400000000000066e-01
1.900000000000000000e+01 1.529999999999999971e-01 1.449640000000000040e+00 7.624400000000000066e-01
2.000000000000000000e+01 1.529999999999999971e-01 1.449640000000000040e+00 7.624400000000000066e-01
2.100000000000000000e+01 1.529999999999999971e-01 1.449640000000000040e+00 7.624400000000000066e-01
2.200000000000000000e+01 1.529999999999999971e-01 1.449640000000000040e+00 7.624400000000000066e-01
2.300000000000000000e+01 1.529999999999999971e-01 1.449640000000000040e+00 7.624400000000000066e-01
2.400000000000000000e+01 1.529999999999999971e-01 1.449640000000000040e+00 7.624400000000000066e-01
2.500000000000000000e+01 1.529999999999999971e-01 1.449640000000000040e+00 7.624400000000000066e-01
2.600000000000000000e+01 1.529999999999999971e-01 1.449640000000000040e+00 7.624400000000000066e-01
2.700000000000000000e+01 1.529999999999999971e-01 1.449640000000000040e+00 7.624400000000000066e-01
2.800000000000000000e+01 1.529999999999999971e-01 1.449640000000000040e+00 7.624400000000000066e-01
2.900000000000000000e+01 1.529999999999999971e-01 1.449640000000000040e+00 7.624400000000000066e-01
3.000000000000000000e+01 1.529999999999999971e-01 1.449640000000000040e+00 7.624400000000000066e-01
3.100000000000000000e+01 1.529999999999999971e-01 1.449640000000000040e+00 7.624400000000000066e-01
3.200000000000000000e+01 1.880000000000000004e-01 3.110990000000000144e+00 4.467200000000000060e-01
3.300000000000000000e+01 1.880000000000000004e-01 3.110990000000000144e+00 4.467200000000000060e-01
3.400000000000000000e+01 1.880000000000000004e-01 3.110990000000000144e+00 4.467200000000000060e-01
3.500000000000000000e+01 1.880000000000000004e-01 3.110990000000000144e+00 4.467200000000000060e-01
3.600000000000000000e+01 1.880000000000000004e-01 3.110990000000000144e+00 4.467200000000000060e-01
3.700000000000000000e+01 1.880000000000000004e-01 3.110990000000000144e+00 4.467200000000000060e-01
3.800000000000000000e+01 1.880000000000000004e-01 3.110990000000000144e+00 4.467200000000000060e-01
3.900000000000000000e+01 1.880000000000000004e-01 3.110990000000000144e+00 4.467200000000000060e-01
4.000000000000000000e+01 1.880000000000000004e-01 3.110990000000000144e+00 4.467200000000000060e-01
4.100000000000000000e+01 1.880000000000000004e-01 3.110990000000000144e+00 4.467200000000000060e-01
4.200000000000000000e+01 1.880000000000000004e-01 3.110990000000000144e+00 4.467200000000000060e-01
4.300000000000000000e+01 1.880000000000000004e-01 3.110990000000000144e+00 4.467200000000000060e-01
4.400000000000000000e+01 1.880000000000000004e-01 3.110990000000000144e+00 4.467200000000000060e-01
4.500000000000000000e+01 1.880000000000000004e-01 3.110990000000000144e+00 4.467200000000000060e-01
4.600000000000000000e+01 1.880000000000000004e-01 3.110990000000000144e+00 4.467200000000000060e-01
4.700000000000000000e+01 1.880000000000000004e-01 3.110990000000000144e+00 4.467200000000000060e-01
4.800000000000000000e+01 1.880000000000000004e-01 3.110990000000000144e+00 4.467200000000000060e-01
4.900000000000000000e+01 1.880000000000000004e-01 3.110990000000000144e+00 4.467200000000000060e-01
5.000000000000000000e+01 1.880000000000000004e-01 3.110990000000000144e+00 4.467200000000000060e-01
5.100000000000000000e+01 1.880000000000000004e-01 3.110990000000000144e+00 4.467200000000000060e-01
5.200000000000000000e+01 1.880000000000000004e-01 3.110990000000000144e+00 4.467200000000000060e-01
5.300000000000000000e+01 1.880000000000000004e-01 3.110990000000000144e+00 4.467200000000000060e-01
5.400000000000000000e+01 1.880000000000000004e-01 3.110990000000000144e+00 4.467200000000000060e-01
5.500000000000000000e+01 1.880000000000000004e-01 3.110990000000000144e+00 4.467200000000000060e-01
5.600000000000000000e+01 1.880000000000000004e-01 3.110990000000000144e+00 4.467200000000000060e-01
5.700000000000000000e+01 1.880000000000000004e-01 3.110990000000000144e+00 4.467200000000000060e-01
5.800000000000000000e+01 1.739999999999999880e-01 2.695460000000000189e+00 4.199600000000000000e-01
5.900000000000000000e+01 1.739999999999999880e-01 2.695460000000000189e+00 4.199600000000000000e-01
6.000000000000000000e+01 1.739999999999999880e-01 2.695460000000000189e+00 4.199600000000000000e-01
6.100000000000000000e+01 1.739999999999999880e-01 2.695460000000000189e+00 4.199600000000000000e-01
6.200000000000000000e+01 1.739999999999999880e-01 2.695460000000000189e+00 4.199600000000000000e-01
6.300000000000000000e+01 1.739999999999999880e-01 2.695460000000000189e+00 4.199600000000000000e-01
6.400000000000000000e+01 1.739999999999999880e-01 2.695460000000000189e+00 4.199600000000000000e-01
6.500000000000000000e+01 1.739999999999999880e-01 2.695460000000000189e+00 4.199600000000000000e-01
6.600000000000000000e+01 1.739999999999999880e-01 2.695460000000000189e+00 4.199600000000000000e-01
6.700000000000000000e+01 1.739999999999999880e-01 2.695460000000000189e+00 4.199600000000000000e-01
6.800000000000000000e+01 1.739999999999999880e-01 2.695460000000000189e+00 4.199600000000000000e-01
6.900000000000000000e+01 1.739999999999999880e-01 2.695460000000000189e+00 4.199600000000000000e-01
7.000000000000000000e+01 1.739999999999999880e-01 2.695460000000000189e+00 4.199600000000000000e-01
7.100000000000000000e+01 1.739999999999999880e-01 2.695460000000000189e+00 4.199600000000000000e-01
7.200000000000000000e+01 1.739999999999999880e-01 2.695460000000000189e+00 4.199600000000000000e-01
7.300000000000000000e+01 1.739999999999999880e-01 2.695460000000000189e+00 4.199600000000000000e-01
7.400000000000000000e+01 1.739999999999999880e-01 2.695460000000000189e+00 4.199600000000000000e-01
7.500000000000000000e+01 1.739999999999999880e-01 2.695460000000000189e+00 4.199600000000000000e-01
7.600000000000000000e+01 1.739999999999999880e-01 2.695460000000000189e+00 4.199600000000000000e-01
7.700000000000000000e+01 1.739999999999999880e-01 2.695460000000000189e+00 4.199600000000000000e-01
7.800000000000000000e+01 1.739999999999999880e-01 2.695460000000000189e+00 4.199600000000000000e-01
7.900000000000000000e+01 1.739999999999999880e-01 2.695460000000000189e+00 4.199600000000000000e-01
8.000000000000000000e+01 1.739999999999999880e-01 2.695460000000000189e+00 4.199600000000000000e-01
8.100000000000000000e+01 1.739999999999999880e-01 2.695460000000000189e+00 4.199600000000000000e-01
8.200000000000000000e+01 1.739999999999999880e-01 2.695460000000000189e+00 4.199600000000000000e-01
8.300000000000000000e+01 1.739999999999999880e-01 2.695460000000000189e+00 4.199600000000000000e-01
8.400000000000000000e+01 1.739999999999999880e-01 2.695460000000000189e+00 4.199600000000000000e-01
8.500000000000000000e+01 1.739999999999999880e-01 2.695460000000000189e+00 4.199600000000000000e-01
8.600000000000000000e+01 1.739999999999999880e-01 2.695460000000000189e+00 4.199600000000000000e-01
8.700000000000000000e+01 1.739999999999999880e-01 2.695460000000000189e+00 4.199600000000000000e-01
8.800000000000000000e+01 1.739999999999999880e-01 2.695460000000000189e+00 4.199600000000000000e-01
8.900000000000000000e+01 1.739999999999999880e-01 2.695460000000000189e+00 4.199600000000000000e-01
9.000000000000000000e+01 1.739999999999999880e-01 2.695460000000000189e+00 4.199600000000000000e-01
9.100000000000000000e+01 1.739999999999999880e-01 2.695460000000000189e+00 4.199600000000000000e-01
9.200000000000000000e+01 1.739999999999999880e-01 2.695460000000000189e+00 4.199600000000000000e-01
9.300000000000000000e+01 1.739999999999999880e-01 2.695460000000000189e+00 4.199600000000000000e-01
9.400000000000000000e+01 1.739999999999999880e-01 2.695460000000000189e+00 4.199600000000000000e-01
9.500000000000000000e+01 1.739999999999999880e-01 2.695460000000000189e+00 4.199600000000000000e-01
9.600000000000000000e+01 1.739999999999999880e-01 2.695460000000000189e+00 4.199600000000000000e-01
9.700000000000000000e+01 1.739999999999999880e-01 2.695460000000000189e+00 4.199600000000000000e-01
9.800000000000000000e+01 1.739999999999999880e-01 2.695460000000000189e+00 4.199600000000000000e-01
9.900000000000000000e+01 1.739999999999999880e-01 2.695460000000000189e+00 4.199600000000000000e-01
1.000000000000000000e+02 1.739999999999999880e-01 2.695460000000000189e+00 4.199600000000000000e-01
1.010000000000000000e+02 1.739999999999999880e-01 2.695460000000000189e+00 4.199600000000000000e-01
1.020000000000000000e+02 1.529999999999999971e-01 1.484760000000000080e+00 8.113099999999999756e-01
1.030000000000000000e+02 1.529999999999999971e-01 1.484760000000000080e+00 8.113099999999999756e-01
1.040000000000000000e+02 1.529999999999999971e-01 1.484760000000000080e+00 8.113099999999999756e-01
1.050000000000000000e+02 1.459999999999999909e-01 2.419979999999999798e+00 6.132400000000000073e-01
1.060000000000000000e+02 1.459999999999999909e-01 2.419979999999999798e+00 6.132400000000000073e-01
1.070000000000000000e+02 1.459999999999999909e-01 2.419979999999999798e+00 6.132400000000000073e-01
1.080000000000000000e+02 1.459999999999999909e-01 2.419979999999999798e+00 6.132400000000000073e-01
1.090000000000000000e+02 1.459999999999999909e-01 2.419979999999999798e+00 6.132400000000000073e-01
1.100000000000000000e+02 1.459999999999999909e-01 2.419979999999999798e+00 6.132400000000000073e-01
1.110000000000000000e+02 1.459999999999999909e-01 2.419979999999999798e+00 6.132400000000000073e-01
1.120000000000000000e+02 1.459999999999999909e-01 2.419979999999999798e+00 6.132400000000000073e-01
1.130000000000000000e+02 1.459999999999999909e-01 2.419979999999999798e+00 6.132400000000000073e-01
1.140000000000000000e+02 1.459999999999999909e-01 2.419979999999999798e+00 6.132400000000000073e-01
1.150000000000000000e+02 1.459999999999999909e-01 2.419979999999999798e+00 6.132400000000000073e-01
1.160000000000000000e+02 1.459999999999999909e-01 2.419979999999999798e+00 6.132400000000000073e-01
1.170000000000000000e+02 1.459999999999999909e-01 2.419979999999999798e+00 6.132400000000000073e-01
1.180000000000000000e+02 1.459999999999999909e-01 2.419979999999999798e+00 6.132400000000000073e-01
1.190000000000000000e+02 1.459999999999999909e-01 2.419979999999999798e+00 6.132400000000000073e-01
1.200000000000000000e+02 1.459999999999999909e-01 2.419979999999999798e+00 6.132400000000000073e-01
