1.000000000000000000e+00 1.739999999999999880e-01 5.272540000000000227e+00 1.108299999999999980e-01
2.000000000000000000e+00 1.670000000000000095e-01 4.802570000000000228e+00 2.507699999999999929e-01
3.000000000000000000e+00 1.739999999999999880e-01 4.674199999999999910e+00 2.657800000000000162e-01
4.000000000000000000e+00 1.739999999999999880e-01 5.084740000000000038e+00 2.953299999999999814e-01
5.000000000000000000e+00 1.670000000000000095e-01 5.174959999999999560e+00 3.437999999999999945e-01
6.000000000000000000e+00 1.670000000000000095e-01 5.581719999999999793e+00 3.613100000000000200e-01
7.000000000000000000e+00 1.670000000000000095e-01 5.750140000000000029e+00 3.678500000000000103e-01
8.000000000000000000e+00 1.600000000000000033e-01 5.462200000000000166e+00 3.415900000000000047e-01
9.000000000000000000e+00 1.600000000000000033e-01 5.350679999999999659e+00 3.358599999999999919e-01
1.000000000000000000e+01 1.600000000000000033e-01 5.241340000000000110e+00 3.317899999999999738e-01
1.100000000000000000e+01 1.529999999999999971e-01 5.105629999999999669e+00 3.292999999999999816e-01
1.200000000000000000e+01 1.670000000000000095e-01 4.265909999999999869e+00 4.804200000000000137e-01
1.300000000000000000e+01 1.670000000000000095e-01 4.185260000000000424e+00 4.853000000000000091e-01
1.400000000000000000e+01 1.600000000000000033e-01 4.184169999999999945e+00 4.845900000000000207e-01
1.500000000000000000e+01 1.179999999999999938e-01 3.127400000000000180e+00 7.809399999999999675e-01
1.600000000000000000e+01 1.250000000000000000e-01 3.075289999999999857e+00 7.773999999999999799e-01
1.700000000000000000e+01 1.179999999999999938e-01 3.039750000000000174e+00 7.743299999999999628e-01
1.800000000000000000e+01 1.179999999999999938e-01 3.016300000000000203e+00 7.717699999999999561e-01
1.900000000000000000e+01 1.179999999999999938e-01 3.002759999999999874e+00 7.694999999999999618e-01
2.000000000000000000e+01 1.179999999999999938e-01 2.989970000000000017e+00 7.673400000000000221e-01
2.100000000000000000e+01 1.179999999999999938e-01 2.970270000000000188e+00 7.640599999999999614e-01
2.200000000000000000e+01 1.179999999999999938e-01 2.946260000000000101e+00 7.613499999999999712e-01
2.300000000000000000e+01 1.179999999999999938e-01 2.928560000000000052e+00 7.584699999999999775e-01
2.400000000000000000e+01 1.179999999999999938e-01 2.916599999999999859e+00 7.561200000000000143e-01
2.500000000000000000e+01 1.179999999999999938e-01 2.906309999999999949e+00 7.539299999999999891e-01
2.600000000000000000e+01 1.179999999999999938e-01 2.895739999999999981e+00 7.511799999999999589e-01
2.700000000000000000e+01 1.179999999999999938e-01 2.883750000000000036e+00 7.482799999999999452e-01
2.800000000000000000e+01 1.179999999999999938e-01 2.863199999999999967e+00 7.449599999999999556e-01
2.900000000000000000e+01 1.179999999999999938e-01 2.839100000000000179e+00 7.405899999999999705e-01
3.000000000000000000e+01 1.179999999999999938e-01 2.818979999999999819e+00 7.357500000000000151e-01
3.100000000000000000e+01 1.179999999999999938e-01 2.805289999999999839e+00 7.315599999999999881e-01
3.200000000000000000e+01 1.809999999999999942e-01 6.206660000000000288e+00 5.746099999999999541e-01
3.300000000000000000e+01 1.809999999999999942e-01 6.191449999999999676e+00 5.719300000000000495e-01
3.400000000000000000e+01 1.809999999999999942e-01 6.173650000000000304e+00 5.689300000000000468e-01
3.500000000000000000e+01 1.809999999999999942e-01 6.152899999999999814e+00 5.654900000000000482e-01
3.600000000000000000e+01 1.809999999999999942e-01 6.129349999999999632e+00 5.617799999999999461e-01
3.700000000000000000e+01 1.809999999999999942e-01 6.103919999999999568e+00 5.576799999999999535e-01
3.800000000000000000e+01 1.809999999999999942e-01 6.076030000000000264e+00 5.534499999999999975e-01
3.900000000000000000e+01 1.809999999999999942e-01 6.048129999999999562e+00 5.495299999999999629e-01
4.000000000000000000e+01 1.809999999999999942e-01 6.023509999999999920e+00 5.457999999999999519e-01
4.100000000000000000e+01 1.809999999999999942e-01 6.001710000000000100e+00 5.420700000000000518e-01
4.200000000000000000e+01 1.809999999999999942e-01 5.977159999999999584e+00 5.381799999999999917e-01
4.300000000000000000e+01 1.809999999999999942e-01 5.954379999999999562e+00 5.343700000000000117e-01
4.400000000000000000e+01 1.809999999999999942e-01 5.930909999999999904e+00 5.305900000000000061e-01
4.500000000000000000e+01 1.809999999999999942e-01 5.907259999999999955e+00 5.267699999999999605e-01
4.600000000000000000e+01 1.809999999999999942e-01 5.886820000000000164e+00 5.231200000000000294e-01
4.700000000000000000e+01 1.809999999999999942e-01 5.867630000000000123e+00 5.193499999999999783e-01
4.800000000000000000e+01 1.809999999999999942e-01 5.851200000000000401e+00 5.158099999999999907e-01
4.900000000000000000e+01 1.809999999999999942e-01 5.836949999999999861e+00 5.124900000000000011e-01
5.000000000000000000e+01 1.809999999999999942e-01 5.820490000000000386e+00 5.090799999999999770e-01
5.100000000000000000e+01 1.809999999999999942e-01 5.804210000000000313e+00 5.057199999999999473e-01
5.200000000000000000e+01 1.809999999999999942e-01 5.786509999999999820e+00 5.023800000000000487e-01
5.300000000000000000e+01 1.809999999999999942e-01 5.768709999999999560e+00 4.991099999999999981e-01
5.400000000000000000e+01 1.809999999999999942e-01 5.752530000000000143e+00 4.958199999999999830e-01
5.500000000000000000e+01 1.809999999999999942e-01 5.736439999999999984e+00 4.925800000000000178e-01
5.600000000000000000e+01 1.809999999999999942e-01 5.720439999999999969e+00 4.893500000000000072e-01
5.700000000000000000e+01 1.809999999999999942e-01 5.704329999999999679e+00 4.862299999999999955e-01
5.800000000000000000e+01 1.809999999999999942e-01 5.687310000000000088e+00 4.832000000000000184e-01
5.900000000000000000e+01 1.809999999999999942e-01 5.674210000000000420e+00 4.801900000000000057e-01
6.000000000000000000e+01 1.809999999999999942e-01 5.665919999999999845e+00 4.771900000000000031e-01
6.100000000000000000e+01 1.809999999999999942e-01 5.659290000000000376e+00 4.741799999999999904e-01
6.200000000000000000e+01 1.809999999999999942e-01 5.654720000000000191e+00 4.711099999999999732e-01
6.300000000000000000e+01 1.809999999999999942e-01 5.648850000000000371e+00 4.682999999999999940e-01
6.400000000000000000e+01 1.739999999999999880e-01 5.641810000000000436e+00 4.656799999999999828e-01
6.500000000000000000e+01 1.739999999999999880e-01 5.633370000000000211e+00 4.630600000000000271e-01
6.600000000000000000e+01 1.739999999999999880e-01 5.624469999999999636e+00 4.604400000000000159e-01
6.700000000000000000e+01 1.670000000000000095e-01 5.613310000000000244e+00 4.578900000000000192e-01
6.800000000000000000e+01 1.670000000000000095e-01 5.600740000000000052e+00 4.554900000000000060e-01
6.900000000000000000e+01 1.670000000000000095e-01 5.586000000000000298e+00 4.530199999999999783e-01
7.000000000000000000e+01 1.670000000000000095e-01 5.571920000000000428e+00 4.505100000000000215e-01
7.100000000000000000e+01 1.670000000000000095e-01 5.558069999999999844e+00 4.479299999999999948e-01
7.200000000000000000e+01 1.739999999999999880e-01 5.543289999999999829e+00 4.452999999999999736e-01
7.300000000000000000e+01 1.739999999999999880e-01 5.526320000000000121e+00 4.427599999999999869e-01
7.400000000000000000e+01 1.739999999999999880e-01 5.508320000000000327e+00 4.403400000000000092e-01
7.500000000000000000e+01 1.739999999999999880e-01 5.489489999999999981e+00 4.380000000000000004e-01
7.600000000000000000e+01 1.739999999999999880e-01 5.470959999999999823e+00 4.356700000000000017e-01
7.700000000000000000e+01 1.739999999999999880e-01 5.451999999999999957e+00 4.334399999999999920e-01
7.800000000000000000e+01 1.739999999999999880e-01 5.433720000000000105e+00 4.311900000000000177e-01
7.900000000000000000e+01 1.739999999999999880e-01 5.414939999999999642e+00 4.289399999999999880e-01
8.000000000000000000e+01 1.739999999999999880e-01 5.397389999999999688e+00 4.267599999999999727e-01
8.100000000000000000e+01 1.670000000000000095e-01 5.381619999999999848e+00 4.246099999999999874e-01
8.200000000000000000e+01 1.670000000000000095e-01 5.365169999999999995e+00 4.224399999999999822e-01
8.300000000000000000e+01 1.670000000000000095e-01 5.347780000000000200e+00 4.202000000000000179e-01
8.400000000000000000e+01 1.670000000000000095e-01 5.331839999999999691e+00 4.179999999999999827e-01
8.500000000000000000e+01 1.670000000000000095e-01 5.316510000000000069e+00 4.158600000000000074e-01
8.600000000000000000e+01 1.670000000000000095e-01 5.301339999999999719e+00 4.137100000000000222e-01
8.700000000000000000e+01 1.670000000000000095e-01 5.287160000000000082e+00 4.116600000000000259e-01
8.800000000000000000e+01 1.670000000000000095e-01 5.272710000000000008e+00 4.096199999999999841e-01
8.900000000000000000e+01 1.670000000000000095e-01 5.259299999999999642e+00 4.076400000000000023e-01
9.000000000000000000e+01 1.670000000000000095e-01 5.247040000000000148e+00 4.058200000000000141e-01
9.100000000000000000e+01 1.670000000000000095e-01 5.236760000000000304e+00 4.040500000000000203e-01
9.200000000000000000e+01 1.670000000000000095e-01 5.225399999999999601e+00 4.022899999999999809e-01
9.300000000000000000e+01 1.670000000000000095e-01 5.216409999999999769e+00 4.003900000000000237e-01
9.400000000000000000e+01 1.670000000000000095e-01 5.208999999999999631e+00 3.984199999999999964e-01
9.500000000000000000e+01 1.670000000000000095e-01 5.199060000000000237e+00 3.966100000000000181e-01
9.600000000000000000e+01 1.670000000000000095e-01 5.191049999999999720e+00 3.946799999999999753e-01
9.700000000000000000e+01 1.739999999999999880e-01 5.182439999999999714e+00 3.925899999999999945e-01
9.800000000000000000e+01 1.739999999999999880e-01 5.174780000000000157e+00 3.904199999999999893e-01
9.900000000000000000e+01 1.739999999999999880e-01 5.169100000000000250e+00 3.881800000000000250e-01
1.000000000000000000e+02 1.739999999999999880e-01 5.163990000000000080e+00 3.858900000000000108e-01
1.010000000000000000e+02 1.739999999999999880e-01 5.157840000000000202e+00 3.833500000000000241e-01
1.020000000000000000e+02 1.739999999999999880e-01 5.153109999999999857e+00 3.806399999999999784e-01
1.030000000000000000e+02 1.739999999999999880e-01 5.147260000000000169e+00 3.779500000000000082e-01
1.040000000000000000e+02 1.739999999999999880e-01 5.144149999999999778e+00 3.754199999999999759e-01
1.050000000000000000e+02 1.739999999999999880e-01 5.160899999999999821e+00 4.407900000000000151e-01
1.060000000000000000e+02 1.739999999999999880e-01 5.164620000000000211e+00 4.407400000000000206e-01
1.070000000000000000e+02 1.739999999999999880e-01 5.168750000000000178e+00 4.407200000000000006e-01
1.080000000000000000e+02 1.739999999999999880e-01 5.173440000000000261e+00 4.406999999999999806e-01
1.090000000000000000e+02 1.670000000000000095e-01 5.178729999999999833e+00 4.406700000000000061e-01
1.100000000000000000e+02 1.670000000000000095e-01 5.184459999999999624e+00 4.406399999999999761e-01
1.110000000000000000e+02 1.670000000000000095e-01 5.190559999999999619e+00 4.406100000000000017e-01
1.120000000000000000e+02 1.670000000000000095e-01 5.196799999999999642e+00 4.406599999999999961e-01
1.130000000000000000e+02 1.670000000000000095e-01 5.203179999999999694e+00 4.407099999999999906e-01
1.140000000000000000e+02 1.670000000000000095e-01 5.209399999999999586e+00 4.407800000000000051e-01
1.150000000000000000e+02 1.670000000000000095e-01 5.214750000000000441e+00 4.408299999999999996e-01
1.160000000000000000e+02 1.670000000000000095e-01 5.220150000000000290e+00 4.408500000000000196e-01
1.170000000000000000e+02 1.670000000000000095e-01 5.225259999999999572e+00 4.408500000000000196e-01
1.180000000000000000e+02 1.670000000000000095e-01 5.229149999999999743e+00 4.407400000000000206e-01
1.190000000000000000e+02 1.670000000000000095e-01 5.232709999999999972e+00 4.405800000000000272e-01
1.200000000000000000e+02 1.670000000000000095e-01 5.236089999999999911e+00 4.404000000000000137e-01
