1.000000000000000000e+00 1.110000000000000014e-01 5.451579999999999870e+00 4.216799999999999993e-01
2.000000000000000000e+00 1.250000000000000000e-01 5.213000000000000078e+00 4.234399999999999831e-01
3.000000000000000000e+00 1.459999999999999909e-01 5.408780000000000143e+00 6.750699999999999479e-01
4.000000000000000000e+00 1.529999999999999971e-01 4.137360000000000149e+00 5.236800000000000344e-01
5.000000000000000000e+00 1.529999999999999971e-01 4.345259999999999678e+00 5.402799999999999825e-01
6.000000000000000000e+00 1.529999999999999971e-01 4.652429999999999843e+00 5.315900000000000070e-01
7.000000000000000000e+00 1.600000000000000033e-01 4.871249999999999858e+00 5.082400000000000251e-01
8.000000000000000000e+00 1.529999999999999971e-01 5.121929999999999872e+00 4.915200000000000125e-01
9.000000000000000000e+00 1.600000000000000033e-01 5.264260000000000161e+00 4.657700000000000173e-01
1.000000000000000000e+01 1.600000000000000033e-01 5.291120000000000267e+00 4.539000000000000257e-01
1.100000000000000000e+01 1.529999999999999971e-01 5.314639999999999809e+00 4.460399999999999920e-01
1.200000000000000000e+01 1.459999999999999909e-01 5.348489999999999966e+00 4.399700000000000277e-01
1.300000000000000000e+01 1.459999999999999909e-01 5.359549999999999592e+00 4.352300000000000058e-01
1.400000000000000000e+01 1.459999999999999909e-01 5.444379999999999775e+00 4.317699999999999871e-01
1.500000000000000000e+01 1.320000000000000062e-01 5.530230000000000423e+00 4.289999999999999925e-01
1.600000000000000000e+01 1.320000000000000062e-01 5.586249999999999716e+00 4.267199999999999882e-01
1.700000000000000000e+01 1.320000000000000062e-01 5.621059999999999945e+00 4.245999999999999774e-01
1.800000000000000000e+01 1.320000000000000062e-01 5.638519999999999754e+00 4.222799999999999887e-01
1.900000000000000000e+01 1.320000000000000062e-01 5.620840000000000281e+00 4.199300000000000255e-01
2.000000000000000000e+01 1.320000000000000062e-01 5.600939999999999586e+00 4.184300000000000241e-01
2.100000000000000000e+01 1.320000000000000062e-01 5.594450000000000145e+00 4.168100000000000138e-01
2.200000000000000000e+01 1.320000000000000062e-01 5.630209999999999937e+00 4.166300000000000003e-01
2.300000000000000000e+01 1.670000000000000095e-01 7.764490000000000336e+00 5.382700000000000262e-01
2.400000000000000000e+01 1.670000000000000095e-01 7.789139999999999731e+00 5.346899999999999986e-01
2.500000000000000000e+01 1.670000000000000095e-01 7.786380000000000301e+00 5.308300000000000241e-01
2.600000000000000000e+01 1.670000000000000095e-01 7.791089999999999627e+00 5.265100000000000335e-01
2.700000000000000000e+01 1.670000000000000095e-01 7.836009999999999920e+00 5.257600000000000051e-01
2.800000000000000000e+01 1.670000000000000095e-01 7.892170000000000130e+00 5.256800000000000361e-01
2.900000000000000000e+01 1.670000000000000095e-01 7.940699999999999648e+00 5.262200000000000211e-01
3.000000000000000000e+01 1.670000000000000095e-01 7.990899999999999892e+00 5.275400000000000089e-01
3.100000000000000000e+01 1.670000000000000095e-01 8.043689999999999785e+00 5.299599999999999866e-01
3.200000000000000000e+01 1.670000000000000095e-01 8.104449999999999932e+00 5.337899999999999867e-01
3.300000000000000000e+01 1.320000000000000062e-01 6.069829999999999615e+00 4.087700000000000222e-01
3.400000000000000000e+01 1.320000000000000062e-01 6.081489999999999618e+00 4.080300000000000038e-01
3.500000000000000000e+01 1.320000000000000062e-01 6.089470000000000383e+00 4.072600000000000109e-01
3.600000000000000000e+01 1.320000000000000062e-01 6.092769999999999797e+00 4.062500000000000000e-01
3.700000000000000000e+01 1.320000000000000062e-01 6.091949999999999754e+00 4.049699999999999966e-01
3.800000000000000000e+01 1.320000000000000062e-01 6.087080000000000268e+00 4.034800000000000053e-01
3.900000000000000000e+01 1.320000000000000062e-01 6.083400000000000141e+00 4.022000000000000020e-01
4.000000000000000000e+01 1.320000000000000062e-01 6.076159999999999783e+00 4.009800000000000031e-01
4.100000000000000000e+01 1.320000000000000062e-01 6.069259999999999877e+00 3.997200000000000197e-01
4.200000000000000000e+01 1.320000000000000062e-01 6.061639999999999695e+00 3.985799999999999899e-01
4.300000000000000000e+01 1.320000000000000062e-01 6.058189999999999742e+00 3.975799999999999890e-01
4.400000000000000000e+01 1.320000000000000062e-01 6.057430000000000092e+00 3.966799999999999771e-01
4.500000000000000000e+01 1.320000000000000062e-01 6.059639999999999915e+00 3.959099999999999842e-01
4.600000000000000000e+01 1.320000000000000062e-01 6.059859999999999580e+00 3.951799999999999757e-01
4.700000000000000000e+01 1.320000000000000062e-01 6.058300000000000018e+00 3.943200000000000038e-01
4.800000000000000000e+01 1.320000000000000062e-01 6.058559999999999945e+00 3.934099999999999819e-01
4.900000000000000000e+01 1.320000000000000062e-01 6.056309999999999860e+00 3.924699999999999855e-01
5.000000000000000000e+01 1.320000000000000062e-01 6.052559999999999718e+00 3.914699999999999847e-01
5.100000000000000000e+01 1.320000000000000062e-01 6.052159999999999762e+00 3.905199999999999783e-01
5.200000000000000000e+01 1.320000000000000062e-01 6.053950000000000387e+00 3.896499999999999964e-01
5.300000000000000000e+01 1.320000000000000062e-01 6.057349999999999568e+00 3.889099999999999779e-01
5.400000000000000000e+01 1.320000000000000062e-01 6.060279999999999667e+00 3.881899999999999795e-01
5.500000000000000000e+01 1.320000000000000062e-01 6.062649999999999650e+00 3.875100000000000211e-01
5.600000000000000000e+01 1.320000000000000062e-01 6.064029999999999809e+00 3.868800000000000017e-01
5.700000000000000000e+01 1.320000000000000062e-01 6.064189999999999969e+00 3.862200000000000077e-01
5.800000000000000000e+01 1.320000000000000062e-01 6.065559999999999619e+00 3.855899999999999883e-01
5.900000000000000000e+01 1.320000000000000062e-01 6.067339999999999733e+00 3.850500000000000034e-01
6.000000000000000000e+01 1.320000000000000062e-01 6.067520000000000024e+00 3.844799999999999884e-01
6.100000000000000000e+01 1.320000000000000062e-01 6.068419999999999703e+00 3.839500000000000135e-01
6.200000000000000000e+01 1.320000000000000062e-01 6.068349999999999689e+00 3.833900000000000086e-01
6.300000000000000000e+01 1.320000000000000062e-01 6.067829999999999835e+00 3.828199999999999936e-01
6.400000000000000000e+01 1.320000000000000062e-01 6.067300000000000360e+00 3.821999999999999842e-01
6.500000000000000000e+01 1.320000000000000062e-01 6.067090000000000316e+00 3.815700000000000203e-01
6.600000000000000000e+01 1.320000000000000062e-01 6.067379999999999995e+00 3.809899999999999953e-01
6.700000000000000000e+01 1.320000000000000062e-01 6.069709999999999717e+00 3.804899999999999949e-01
6.800000000000000000e+01 1.320000000000000062e-01 6.070870000000000211e+00 3.800299999999999789e-01
6.900000000000000000e+01 1.320000000000000062e-01 6.071399999999999686e+00 3.795200000000000240e-01
7.000000000000000000e+01 1.320000000000000062e-01 6.071539999999999715e+00 3.789600000000000191e-01
7.100000000000000000e+01 1.320000000000000062e-01 6.069779999999999731e+00 3.783900000000000041e-01
7.200000000000000000e+01 1.320000000000000062e-01 6.066569999999999574e+00 3.778199999999999892e-01
7.300000000000000000e+01 1.320000000000000062e-01 6.062400000000000233e+00 3.772099999999999898e-01
7.400000000000000000e+01 1.320000000000000062e-01 6.058049999999999713e+00 3.765899999999999803e-01
7.500000000000000000e+01 1.320000000000000062e-01 6.054540000000000255e+00 3.759899999999999909e-01
7.600000000000000000e+01 1.320000000000000062e-01 6.050139999999999851e+00 3.754199999999999759e-01
7.700000000000000000e+01 1.320000000000000062e-01 6.046389999999999709e+00 3.748600000000000265e-01
7.800000000000000000e+01 1.320000000000000062e-01 6.043520000000000003e+00 3.742900000000000116e-01
7.900000000000000000e+01 1.320000000000000062e-01 6.041590000000000238e+00 3.737599999999999811e-01
8.000000000000000000e+01 1.320000000000000062e-01 6.040160000000000196e+00 3.732400000000000162e-01
8.100000000000000000e+01 1.320000000000000062e-01 6.038719999999999644e+00 3.727199999999999958e-01
8.200000000000000000e+01 1.320000000000000062e-01 6.038459999999999717e+00 3.721999999999999753e-01
8.300000000000000000e+01 1.320000000000000062e-01 6.038280000000000314e+00 3.717099999999999849e-01
8.400000000000000000e+01 1.320000000000000062e-01 6.038230000000000430e+00 3.712300000000000044e-01
8.500000000000000000e+01 1.320000000000000062e-01 6.038909999999999556e+00 3.707099999999999840e-01
8.600000000000000000e+01 1.320000000000000062e-01 6.040239999999999831e+00 3.701900000000000190e-01
8.700000000000000000e+01 1.320000000000000062e-01 6.042019999999999946e+00 3.696999999999999731e-01
8.800000000000000000e+01 1.320000000000000062e-01 6.043370000000000353e+00 3.692099999999999826e-01
8.900000000000000000e+01 1.320000000000000062e-01 6.043849999999999945e+00 3.687199999999999922e-01
9.000000000000000000e+01 1.320000000000000062e-01 6.043829999999999814e+00 3.682300000000000018e-01
9.100000000000000000e+01 1.320000000000000062e-01 6.043770000000000309e+00 3.677300000000000013e-01
9.200000000000000000e+01 1.320000000000000062e-01 6.044330000000000425e+00 3.672599999999999754e-01
9.300000000000000000e+01 1.320000000000000062e-01 6.045560000000000045e+00 3.668100000000000249e-01
9.400000000000000000e+01 1.320000000000000062e-01 6.047010000000000218e+00 3.663899999999999935e-01
9.500000000000000000e+01 1.320000000000000062e-01 6.049360000000000070e+00 3.659899999999999820e-01
9.600000000000000000e+01 1.320000000000000062e-01 6.050620000000000331e+00 3.656200000000000006e-01
9.700000000000000000e+01 1.320000000000000062e-01 6.051999999999999602e+00 3.652099999999999791e-01
9.800000000000000000e+01 1.320000000000000062e-01 6.052900000000000169e+00 3.647799999999999931e-01
9.900000000000000000e+01 1.320000000000000062e-01 6.053020000000000067e+00 3.643500000000000072e-01
1.000000000000000000e+02 1.320000000000000062e-01 6.053480000000000416e+00 3.639600000000000057e-01
1.010000000000000000e+02 1.320000000000000062e-01 6.054269999999999818e+00 3.635900000000000243e-01
1.020000000000000000e+02 1.320000000000000062e-01 6.054170000000000051e+00 3.632299999999999973e-01
1.030000000000000000e+02 1.320000000000000062e-01 6.054619999999999891e+00 3.628299999999999859e-01
1.040000000000000000e+02 1.320000000000000062e-01 6.055100000000000371e+00 3.624399999999999844e-01
1.050000000000000000e+02 1.320000000000000062e-01 6.054879999999999818e+00 3.620700000000000029e-01
1.060000000000000000e+02 1.320000000000000062e-01 6.054579999999999629e+00 3.616900000000000115e-01
1.070000000000000000e+02 1.320000000000000062e-01 6.055109999999999992e+00 3.612900000000000000e-01
1.080000000000000000e+02 1.320000000000000062e-01 6.054100000000000037e+00 3.609399999999999831e-01
1.090000000000000000e+02 1.320000000000000062e-01 6.051370000000000360e+00 3.605800000000000116e-01
1.100000000000000000e+02 1.320000000000000062e-01 6.049369999999999692e+00 3.602299999999999947e-01
1.110000000000000000e+02 1.320000000000000062e-01 6.048049999999999926e+00 3.598899999999999877e-01
1.120000000000000000e+02 1.320000000000000062e-01 6.047270000000000145e+00 3.595499999999999807e-01
1.130000000000000000e+02 1.320000000000000062e-01 6.046570000000000000e+00 3.592199999999999838e-01
1.140000000000000000e+02 1.320000000000000062e-01 6.046710000000000029e+00 3.588999999999999968e-01
1.150000000000000000e+02 1.320000000000000062e-01 6.047430000000000305e+00 3.585800000000000098e-01
1.160000000000000000e+02 1.320000000000000062e-01 6.049920000000000186e+00 3.582899999999999974e-01
1.170000000000000000e+02 1.320000000000000062e-01 6.052629999999999733e+00 3.580099999999999949e-01
1.180000000000000000e+02 1.320000000000000062e-01 6.055550000000000210e+00 3.577600000000000224e-01
1.190000000000000000e+02 1.320000000000000062e-01 6.058989999999999654e+00 3.574999999999999845e-01
1.200000000000000000e+02 1.320000000000000062e-01 6.063080000000000247e+00 3.572600000000000220e-01
