1.000000000000000000e+00 1.600000000000000033e-01 3.820759999999999934e+00 5.120099999999999651e-01
2.000000000000000000e+00 1.739999999999999880e-01 3.075180000000000025e+00 3.427600000000000091e-01
3.000000000000000000e+00 1.670000000000000095e-01 2.824390000000000178e+00 3.155200000000000227e-01
4.000000000000000000e+00 1.670000000000000095e-01 2.824390000000000178e+00 3.155200000000000227e-01
5.000000000000000000e+00 1.809999999999999942e-01 2.598259999999999792e+00 4.139399999999999746e-01
6.000000000000000000e+00 1.809999999999999942e-01 2.598259999999999792e+00 4.139399999999999746e-01
7.000000000000000000e+00 1.670000000000000095e-01 2.484570000000000167e+00 3.577799999999999869e-01
8.000000000000000000e+00 1.670000000000000095e-01 2.484570000000000167e+00 3.577799999999999869e-01
9.000000000000000000e+00 1.670000000000000095e-01 2.484570000000000167e+00 3.577799999999999869e-01
1.000000000000000000e+01 1.670000000000000095e-01 2.484570000000000167e+00 3.577799999999999869e-01
1.100000000000000000e+01 1.670000000000000095e-01 2.484570000000000167e+00 3.577799999999999869e-01
1.200000000000000000e+01 1.670000000000000095e-01 2.484570000000000167e+00 3.577799999999999869e-01
1.300000000000000000e+01 1.670000000000000095e-01 2.484570000000000167e+00 3.577799999999999869e-01
1.400000000000000000e+01 1.670000000000000095e-01 2.484570000000000167e+00 3.577799999999999869e-01
1.500000000000000000e+01 1.670000000000000095e-01 2.484570000000000167e+00 3.577799999999999869e-01
1.600000000000000000e+01 1.670000000000000095e-01 2.484570000000000167e+00 3.577799999999999869e-01
1.700000000000000000e+01 1.670000000000000095e-01 2.484570000000000167e+00 3.577799999999999869e-01
1.800000000000000000e+01 1.809999999999999942e-01 2.598259999999999792e+00 4.139399999999999746e-01
1.900000000000000000e+01 1.809999999999999942e-01 2.598259999999999792e+00 4.139399999999999746e-01
2.000000000000000000e+01 1.809999999999999942e-01 2.598259999999999792e+00 4.139399999999999746e-01
2.100000000000000000e+01 1.809999999999999942e-01 2.598259999999999792e+00 4.139399999999999746e-01
2.200000000000000000e+01 1.809999999999999942e-01 2.598259999999999792e+00 4.139399999999999746e-01
2.300000000000000000e+01 1.809999999999999942e-01 2.598259999999999792e+00 4.139399999999999746e-01
2.400000000000000000e+01 1.809999999999999942e-01 2.598259999999999792e+00 4.139399999999999746e-01
2.500000000000000000e+01 1.809999999999999942e-01 2.598259999999999792e+00 4.139399999999999746e-01
2.600000000000000000e+01 1.809999999999999942e-01 2.598259999999999792e+00 4.139399999999999746e-01
2.700000000000000000e+01 1.809999999999999942e-01 2.598259999999999792e+00 4.139399999999999746e-01
2.800000000000000000e+01 1.809999999999999942e-01 2.598259999999999792e+00 4.139399999999999746e-01
2.900000000000000000e+01 1.809999999999999942e-01 2.598259999999999792e+00 4.139399999999999746e-01
3.000000000000000000e+01 1.809999999999999942e-01 2.598259999999999792e+00 4.139399999999999746e-01
3.100000000000000000e+01 1.809999999999999942e-01 2.598259999999999792e+00 4.139399999999999746e-01
3.200000000000000000e+01 1.809999999999999942e-01 2.598259999999999792e+00 4.139399999999999746e-01
3.300000000000000000e+01 1.809999999999999942e-01 2.598259999999999792e+00 4.139399999999999746e-01
3.400000000000000000e+01 1.809999999999999942e-01 2.598259999999999792e+00 4.139399999999999746e-01
3.500000000000000000e+01 1.809999999999999942e-01 2.598259999999999792e+00 4.139399999999999746e-01
3.600000000000000000e+01 1.809999999999999942e-01 2.598259999999999792e+00 4.139399999999999746e-01
3.700000000000000000e+01 1.809999999999999942e-01 2.598259999999999792e+00 4.139399999999999746e-01
3.800000000000000000e+01 1.809999999999999942e-01 2.598259999999999792e+00 4.139399999999999746e-01
3.900000000000000000e+01 1.809999999999999942e-01 2.598259999999999792e+00 4.139399999999999746e-01
4.000000000000000000e+01 7.000000000000000146e-03 6.640000000000000346e-01 7.031399999999999872e-01
4.100000000000000000e+01 7.000000000000000146e-03 6.640000000000000346e-01 7.031399999999999872e-01
4.200000000000000000e+01 7.000000000000000146e-03 6.640000000000000346e-01 7.031399999999999872e-01
4.300000000000000000e+01 7.000000000000000146e-03 6.640000000000000346e-01 7.031399999999999872e-01
4.400000000000000000e+01 7.000000000000000146e-03 6.640000000000000346e-01 7.031399999999999872e-01
4.500000000000000000e+01 7.000000000000000146e-03 6.640000000000000346e-01 7.031399999999999872e-01
4.600000000000000000e+01 7.000000000000000146e-03 6.640000000000000346e-01 7.031399999999999872e-01
4.700000000000000000e+01 7.000000000000000146e-03 6.640000000000000346e-01 7.031399999999999872e-01
4.800000000000000000e+01 7.000000000000000146e-03 6.640000000000000346e-01 7.031399999999999872e-01
4.900000000000000000e+01 7.000000000000000146e-03 6.640000000000000346e-01 7.031399999999999872e-01
5.000000000000000000e+01 7.000000000000000146e-03 6.640000000000000346e-01 7.031399999999999872e-01
5.100000000000000000e+01 7.000000000000000146e-03 6.640000000000000346e-01 7.031399999999999872e-01
5.200000000000000000e+01 7.000000000000000146e-03 6.640000000000000346e-01 7.031399999999999872e-01
5.300000000000000000e+01 7.000000000000000146e-03 6.640000000000000346e-01 7.031399999999999872e-01
5.400000000000000000e+01 7.000000000000000146e-03 6.640000000000000346e-01 7.031399999999999872e-01
5.500000000000000000e+01 7.000000000000000146e-03 6.640000000000000346e-01 7.031399999999999872e-01
5.600000000000000000e+01 7.000000000000000146e-03 6.640000000000000346e-01 7.031399999999999872e-01
5.700000000000000000e+01 7.000000000000000146e-03 6.640000000000000346e-01 7.031399999999999872e-01
5.800000000000000000e+01 7.000000000000000146e-03 6.640000000000000346e-01 7.031399999999999872e-01
5.900000000000000000e+01 7.000000000000000146e-03 6.640000000000000346e-01 7.031399999999999872e-01
6.000000000000000000e+01 7.000000000000000146e-03 6.640000000000000346e-01 7.031399999999999872e-01
6.100000000000000000e+01 7.000000000000000146e-03 6.640000000000000346e-01 7.031399999999999872e-01
6.200000000000000000e+01 7.000000000000000146e-03 6.640000000000000346e-01 7.031399999999999872e-01
6.300000000000000000e+01 7.000000000000000146e-03 6.640000000000000346e-01 7.031399999999999872e-01
6.400000000000000000e+01 7.000000000000000146e-03 6.640000000000000346e-01 7.031399999999999872e-01
6.500000000000000000e+01 7.000000000000000146e-03 6.640000000000000346e-01 7.031399999999999872e-01
6.600000000000000000e+01 7.000000000000000146e-03 6.640000000000000346e-01 7.031399999999999872e-01
6.700000000000000000e+01 7.000000000000000146e-03 6.640000000000000346e-01 7.031399999999999872e-01
6.800000000000000000e+01 7.000000000000000146e-03 6.640000000000000346e-01 7.031399999999999872e-01
6.900000000000000000e+01 7.000000000000000146e-03 6.640000000000000346e-01 7.031399999999999872e-01
7.000000000000000000e+01 7.000000000000000146e-03 6.640000000000000346e-01 7.031399999999999872e-01
7.100000000000000000e+01 7.000000000000000146e-03 6.640000000000000346e-01 7.031399999999999872e-01
7.200000000000000000e+01 7.000000000000000146e-03 6.640000000000000346e-01 7.031399999999999872e-01
7.300000000000000000e+01 7.000000000000000146e-03 6.640000000000000346e-01 7.031399999999999872e-01
7.400000000000000000e+01 3.500000000000000333e-02 8.120300000000000296e-01 8.157799999999999496e-01
7.500000000000000000e+01 3.500000000000000333e-02 8.120300000000000296e-01 8.157799999999999496e-01
7.600000000000000000e+01 3.500000000000000333e-02 8.120300000000000296e-01 8.157799999999999496e-01
7.700000000000000000e+01 3.500000000000000333e-02 8.120300000000000296e-01 8.157799999999999496e-01
7.800000000000000000e+01 3.500000000000000333e-02 8.120300000000000296e-01 8.157799999999999496e-01
7.900000000000000000e+01 3.500000000000000333e-02 8.120300000000000296e-01 8.157799999999999496e-01
8.000000000000000000e+01 3.500000000000000333e-02 8.120300000000000296e-01 8.157799999999999496e-01
8.100000000000000000e+01 3.500000000000000333e-02 8.120300000000000296e-01 8.157799999999999496e-01
8.200000000000000000e+01 3.500000000000000333e-02 8.120300000000000296e-01 8.157799999999999496e-01
8.300000000000000000e+01 3.500000000000000333e-02 8.120300000000000296e-01 8.157799999999999496e-01
8.400000000000000000e+01 3.500000000000000333e-02 8.120300000000000296e-01 8.157799999999999496e-01
8.500000000000000000e+01 7.000000000000000146e-03 6.640000000000000346e-01 7.031399999999999872e-01
8.600000000000000000e+01 7.000000000000000146e-03 6.640000000000000346e-01 7.031399999999999872e-01
8.700000000000000000e+01 7.000000000000000146e-03 6.640000000000000346e-01 7.031399999999999872e-01
8.800000000000000000e+01 7.000000000000000146e-03 6.640000000000000346e-01 7.031399999999999872e-01
8.900000000000000000e+01 7.000000000000000146e-03 6.640000000000000346e-01 7.031399999999999872e-01
9.000000000000000000e+01 7.000000000000000146e-03 6.640000000000000346e-01 7.031399999999999872e-01
9.100000000000000000e+01 7.000000000000000146e-03 6.640000000000000346e-01 7.031399999999999872e-01
9.200000000000000000e+01 3.500000000000000333e-02 8.120300000000000296e-01 8.157799999999999496e-01
9.300000000000000000e+01 3.500000000000000333e-02 8.120300000000000296e-01 8.157799999999999496e-01
9.400000000000000000e+01 3.500000000000000333e-02 8.120300000000000296e-01 8.157799999999999496e-01
9.500000000000000000e+01 3.500000000000000333e-02 8.120300000000000296e-01 8.157799999999999496e-01
9.600000000000000000e+01 3.500000000000000333e-02 8.120300000000000296e-01 8.157799999999999496e-01
9.700000000000000000e+01 3.500000000000000333e-02 8.120300000000000296e-01 8.157799999999999496e-01
9.800000000000000000e+01 3.500000000000000333e-02 8.120300000000000296e-01 8.157799999999999496e-01
9.900000000000000000e+01 3.500000000000000333e-02 8.120300000000000296e-01 8.157799999999999496e-01
1.000000000000000000e+02 3.500000000000000333e-02 8.120300000000000296e-01 8.157799999999999496e-01
1.010000000000000000e+02 3.500000000000000333e-02 8.120300000000000296e-01 8.157799999999999496e-01
1.020000000000000000e+02 3.500000000000000333e-02 8.120300000000000296e-01 8.157799999999999496e-01
1.030000000000000000e+02 3.500000000000000333e-02 8.120300000000000296e-01 8.157799999999999496e-01
1.040000000000000000e+02 3.500000000000000333e-02 8.120300000000000296e-01 8.157799999999999496e-01
1.050000000000000000e+02 3.500000000000000333e-02 8.120300000000000296e-01 8.157799999999999496e-01
1.060000000000000000e+02 3.500000000000000333e-02 8.120300000000000296e-01 8.157799999999999496e-01
1.070000000000000000e+02 3.500000000000000333e-02 8.120300000000000296e-01 8.157799999999999496e-01
1.080000000000000000e+02 3.500000000000000333e-02 8.120300000000000296e-01 8.157799999999999496e-01
1.090000000000000000e+02 3.500000000000000333e-02 8.120300000000000296e-01 8.157799999999999496e-01
1.100000000000000000e+02 3.500000000000000333e-02 8.120300000000000296e-01 8.157799999999999496e-01
1.110000000000000000e+02 3.500000000000000333e-02 8.120300000000000296e-01 8.157799999999999496e-01
1.120000000000000000e+02 3.500000000000000333e-02 8.120300000000000296e-01 8.157799999999999496e-01
1.130000000000000000e+02 3.500000000000000333e-02 8.120300000000000296e-01 8.157799999999999496e-01
1.140000000000000000e+02 3.500000000000000333e-02 8.120300000000000296e-01 8.157799999999999496e-01
1.150000000000000000e+02 3.500000000000000333e-02 8.120300000000000296e-01 8.157799999999999496e-01
1.160000000000000000e+02 3.500000000000000333e-02 8.120300000000000296e-01 8.157799999999999496e-01
1.170000000000000000e+02 3.500000000000000333e-02 8.120300000000000296e-01 8.157799999999999496e-01
1.180000000000000000e+02 3.500000000000000333e-02 8.120300000000000296e-01 8.157799999999999496e-01
1.190000000000000000e+02 3.500000000000000333e-02 8.120300000000000296e-01 8.157799999999999496e-01
1.200000000000000000e+02 3.500000000000000333e-02 8.120300000000000296e-01 8.157799999999999496e-01
