1.000000000000000000e+00 1.869999999999999996e-01 4.156270000000000131e+00 1.400700000000000001e-01
2.000000000000000000e+00 1.809999999999999942e-01 4.628049999999999997e+00 2.302500000000000102e-01
3.000000000000000000e+00 1.809999999999999942e-01 4.541240000000000165e+00 2.054499999999999937e-01
4.000000000000000000e+00 1.880000000000000004e-01 4.278369999999999784e+00 1.784100000000000130e-01
5.000000000000000000e+00 1.880000000000000004e-01 4.147890000000000299e+00 1.623600000000000043e-01
6.000000000000000000e+00 1.869999999999999996e-01 4.087040000000000006e+00 1.522300000000000042e-01
7.000000000000000000e+00 1.940000000000000058e-01 4.041210000000000413e+00 1.442599999999999993e-01
8.000000000000000000e+00 1.809999999999999942e-01 3.945489999999999942e+00 1.374199999999999866e-01
9.000000000000000000e+00 1.809999999999999942e-01 3.784330000000000194e+00 1.315000000000000058e-01
1.000000000000000000e+01 1.809999999999999942e-01 3.700509999999999966e+00 1.263700000000000101e-01
1.100000000000000000e+01 1.739999999999999880e-01 3.643240000000000034e+00 1.232100000000000001e-01
1.200000000000000000e+01 1.600000000000000033e-01 3.569150000000000045e+00 1.202700000000000019e-01
1.300000000000000000e+01 1.600000000000000033e-01 3.492910000000000181e+00 1.124900000000000067e-01
1.400000000000000000e+01 1.600000000000000033e-01 3.416150000000000020e+00 1.064800000000000052e-01
1.500000000000000000e+01 1.600000000000000033e-01 3.353200000000000180e+00 1.022099999999999953e-01
1.600000000000000000e+01 1.670000000000000095e-01 3.387610000000000010e+00 1.008000000000000007e-01
1.700000000000000000e+01 1.670000000000000095e-01 3.407659999999999911e+00 9.947999999999999898e-02
1.800000000000000000e+01 1.670000000000000095e-01 3.368749999999999911e+00 9.815999999999999726e-02
1.900000000000000000e+01 1.670000000000000095e-01 3.325590000000000046e+00 9.775999999999999968e-02
2.000000000000000000e+01 1.670000000000000095e-01 3.183739999999999792e+00 9.675999999999999879e-02
2.100000000000000000e+01 1.600000000000000033e-01 3.022110000000000074e+00 9.615999999999999548e-02
2.200000000000000000e+01 1.529999999999999971e-01 2.908290000000000042e+00 9.668000000000000205e-02
2.300000000000000000e+01 1.600000000000000033e-01 2.848529999999999784e+00 9.846000000000000585e-02
2.400000000000000000e+01 1.670000000000000095e-01 2.817390000000000061e+00 1.008099999999999968e-01
2.500000000000000000e+01 1.670000000000000095e-01 2.821800000000000086e+00 1.039400000000000046e-01
2.600000000000000000e+01 1.670000000000000095e-01 2.838839999999999808e+00 1.074299999999999977e-01
2.700000000000000000e+01 1.670000000000000095e-01 2.864209999999999923e+00 1.107800000000000035e-01
2.800000000000000000e+01 1.600000000000000033e-01 2.903119999999999923e+00 1.140199999999999964e-01
2.900000000000000000e+01 1.529999999999999971e-01 2.941050000000000164e+00 1.166999999999999982e-01
3.000000000000000000e+01 1.529999999999999971e-01 2.964620000000000033e+00 1.193099999999999994e-01
3.100000000000000000e+01 1.529999999999999971e-01 2.977770000000000028e+00 1.213400000000000034e-01
3.200000000000000000e+01 1.529999999999999971e-01 2.991080000000000183e+00 1.230200000000000043e-01
3.300000000000000000e+01 1.529999999999999971e-01 2.988329999999999931e+00 1.240499999999999936e-01
3.400000000000000000e+01 1.529999999999999971e-01 2.975319999999999965e+00 1.247899999999999981e-01
3.500000000000000000e+01 1.600000000000000033e-01 2.961860000000000159e+00 1.255300000000000027e-01
3.600000000000000000e+01 1.670000000000000095e-01 2.933609999999999829e+00 1.260600000000000054e-01
3.700000000000000000e+01 1.600000000000000033e-01 2.887630000000000141e+00 1.262000000000000066e-01
3.800000000000000000e+01 1.529999999999999971e-01 2.862330000000000041e+00 1.276599999999999957e-01
3.900000000000000000e+01 1.529999999999999971e-01 2.864549999999999930e+00 1.303700000000000137e-01
4.000000000000000000e+01 1.320000000000000062e-01 3.627159999999999940e+00 8.037499999999999645e-01
4.100000000000000000e+01 1.320000000000000062e-01 3.636670000000000069e+00 8.086299999999999599e-01
4.200000000000000000e+01 1.320000000000000062e-01 3.648270000000000124e+00 8.144900000000000473e-01
4.300000000000000000e+01 1.320000000000000062e-01 3.659990000000000077e+00 8.206099999999999506e-01
4.400000000000000000e+01 1.320000000000000062e-01 3.671660000000000146e+00 8.270899999999999919e-01
4.500000000000000000e+01 1.320000000000000062e-01 3.683159999999999989e+00 8.334799999999999986e-01
4.600000000000000000e+01 1.320000000000000062e-01 3.694630000000000081e+00 8.398400000000000309e-01
4.700000000000000000e+01 1.320000000000000062e-01 3.705919999999999881e+00 8.461999999999999522e-01
4.800000000000000000e+01 1.320000000000000062e-01 3.717089999999999783e+00 8.523899999999999810e-01
4.900000000000000000e+01 1.320000000000000062e-01 3.728250000000000064e+00 8.582699999999999774e-01
5.000000000000000000e+01 1.320000000000000062e-01 3.740610000000000213e+00 8.643100000000000227e-01
5.100000000000000000e+01 1.320000000000000062e-01 3.752429999999999932e+00 8.698200000000000376e-01
5.200000000000000000e+01 1.320000000000000062e-01 3.763790000000000191e+00 8.750700000000000145e-01
5.300000000000000000e+01 1.320000000000000062e-01 3.774369999999999781e+00 8.799500000000000099e-01
5.400000000000000000e+01 1.320000000000000062e-01 3.784250000000000114e+00 8.845399999999999929e-01
5.500000000000000000e+01 1.320000000000000062e-01 3.793439999999999923e+00 8.886800000000000255e-01
5.600000000000000000e+01 1.320000000000000062e-01 3.802130000000000010e+00 8.924299999999999455e-01
5.700000000000000000e+01 1.320000000000000062e-01 3.814309999999999867e+00 8.952299999999999702e-01
5.800000000000000000e+01 1.320000000000000062e-01 3.827929999999999833e+00 8.974199999999999955e-01
5.900000000000000000e+01 1.320000000000000062e-01 3.840959999999999930e+00 8.995199999999999863e-01
6.000000000000000000e+01 1.320000000000000062e-01 3.853289999999999882e+00 9.015499999999999625e-01
6.100000000000000000e+01 1.250000000000000000e-01 3.865110000000000046e+00 9.035100000000000353e-01
6.200000000000000000e+01 1.250000000000000000e-01 3.876020000000000021e+00 9.052999999999999936e-01
6.300000000000000000e+01 1.250000000000000000e-01 3.886600000000000055e+00 9.070899999999999519e-01
6.400000000000000000e+01 1.250000000000000000e-01 3.896729999999999805e+00 9.088399999999999812e-01
6.500000000000000000e+01 1.250000000000000000e-01 3.906509999999999927e+00 9.104799999999999560e-01
6.600000000000000000e+01 1.250000000000000000e-01 3.915900000000000158e+00 9.119199999999999529e-01
6.700000000000000000e+01 1.250000000000000000e-01 3.924900000000000055e+00 9.132000000000000117e-01
6.800000000000000000e+01 1.250000000000000000e-01 3.933520000000000127e+00 9.143099999999999561e-01
6.900000000000000000e+01 1.250000000000000000e-01 3.941650000000000098e+00 9.153000000000000025e-01
7.000000000000000000e+01 1.250000000000000000e-01 3.949759999999999938e+00 9.162299999999999889e-01
7.100000000000000000e+01 1.250000000000000000e-01 3.957399999999999807e+00 9.170199999999999463e-01
7.200000000000000000e+01 1.250000000000000000e-01 3.964739999999999931e+00 9.177100000000000257e-01
7.300000000000000000e+01 1.250000000000000000e-01 3.971709999999999852e+00 9.182799999999999851e-01
7.400000000000000000e+01 1.250000000000000000e-01 3.978029999999999955e+00 9.187400000000000011e-01
7.500000000000000000e+01 1.250000000000000000e-01 3.984280000000000044e+00 9.191300000000000026e-01
7.600000000000000000e+01 1.250000000000000000e-01 3.990439999999999987e+00 9.194299999999999695e-01
7.700000000000000000e+01 1.250000000000000000e-01 3.996560000000000112e+00 9.196499999999999675e-01
7.800000000000000000e+01 1.250000000000000000e-01 4.002550000000000274e+00 9.197300000000000475e-01
7.900000000000000000e+01 1.250000000000000000e-01 4.008460000000000356e+00 9.196900000000000075e-01
8.000000000000000000e+01 1.250000000000000000e-01 4.014319999999999666e+00 9.195100000000000495e-01
8.100000000000000000e+01 1.320000000000000062e-01 4.020369999999999777e+00 9.191399999999999570e-01
8.200000000000000000e+01 1.320000000000000062e-01 4.026250000000000107e+00 9.186499999999999666e-01
8.300000000000000000e+01 1.320000000000000062e-01 4.032189999999999941e+00 9.179800000000000182e-01
8.400000000000000000e+01 1.320000000000000062e-01 4.037899999999999601e+00 9.171899999999999498e-01
8.500000000000000000e+01 1.320000000000000062e-01 4.043400000000000105e+00 9.163200000000000234e-01
8.600000000000000000e+01 1.320000000000000062e-01 4.048779999999999824e+00 9.153299999999999770e-01
8.700000000000000000e+01 1.320000000000000062e-01 4.054149999999999920e+00 9.142500000000000071e-01
8.800000000000000000e+01 1.250000000000000000e-01 4.059239999999999959e+00 9.130599999999999827e-01
8.900000000000000000e+01 1.250000000000000000e-01 4.064199999999999591e+00 9.118199999999999639e-01
9.000000000000000000e+01 1.250000000000000000e-01 4.069110000000000227e+00 9.104700000000000015e-01
9.100000000000000000e+01 1.250000000000000000e-01 4.074089999999999989e+00 9.090000000000000302e-01
9.200000000000000000e+01 1.250000000000000000e-01 4.078829999999999956e+00 9.075100000000000389e-01
9.300000000000000000e+01 1.250000000000000000e-01 4.083420000000000272e+00 9.060200000000000475e-01
9.400000000000000000e+01 1.250000000000000000e-01 4.087769999999999904e+00 9.044200000000000017e-01
9.500000000000000000e+01 1.250000000000000000e-01 4.091949999999999754e+00 9.026600000000000179e-01
9.600000000000000000e+01 1.250000000000000000e-01 4.096029999999999838e+00 9.006800000000000361e-01
9.700000000000000000e+01 1.250000000000000000e-01 4.099899999999999878e+00 8.986600000000000144e-01
9.800000000000000000e+01 1.250000000000000000e-01 4.103790000000000049e+00 8.965300000000000491e-01
9.900000000000000000e+01 1.250000000000000000e-01 4.107479999999999798e+00 8.944199999999999928e-01
1.000000000000000000e+02 1.250000000000000000e-01 4.111100000000000421e+00 8.923100000000000476e-01
1.010000000000000000e+02 1.250000000000000000e-01 4.114620000000000388e+00 8.901900000000000368e-01
1.020000000000000000e+02 1.250000000000000000e-01 4.118109999999999715e+00 8.880400000000000515e-01
1.030000000000000000e+02 1.250000000000000000e-01 4.121599999999999930e+00 8.858800000000000008e-01
1.040000000000000000e+02 1.250000000000000000e-01 4.125049999999999883e+00 8.837000000000000410e-01
1.050000000000000000e+02 1.250000000000000000e-01 4.128470000000000084e+00 8.815300000000000358e-01
1.060000000000000000e+02 1.250000000000000000e-01 4.131809999999999761e+00 8.793299999999999450e-01
1.070000000000000000e+02 1.250000000000000000e-01 4.135150000000000325e+00 8.771600000000000508e-01
1.080000000000000000e+02 1.250000000000000000e-01 4.138499999999999623e+00 8.750700000000000145e-01
1.090000000000000000e+02 1.250000000000000000e-01 4.141639999999999766e+00 8.729500000000000037e-01
1.100000000000000000e+02 1.250000000000000000e-01 4.144849999999999923e+00 8.708799999999999875e-01
1.110000000000000000e+02 1.250000000000000000e-01 4.148170000000000357e+00 8.687500000000000222e-01
1.120000000000000000e+02 1.250000000000000000e-01 4.151340000000000252e+00 8.666199999999999459e-01
1.130000000000000000e+02 1.250000000000000000e-01 4.154499999999999638e+00 8.645699999999999497e-01
1.140000000000000000e+02 1.250000000000000000e-01 4.157530000000000392e+00 8.625300000000000189e-01
1.150000000000000000e+02 1.250000000000000000e-01 4.160449999999999982e+00 8.604800000000000226e-01
1.160000000000000000e+02 1.250000000000000000e-01 4.163199999999999790e+00 8.584100000000000064e-01
1.170000000000000000e+02 1.250000000000000000e-01 4.165840000000000209e+00 8.562699999999999756e-01
1.180000000000000000e+02 1.250000000000000000e-01 4.168219999999999814e+00 8.541100000000000358e-01
1.190000000000000000e+02 1.250000000000000000e-01 4.170429999999999637e+00 8.520400000000000196e-01
1.200000000000000000e+02 1.250000000000000000e-01 4.172410000000000174e+00 8.499900000000000233e-01
