1.000000000000000000e+00 2.800000000000000058e-02 1.826040000000000108e+00 3.009999999999999898e-01
2.000000000000000000e+00 3.500000000000000333e-02 2.292889999999999873e+00 3.372200000000000197e-01
3.000000000000000000e+00 3.500000000000000333e-02 2.132109999999999950e+00 2.936099999999999821e-01
4.000000000000000000e+00 2.800000000000000058e-02 2.057310000000000194e+00 2.956900000000000084e-01
5.000000000000000000e+00 2.800000000000000058e-02 1.934479999999999977e+00 2.867600000000000149e-01
6.000000000000000000e+00 2.100000000000000130e-02 1.785830000000000028e+00 2.868200000000000194e-01
7.000000000000000000e+00 2.100000000000000130e-02 1.719070000000000098e+00 2.911299999999999999e-01
8.000000000000000000e+00 1.400000000000000029e-02 1.462329999999999908e+00 2.993299999999999850e-01
9.000000000000000000e+00 1.400000000000000029e-02 1.220509999999999984e+00 3.030999999999999805e-01
1.000000000000000000e+01 1.400000000000000029e-02 1.022520000000000095e+00 3.124600000000000155e-01
1.100000000000000000e+01 1.400000000000000029e-02 9.326200000000000045e-01 3.158599999999999741e-01
1.200000000000000000e+01 1.400000000000000029e-02 8.226700000000000124e-01 3.135700000000000154e-01
1.300000000000000000e+01 1.400000000000000029e-02 6.505400000000000071e-01 3.365099999999999758e-01
1.400000000000000000e+01 1.400000000000000029e-02 5.828900000000000192e-01 3.451600000000000223e-01
1.500000000000000000e+01 1.400000000000000029e-02 5.564299999999999802e-01 3.436699999999999755e-01
1.600000000000000000e+01 1.400000000000000029e-02 5.379300000000000193e-01 3.420199999999999907e-01
1.700000000000000000e+01 1.400000000000000029e-02 5.318599999999999994e-01 3.397999999999999909e-01
1.800000000000000000e+01 1.400000000000000029e-02 5.369300000000000184e-01 3.371000000000000107e-01
1.900000000000000000e+01 1.400000000000000029e-02 5.410599999999999854e-01 3.341100000000000181e-01
2.000000000000000000e+01 1.400000000000000029e-02 5.442500000000000115e-01 3.313200000000000034e-01
2.100000000000000000e+01 1.400000000000000029e-02 5.446999999999999620e-01 3.304300000000000015e-01
2.200000000000000000e+01 1.400000000000000029e-02 5.420199999999999463e-01 3.310500000000000109e-01
2.300000000000000000e+01 1.400000000000000029e-02 5.390000000000000346e-01 3.321299999999999808e-01
2.400000000000000000e+01 1.400000000000000029e-02 5.390200000000000546e-01 3.327700000000000102e-01
2.500000000000000000e+01 1.400000000000000029e-02 5.429199999999999582e-01 3.325899999999999967e-01
2.600000000000000000e+01 1.400000000000000029e-02 5.516600000000000392e-01 3.309300000000000019e-01
2.700000000000000000e+01 1.400000000000000029e-02 5.610699999999999577e-01 3.292900000000000271e-01
2.800000000000000000e+01 1.400000000000000029e-02 5.615099999999999536e-01 3.303800000000000070e-01
2.900000000000000000e+01 1.400000000000000029e-02 5.617400000000000171e-01 3.317999999999999838e-01
3.000000000000000000e+01 1.400000000000000029e-02 5.649199999999999777e-01 3.331600000000000117e-01
3.100000000000000000e+01 1.400000000000000029e-02 5.657200000000000006e-01 3.348099999999999965e-01
3.200000000000000000e+01 1.400000000000000029e-02 5.678600000000000314e-01 3.360099999999999754e-01
3.300000000000000000e+01 1.400000000000000029e-02 5.703700000000000436e-01 3.370400000000000063e-01
3.400000000000000000e+01 1.400000000000000029e-02 5.737200000000000077e-01 3.377399999999999847e-01
3.500000000000000000e+01 1.400000000000000029e-02 5.768499999999999739e-01 3.388100000000000001e-01
3.600000000000000000e+01 1.400000000000000029e-02 5.815299999999999914e-01 3.395099999999999785e-01
3.700000000000000000e+01 1.400000000000000029e-02 5.865299999999999958e-01 3.402700000000000169e-01
3.800000000000000000e+01 1.400000000000000029e-02 5.893399999999999750e-01 3.410299999999999998e-01
3.900000000000000000e+01 1.400000000000000029e-02 5.930299999999999461e-01 3.416399999999999992e-01
4.000000000000000000e+01 1.400000000000000029e-02 5.983899999999999775e-01 3.421000000000000152e-01
4.100000000000000000e+01 1.400000000000000029e-02 6.028400000000000425e-01 3.429900000000000171e-01
4.200000000000000000e+01 1.400000000000000029e-02 6.057000000000000162e-01 3.439499999999999780e-01
4.300000000000000000e+01 1.400000000000000029e-02 6.072300000000000475e-01 3.449300000000000144e-01
4.400000000000000000e+01 1.400000000000000029e-02 6.076200000000000490e-01 3.459800000000000098e-01
4.500000000000000000e+01 1.400000000000000029e-02 6.077099999999999724e-01 3.471199999999999841e-01
4.600000000000000000e+01 1.400000000000000029e-02 6.085099999999999953e-01 3.482399999999999940e-01
4.700000000000000000e+01 1.400000000000000029e-02 6.084100000000000064e-01 3.494200000000000084e-01
4.800000000000000000e+01 1.400000000000000029e-02 6.096899999999999542e-01 3.504999999999999782e-01
4.900000000000000000e+01 1.400000000000000029e-02 6.106800000000000006e-01 3.515199999999999991e-01
5.000000000000000000e+01 1.400000000000000029e-02 6.112499999999999600e-01 3.524800000000000155e-01
5.100000000000000000e+01 1.400000000000000029e-02 6.118900000000000450e-01 3.534499999999999864e-01
5.200000000000000000e+01 1.400000000000000029e-02 6.122900000000000009e-01 3.545400000000000218e-01
5.300000000000000000e+01 1.400000000000000029e-02 6.118099999999999650e-01 3.557699999999999751e-01
5.400000000000000000e+01 1.400000000000000029e-02 6.106700000000000461e-01 3.570300000000000140e-01
5.500000000000000000e+01 1.400000000000000029e-02 6.101499999999999702e-01 3.583100000000000174e-01
5.600000000000000000e+01 1.400000000000000029e-02 6.105500000000000371e-01 3.594399999999999817e-01
5.700000000000000000e+01 1.400000000000000029e-02 6.106399999999999606e-01 3.604899999999999771e-01
5.800000000000000000e+01 1.400000000000000029e-02 6.102400000000000047e-01 3.615499999999999825e-01
5.900000000000000000e+01 1.400000000000000029e-02 6.098000000000000087e-01 3.625999999999999779e-01
6.000000000000000000e+01 1.400000000000000029e-02 6.095800000000000107e-01 3.635700000000000043e-01
6.100000000000000000e+01 1.400000000000000029e-02 6.097599999999999687e-01 3.645800000000000152e-01
6.200000000000000000e+01 1.400000000000000029e-02 6.097900000000000542e-01 3.655800000000000161e-01
6.300000000000000000e+01 1.400000000000000029e-02 6.097299999999999942e-01 3.666699999999999959e-01
6.400000000000000000e+01 1.400000000000000029e-02 6.106399999999999606e-01 3.677799999999999958e-01
6.500000000000000000e+01 7.000000000000000146e-03 6.115399999999999725e-01 3.688500000000000112e-01
6.600000000000000000e+01 7.000000000000000146e-03 6.121600000000000374e-01 3.698699999999999766e-01
6.700000000000000000e+01 7.000000000000000146e-03 6.141100000000000447e-01 3.707699999999999885e-01
6.800000000000000000e+01 7.000000000000000146e-03 6.173899999999999944e-01 3.716499999999999804e-01
6.900000000000000000e+01 7.000000000000000146e-03 6.209500000000000020e-01 3.724799999999999778e-01
7.000000000000000000e+01 7.000000000000000146e-03 6.253900000000000015e-01 3.732099999999999862e-01
7.100000000000000000e+01 7.000000000000000146e-03 6.296800000000000175e-01 3.738600000000000256e-01
7.200000000000000000e+01 7.000000000000000146e-03 6.332600000000000451e-01 3.745100000000000096e-01
7.300000000000000000e+01 7.000000000000000146e-03 6.367800000000000127e-01 3.751099999999999990e-01
7.400000000000000000e+01 7.000000000000000146e-03 6.407300000000000217e-01 3.756700000000000039e-01
7.500000000000000000e+01 7.000000000000000146e-03 6.445400000000000018e-01 3.762300000000000089e-01
7.600000000000000000e+01 7.000000000000000146e-03 6.479700000000000459e-01 3.768000000000000238e-01
7.700000000000000000e+01 7.000000000000000146e-03 6.516899999999999915e-01 3.773599999999999732e-01
7.800000000000000000e+01 7.000000000000000146e-03 6.547800000000000287e-01 3.779199999999999782e-01
7.900000000000000000e+01 7.000000000000000146e-03 6.575699999999999878e-01 3.784699999999999731e-01
8.000000000000000000e+01 7.000000000000000146e-03 6.622500000000000053e-01 3.789000000000000146e-01
8.100000000000000000e+01 7.000000000000000146e-03 6.670500000000000318e-01 3.793500000000000205e-01
8.200000000000000000e+01 7.000000000000000146e-03 6.717300000000000493e-01 3.798199999999999910e-01
8.300000000000000000e+01 7.000000000000000146e-03 6.756999999999999673e-01 3.803599999999999759e-01
8.400000000000000000e+01 7.000000000000000146e-03 6.789300000000000335e-01 3.809500000000000108e-01
8.500000000000000000e+01 7.000000000000000146e-03 6.820300000000000251e-01 3.815000000000000058e-01
8.600000000000000000e+01 7.000000000000000146e-03 6.839399999999999924e-01 3.821300000000000252e-01
8.700000000000000000e+01 7.000000000000000146e-03 6.853500000000000147e-01 3.828199999999999936e-01
8.800000000000000000e+01 7.000000000000000146e-03 6.873299999999999965e-01 3.835200000000000276e-01
8.900000000000000000e+01 7.000000000000000146e-03 6.889699999999999713e-01 3.842800000000000105e-01
9.000000000000000000e+01 7.000000000000000146e-03 6.900199999999999667e-01 3.850600000000000134e-01
9.100000000000000000e+01 7.000000000000000146e-03 6.913899999999999491e-01 3.858599999999999808e-01
9.200000000000000000e+01 7.000000000000000146e-03 6.927299999999999569e-01 3.866600000000000037e-01
9.300000000000000000e+01 7.000000000000000146e-03 6.941800000000000193e-01 3.874500000000000166e-01
9.400000000000000000e+01 7.000000000000000146e-03 6.959699999999999775e-01 3.882099999999999995e-01
9.500000000000000000e+01 7.000000000000000146e-03 6.976200000000000179e-01 3.889400000000000079e-01
9.600000000000000000e+01 7.000000000000000146e-03 6.987600000000000477e-01 3.897200000000000109e-01
9.700000000000000000e+01 7.000000000000000146e-03 7.000699999999999701e-01 3.905000000000000138e-01
9.800000000000000000e+01 7.000000000000000146e-03 7.020499999999999519e-01 3.912399999999999767e-01
9.900000000000000000e+01 7.000000000000000146e-03 7.046900000000000386e-01 3.919199999999999906e-01
1.000000000000000000e+02 7.000000000000000146e-03 7.073099999999999943e-01 3.926100000000000145e-01
1.010000000000000000e+02 7.000000000000000146e-03 7.101100000000000190e-01 3.932999999999999829e-01
1.020000000000000000e+02 7.000000000000000146e-03 7.130499999999999616e-01 3.939799999999999969e-01
1.030000000000000000e+02 7.000000000000000146e-03 7.160999999999999588e-01 3.946500000000000008e-01
1.040000000000000000e+02 7.000000000000000146e-03 7.193300000000000249e-01 3.952700000000000102e-01
1.050000000000000000e+02 7.000000000000000146e-03 7.227799999999999780e-01 3.958599999999999897e-01
1.060000000000000000e+02 7.000000000000000146e-03 7.262499999999999512e-01 3.964199999999999946e-01
1.070000000000000000e+02 7.000000000000000146e-03 7.296599999999999753e-01 3.969799999999999995e-01
1.080000000000000000e+02 7.000000000000000146e-03 7.327099999999999724e-01 3.975500000000000145e-01
1.090000000000000000e+02 7.000000000000000146e-03 7.356500000000000261e-01 3.980799999999999894e-01
1.100000000000000000e+02 7.000000000000000146e-03 7.381400000000000183e-01 3.986199999999999743e-01
1.110000000000000000e+02 7.000000000000000146e-03 7.407000000000000250e-01 3.991399999999999948e-01
1.120000000000000000e+02 7.000000000000000146e-03 7.434100000000000152e-01 3.996299999999999852e-01
1.130000000000000000e+02 7.000000000000000146e-03 7.462600000000000344e-01 4.000900000000000012e-01
1.140000000000000000e+02 7.000000000000000146e-03 7.494600000000000151e-01 4.005099999999999771e-01
1.150000000000000000e+02 7.000000000000000146e-03 7.521900000000000253e-01 4.009699999999999931e-01
1.160000000000000000e+02 7.000000000000000146e-03 7.551600000000000534e-01 4.013700000000000045e-01
1.170000000000000000e+02 7.000000000000000146e-03 7.582900000000000196e-01 4.017299999999999760e-01
1.180000000000000000e+02 7.000000000000000146e-03 7.611099999999999532e-01 4.020900000000000030e-01
1.190000000000000000e+02 7.000000000000000146e-03 7.635499999999999510e-01 4.024900000000000144e-01
1.200000000000000000e+02 7.000000000000000146e-03 7.658599999999999852e-01 4.028999999999999804e-01
