1.000000000000000000e+00 5.600000000000000117e-02 1.675570000000000004e+00 6.158099999999999685e-01
2.000000000000000000e+00 4.900000000000000189e-02 1.526880000000000015e+00 6.317700000000000538e-01
3.000000000000000000e+00 4.900000000000000189e-02 1.299770000000000092e+00 5.637799999999999478e-01
4.000000000000000000e+00 4.200000000000000261e-02 1.166239999999999943e+00 5.533900000000000485e-01
5.000000000000000000e+00 2.800000000000000058e-02 1.247139999999999915e+00 4.873899999999999899e-01
6.000000000000000000e+00 3.500000000000000333e-02 1.461049999999999960e+00 4.287199999999999900e-01
7.000000000000000000e+00 2.800000000000000058e-02 1.586130000000000040e+00 4.183000000000000052e-01
8.000000000000000000e+00 2.100000000000000130e-02 1.673040000000000083e+00 4.180300000000000127e-01
9.000000000000000000e+00 2.100000000000000130e-02 1.726639999999999953e+00 4.201699999999999879e-01
1.000000000000000000e+01 2.100000000000000130e-02 1.749209999999999932e+00 4.272299999999999986e-01
1.100000000000000000e+01 2.100000000000000130e-02 1.723579999999999890e+00 4.355800000000000227e-01
1.200000000000000000e+01 2.100000000000000130e-02 1.705400000000000027e+00 4.413199999999999901e-01
1.300000000000000000e+01 2.100000000000000130e-02 1.701310000000000100e+00 4.486399999999999832e-01
1.400000000000000000e+01 2.800000000000000058e-02 1.719060000000000032e+00 4.578099999999999947e-01
1.500000000000000000e+01 3.500000000000000333e-02 1.741419999999999968e+00 4.678499999999999881e-01
1.600000000000000000e+01 3.500000000000000333e-02 1.798149999999999915e+00 4.782199999999999784e-01
1.700000000000000000e+01 3.500000000000000333e-02 1.869070000000000009e+00 4.891099999999999892e-01
1.800000000000000000e+01 3.500000000000000333e-02 1.950430000000000108e+00 4.982699999999999907e-01
1.900000000000000000e+01 3.500000000000000333e-02 1.993330000000000046e+00 5.049000000000000155e-01
2.000000000000000000e+01 3.500000000000000333e-02 2.041479999999999961e+00 5.111299999999999732e-01
2.100000000000000000e+01 3.500000000000000333e-02 2.103930000000000078e+00 5.174699999999999855e-01
2.200000000000000000e+01 3.500000000000000333e-02 2.166739999999999888e+00 5.231999999999999984e-01
2.300000000000000000e+01 3.500000000000000333e-02 2.228520000000000056e+00 5.288899999999999713e-01
2.400000000000000000e+01 3.500000000000000333e-02 2.282290000000000152e+00 5.342900000000000427e-01
2.500000000000000000e+01 3.500000000000000333e-02 2.339719999999999800e+00 5.395400000000000196e-01
2.600000000000000000e+01 3.500000000000000333e-02 2.398519999999999985e+00 5.451599999999999779e-01
2.700000000000000000e+01 3.500000000000000333e-02 2.448659999999999837e+00 5.505499999999999838e-01
2.800000000000000000e+01 2.800000000000000058e-02 2.499639999999999862e+00 5.554599999999999538e-01
2.900000000000000000e+01 2.800000000000000058e-02 2.535740000000000105e+00 5.585799999999999654e-01
3.000000000000000000e+01 2.800000000000000058e-02 2.563569999999999904e+00 5.608699999999999797e-01
3.100000000000000000e+01 2.800000000000000058e-02 2.586069999999999869e+00 5.631699999999999484e-01
3.200000000000000000e+01 2.800000000000000058e-02 2.601410000000000000e+00 5.648600000000000287e-01
3.300000000000000000e+01 2.800000000000000058e-02 2.617459999999999898e+00 5.668299999999999450e-01
3.400000000000000000e+01 2.800000000000000058e-02 2.629350000000000076e+00 5.685200000000000253e-01
3.500000000000000000e+01 2.800000000000000058e-02 2.635440000000000005e+00 5.699100000000000277e-01
3.600000000000000000e+01 3.500000000000000333e-02 2.632540000000000102e+00 5.718100000000000405e-01
3.700000000000000000e+01 3.500000000000000333e-02 2.624610000000000110e+00 5.744000000000000217e-01
3.800000000000000000e+01 3.500000000000000333e-02 2.635320000000000107e+00 5.763000000000000345e-01
3.900000000000000000e+01 2.800000000000000058e-02 2.651149999999999896e+00 5.775000000000000133e-01
4.000000000000000000e+01 2.800000000000000058e-02 2.670739999999999892e+00 5.784500000000000197e-01
4.100000000000000000e+01 2.100000000000000130e-02 2.690129999999999910e+00 5.796099999999999586e-01
4.200000000000000000e+01 2.100000000000000130e-02 2.699209999999999887e+00 5.807600000000000540e-01
4.300000000000000000e+01 2.100000000000000130e-02 2.710920000000000218e+00 5.819800000000000528e-01
4.400000000000000000e+01 2.100000000000000130e-02 2.705779999999999852e+00 5.837099999999999511e-01
4.500000000000000000e+01 2.100000000000000130e-02 2.697610000000000063e+00 5.853000000000000425e-01
4.600000000000000000e+01 2.800000000000000058e-02 2.668120000000000047e+00 5.869600000000000373e-01
4.700000000000000000e+01 2.800000000000000058e-02 2.648610000000000131e+00 5.886400000000000521e-01
4.800000000000000000e+01 2.800000000000000058e-02 2.610790000000000166e+00 5.904800000000000049e-01
4.900000000000000000e+01 2.800000000000000058e-02 2.496230000000000171e+00 5.938999999999999835e-01
5.000000000000000000e+01 2.800000000000000058e-02 2.380090000000000039e+00 5.977000000000000091e-01
5.100000000000000000e+01 2.800000000000000058e-02 2.311850000000000183e+00 6.005899999999999572e-01
5.200000000000000000e+01 2.800000000000000058e-02 2.279939999999999856e+00 6.023800000000000265e-01
5.300000000000000000e+01 2.800000000000000058e-02 2.267040000000000166e+00 6.035000000000000364e-01
5.400000000000000000e+01 2.800000000000000058e-02 2.256069999999999798e+00 6.044500000000000428e-01
5.500000000000000000e+01 2.800000000000000058e-02 2.244540000000000202e+00 6.053500000000000547e-01
5.600000000000000000e+01 2.800000000000000058e-02 2.231069999999999887e+00 6.062199999999999811e-01
5.700000000000000000e+01 2.800000000000000058e-02 2.218669999999999920e+00 6.071199999999999930e-01
5.800000000000000000e+01 2.800000000000000058e-02 2.175370000000000026e+00 6.087200000000000388e-01
5.900000000000000000e+01 2.800000000000000058e-02 2.149519999999999875e+00 6.098900000000000432e-01
6.000000000000000000e+01 2.800000000000000058e-02 2.137030000000000207e+00 6.106300000000000061e-01
6.100000000000000000e+01 2.800000000000000058e-02 2.127639999999999976e+00 6.116099999999999870e-01
6.200000000000000000e+01 2.800000000000000058e-02 2.126389999999999780e+00 6.122800000000000464e-01
6.300000000000000000e+01 2.800000000000000058e-02 2.130459999999999798e+00 6.126800000000000024e-01
6.400000000000000000e+01 2.800000000000000058e-02 2.134389999999999787e+00 6.130799999999999583e-01
6.500000000000000000e+01 2.800000000000000058e-02 2.138030000000000097e+00 6.134600000000000053e-01
6.600000000000000000e+01 2.800000000000000058e-02 2.126630000000000020e+00 6.143800000000000372e-01
6.700000000000000000e+01 2.800000000000000058e-02 2.111489999999999867e+00 6.154300000000000326e-01
6.800000000000000000e+01 2.800000000000000058e-02 2.093890000000000029e+00 6.166300000000000114e-01
6.900000000000000000e+01 2.800000000000000058e-02 2.084839999999999804e+00 6.173699999999999743e-01
7.000000000000000000e+01 2.800000000000000058e-02 2.081960000000000033e+00 6.177599999999999758e-01
7.100000000000000000e+01 2.800000000000000058e-02 2.067940000000000111e+00 6.185599999999999987e-01
7.200000000000000000e+01 2.800000000000000058e-02 2.053580000000000183e+00 6.191900000000000182e-01
7.300000000000000000e+01 2.800000000000000058e-02 2.042330000000000201e+00 6.197300000000000031e-01
7.400000000000000000e+01 2.800000000000000058e-02 2.030549999999999855e+00 6.203899999999999970e-01
7.500000000000000000e+01 2.800000000000000058e-02 2.017360000000000042e+00 6.212400000000000144e-01
7.600000000000000000e+01 2.800000000000000058e-02 2.005990000000000162e+00 6.220700000000000118e-01
7.700000000000000000e+01 2.800000000000000058e-02 1.996790000000000065e+00 6.227700000000000458e-01
7.800000000000000000e+01 2.800000000000000058e-02 1.991139999999999910e+00 6.233100000000000307e-01
7.900000000000000000e+01 2.800000000000000058e-02 1.989249999999999963e+00 6.236599999999999921e-01
8.000000000000000000e+01 2.800000000000000058e-02 1.983759999999999968e+00 6.242199999999999971e-01
8.100000000000000000e+01 2.800000000000000058e-02 1.980290000000000106e+00 6.246599999999999930e-01
8.200000000000000000e+01 2.800000000000000058e-02 1.977540000000000076e+00 6.249900000000000455e-01
8.300000000000000000e+01 2.800000000000000058e-02 1.971680000000000099e+00 6.254699999999999704e-01
8.400000000000000000e+01 2.800000000000000058e-02 1.963559999999999972e+00 6.260400000000000409e-01
8.500000000000000000e+01 2.800000000000000058e-02 1.952569999999999917e+00 6.268299999999999983e-01
8.600000000000000000e+01 2.800000000000000058e-02 1.944020000000000081e+00 6.275199999999999667e-01
8.700000000000000000e+01 2.800000000000000058e-02 1.936600000000000099e+00 6.282699999999999951e-01
8.800000000000000000e+01 2.800000000000000058e-02 1.931510000000000060e+00 6.288599999999999746e-01
8.900000000000000000e+01 2.800000000000000058e-02 1.929179999999999895e+00 6.293199999999999905e-01
9.000000000000000000e+01 2.800000000000000058e-02 1.928269999999999929e+00 6.297599999999999865e-01
9.100000000000000000e+01 2.800000000000000058e-02 1.928590000000000027e+00 6.301600000000000534e-01
9.200000000000000000e+01 2.800000000000000058e-02 1.929170000000000051e+00 6.305100000000000149e-01
9.300000000000000000e+01 2.800000000000000058e-02 1.928919999999999968e+00 6.309299999999999908e-01
9.400000000000000000e+01 2.800000000000000058e-02 1.928940000000000099e+00 6.313499999999999668e-01
9.500000000000000000e+01 2.800000000000000058e-02 1.930560000000000054e+00 6.316899999999999737e-01
9.600000000000000000e+01 2.800000000000000058e-02 1.932020000000000071e+00 6.320900000000000407e-01
9.700000000000000000e+01 2.800000000000000058e-02 1.932679999999999954e+00 6.324899999999999967e-01
9.800000000000000000e+01 2.800000000000000058e-02 1.932620000000000005e+00 6.329299999999999926e-01
9.900000000000000000e+01 2.800000000000000058e-02 1.932579999999999965e+00 6.334300000000000486e-01
1.000000000000000000e+02 2.800000000000000058e-02 1.933890000000000109e+00 6.339000000000000190e-01
1.010000000000000000e+02 2.800000000000000058e-02 1.936239999999999961e+00 6.342999999999999750e-01
1.020000000000000000e+02 2.800000000000000058e-02 1.938960000000000017e+00 6.346500000000000474e-01
1.030000000000000000e+02 2.800000000000000058e-02 1.940369999999999928e+00 6.351099999999999524e-01
1.040000000000000000e+02 2.800000000000000058e-02 1.942369999999999930e+00 6.355199999999999738e-01
1.050000000000000000e+02 2.800000000000000058e-02 1.945549999999999891e+00 6.357800000000000118e-01
1.060000000000000000e+02 2.800000000000000058e-02 1.949230000000000018e+00 6.360299999999999843e-01
1.070000000000000000e+02 2.800000000000000058e-02 1.951999999999999957e+00 6.363400000000000167e-01
1.080000000000000000e+02 2.800000000000000058e-02 1.955470000000000041e+00 6.366399999999999837e-01
1.090000000000000000e+02 2.800000000000000058e-02 1.959580000000000100e+00 6.369500000000000162e-01
1.100000000000000000e+02 2.800000000000000058e-02 1.962350000000000039e+00 6.373699999999999921e-01
1.110000000000000000e+02 2.800000000000000058e-02 1.962830000000000075e+00 6.379599999999999715e-01
1.120000000000000000e+02 2.800000000000000058e-02 1.964239999999999986e+00 6.384699999999999820e-01
1.130000000000000000e+02 2.800000000000000058e-02 1.965700000000000003e+00 6.389899999999999469e-01
1.140000000000000000e+02 2.800000000000000058e-02 1.967780000000000085e+00 6.394800000000000484e-01
1.150000000000000000e+02 2.800000000000000058e-02 1.971030000000000060e+00 6.399299999999999988e-01
1.160000000000000000e+02 2.100000000000000130e-02 1.975700000000000012e+00 6.402799999999999603e-01
1.170000000000000000e+02 2.100000000000000130e-02 1.981160000000000032e+00 6.405800000000000383e-01
1.180000000000000000e+02 2.100000000000000130e-02 1.986879999999999979e+00 6.408599999999999852e-01
1.190000000000000000e+02 2.100000000000000130e-02 1.992040000000000033e+00 6.411799999999999722e-01
1.200000000000000000e+02 2.100000000000000130e-02 1.996140000000000025e+00 6.415800000000000392e-01
