1.000000000000000000e+00 1.940000000000000058e-01 3.530069999999999819e+00 8.205000000000000071e-01
2.000000000000000000e+00 1.809999999999999942e-01 3.451810000000000045e+00 3.480500000000000260e-01
3.000000000000000000e+00 1.320000000000000062e-01 3.046069999999999833e+00 6.339700000000000335e-01
4.000000000000000000e+00 1.739999999999999880e-01 2.988550000000000040e+00 3.732900000000000107e-01
5.000000000000000000e+00 1.529999999999999971e-01 2.453580000000000094e+00 4.655299999999999994e-01
6.000000000000000000e+00 1.459999999999999909e-01 2.431810000000000027e+00 8.758599999999999719e-01
7.000000000000000000e+00 3.500000000000000333e-02 2.571969999999999867e+00 4.088800000000000212e-01
8.000000000000000000e+00 3.500000000000000333e-02 2.571969999999999867e+00 4.088800000000000212e-01
9.000000000000000000e+00 3.500000000000000333e-02 2.571969999999999867e+00 4.088800000000000212e-01
1.000000000000000000e+01 3.500000000000000333e-02 2.571969999999999867e+00 4.088800000000000212e-01
1.100000000000000000e+01 3.500000000000000333e-02 2.571969999999999867e+00 4.088800000000000212e-01
1.200000000000000000e+01 3.500000000000000333e-02 2.571969999999999867e+00 4.088800000000000212e-01
1.300000000000000000e+01 3.500000000000000333e-02 2.571969999999999867e+00 4.088800000000000212e-01
1.400000000000000000e+01 3.500000000000000333e-02 2.571969999999999867e+00 4.088800000000000212e-01
1.500000000000000000e+01 3.500000000000000333e-02 2.571969999999999867e+00 4.088800000000000212e-01
1.600000000000000000e+01 3.500000000000000333e-02 2.571969999999999867e+00 4.088800000000000212e-01
1.700000000000000000e+01 3.500000000000000333e-02 2.571969999999999867e+00 4.088800000000000212e-01
1.800000000000000000e+01 3.500000000000000333e-02 2.571969999999999867e+00 4.088800000000000212e-01
1.900000000000000000e+01 1.250000000000000000e-01 2.101679999999999993e+00 5.336400000000000032e-01
2.000000000000000000e+01 1.250000000000000000e-01 2.101679999999999993e+00 5.336400000000000032e-01
2.100000000000000000e+01 1.250000000000000000e-01 2.101679999999999993e+00 5.336400000000000032e-01
2.200000000000000000e+01 1.250000000000000000e-01 2.101679999999999993e+00 5.336400000000000032e-01
2.300000000000000000e+01 1.250000000000000000e-01 2.101679999999999993e+00 5.336400000000000032e-01
2.400000000000000000e+01 3.500000000000000333e-02 2.571969999999999867e+00 4.088800000000000212e-01
2.500000000000000000e+01 3.500000000000000333e-02 2.571969999999999867e+00 4.088800000000000212e-01
2.600000000000000000e+01 3.500000000000000333e-02 2.571969999999999867e+00 4.088800000000000212e-01
2.700000000000000000e+01 3.500000000000000333e-02 2.571969999999999867e+00 4.088800000000000212e-01
2.800000000000000000e+01 3.500000000000000333e-02 2.571969999999999867e+00 4.088800000000000212e-01
2.900000000000000000e+01 3.500000000000000333e-02 2.571969999999999867e+00 4.088800000000000212e-01
3.000000000000000000e+01 3.500000000000000333e-02 2.571969999999999867e+00 4.088800000000000212e-01
3.100000000000000000e+01 3.500000000000000333e-02 2.571969999999999867e+00 4.088800000000000212e-01
3.200000000000000000e+01 1.739999999999999880e-01 3.169090000000000185e+00 5.791800000000000281e-01
3.300000000000000000e+01 3.500000000000000333e-02 2.571969999999999867e+00 4.088800000000000212e-01
3.400000000000000000e+01 1.739999999999999880e-01 3.169090000000000185e+00 5.791800000000000281e-01
3.500000000000000000e+01 1.739999999999999880e-01 3.169090000000000185e+00 5.791800000000000281e-01
3.600000000000000000e+01 1.739999999999999880e-01 3.169090000000000185e+00 5.791800000000000281e-01
3.700000000000000000e+01 1.739999999999999880e-01 3.169090000000000185e+00 5.791800000000000281e-01
3.800000000000000000e+01 1.739999999999999880e-01 3.169090000000000185e+00 5.791800000000000281e-01
3.900000000000000000e+01 1.739999999999999880e-01 3.169090000000000185e+00 5.791800000000000281e-01
4.000000000000000000e+01 1.739999999999999880e-01 3.169090000000000185e+00 5.791800000000000281e-01
4.100000000000000000e+01 1.739999999999999880e-01 3.169090000000000185e+00 5.791800000000000281e-01
4.200000000000000000e+01 1.739999999999999880e-01 3.169090000000000185e+00 5.791800000000000281e-01
4.300000000000000000e+01 1.739999999999999880e-01 3.169090000000000185e+00 5.791800000000000281e-01
4.400000000000000000e+01 1.739999999999999880e-01 3.169090000000000185e+00 5.791800000000000281e-01
4.500000000000000000e+01 1.739999999999999880e-01 3.169090000000000185e+00 5.791800000000000281e-01
4.600000000000000000e+01 1.739999999999999880e-01 3.169090000000000185e+00 5.791800000000000281e-01
4.700000000000000000e+01 1.739999999999999880e-01 3.169090000000000185e+00 5.791800000000000281e-01
4.800000000000000000e+01 1.739999999999999880e-01 3.169090000000000185e+00 5.791800000000000281e-01
4.900000000000000000e+01 1.739999999999999880e-01 3.169090000000000185e+00 5.791800000000000281e-01
5.000000000000000000e+01 1.739999999999999880e-01 3.169090000000000185e+00 5.791800000000000281e-01
5.100000000000000000e+01 1.739999999999999880e-01 3.169090000000000185e+00 5.791800000000000281e-01
5.200000000000000000e+01 1.739999999999999880e-01 3.169090000000000185e+00 5.791800000000000281e-01
5.300000000000000000e+01 1.739999999999999880e-01 3.169090000000000185e+00 5.791800000000000281e-01
5.400000000000000000e+01 1.739999999999999880e-01 3.169090000000000185e+00 5.791800000000000281e-01
5.500000000000000000e+01 1.739999999999999880e-01 3.169090000000000185e+00 5.791800000000000281e-01
5.600000000000000000e+01 1.739999999999999880e-01 3.169090000000000185e+00 5.791800000000000281e-01
5.700000000000000000e+01 1.739999999999999880e-01 3.169090000000000185e+00 5.791800000000000281e-01
5.800000000000000000e+01 1.739999999999999880e-01 3.169090000000000185e+00 5.791800000000000281e-01
5.900000000000000000e+01 1.739999999999999880e-01 3.169090000000000185e+00 5.791800000000000281e-01
6.000000000000000000e+01 1.739999999999999880e-01 3.169090000000000185e+00 5.791800000000000281e-01
6.100000000000000000e+01 1.739999999999999880e-01 3.169090000000000185e+00 5.791800000000000281e-01
6.200000000000000000e+01 1.739999999999999880e-01 3.169090000000000185e+00 5.791800000000000281e-01
6.300000000000000000e+01 1.739999999999999880e-01 3.169090000000000185e+00 5.791800000000000281e-01
6.400000000000000000e+01 1.739999999999999880e-01 3.169090000000000185e+00 5.791800000000000281e-01
6.500000000000000000e+01 1.739999999999999880e-01 3.169090000000000185e+00 5.791800000000000281e-01
6.600000000000000000e+01 1.739999999999999880e-01 3.169090000000000185e+00 5.791800000000000281e-01
6.700000000000000000e+01 1.739999999999999880e-01 3.169090000000000185e+00 5.791800000000000281e-01
6.800000000000000000e+01 1.739999999999999880e-01 3.169090000000000185e+00 5.791800000000000281e-01
6.900000000000000000e+01 1.739999999999999880e-01 3.169090000000000185e+00 5.791800000000000281e-01
7.000000000000000000e+01 1.739999999999999880e-01 3.169090000000000185e+00 5.791800000000000281e-01
7.100000000000000000e+01 1.739999999999999880e-01 3.169090000000000185e+00 5.791800000000000281e-01
7.200000000000000000e+01 1.739999999999999880e-01 3.169090000000000185e+00 5.791800000000000281e-01
7.300000000000000000e+01 1.739999999999999880e-01 3.169090000000000185e+00 5.791800000000000281e-01
7.400000000000000000e+01 1.739999999999999880e-01 3.169090000000000185e+00 5.791800000000000281e-01
7.500000000000000000e+01 1.739999999999999880e-01 3.169090000000000185e+00 5.791800000000000281e-01
7.600000000000000000e+01 1.739999999999999880e-01 3.169090000000000185e+00 5.791800000000000281e-01
7.700000000000000000e+01 1.739999999999999880e-01 3.169090000000000185e+00 5.791800000000000281e-01
7.800000000000000000e+01 1.739999999999999880e-01 3.169090000000000185e+00 5.791800000000000281e-01
7.900000000000000000e+01 1.739999999999999880e-01 3.169090000000000185e+00 5.791800000000000281e-01
8.000000000000000000e+01 1.739999999999999880e-01 3.169090000000000185e+00 5.791800000000000281e-01
8.100000000000000000e+01 1.739999999999999880e-01 3.169090000000000185e+00 5.791800000000000281e-01
8.200000000000000000e+01 1.739999999999999880e-01 3.169090000000000185e+00 5.791800000000000281e-01
8.300000000000000000e+01 1.739999999999999880e-01 3.169090000000000185e+00 5.791800000000000281e-01
8.400000000000000000e+01 1.739999999999999880e-01 3.169090000000000185e+00 5.791800000000000281e-01
8.500000000000000000e+01 1.739999999999999880e-01 3.169090000000000185e+00 5.791800000000000281e-01
8.600000000000000000e+01 1.739999999999999880e-01 3.169090000000000185e+00 5.791800000000000281e-01
8.700000000000000000e+01 1.739999999999999880e-01 3.169090000000000185e+00 5.791800000000000281e-01
8.800000000000000000e+01 1.739999999999999880e-01 3.169090000000000185e+00 5.791800000000000281e-01
8.900000000000000000e+01 1.739999999999999880e-01 3.169090000000000185e+00 5.791800000000000281e-01
9.000000000000000000e+01 1.739999999999999880e-01 3.169090000000000185e+00 5.791800000000000281e-01
9.100000000000000000e+01 1.739999999999999880e-01 3.169090000000000185e+00 5.791800000000000281e-01
9.200000000000000000e+01 1.739999999999999880e-01 3.169090000000000185e+00 5.791800000000000281e-01
9.300000000000000000e+01 1.739999999999999880e-01 3.169090000000000185e+00 5.791800000000000281e-01
9.400000000000000000e+01 1.739999999999999880e-01 3.169090000000000185e+00 5.791800000000000281e-01
9.500000000000000000e+01 1.739999999999999880e-01 3.169090000000000185e+00 5.791800000000000281e-01
9.600000000000000000e+01 1.739999999999999880e-01 3.169090000000000185e+00 5.791800000000000281e-01
9.700000000000000000e+01 1.739999999999999880e-01 3.169090000000000185e+00 5.791800000000000281e-01
9.800000000000000000e+01 1.739999999999999880e-01 3.169090000000000185e+00 5.791800000000000281e-01
9.900000000000000000e+01 1.739999999999999880e-01 3.169090000000000185e+00 5.791800000000000281e-01
1.000000000000000000e+02 1.739999999999999880e-01 3.169090000000000185e+00 5.791800000000000281e-01
1.010000000000000000e+02 1.739999999999999880e-01 3.169090000000000185e+00 5.791800000000000281e-01
1.020000000000000000e+02 1.739999999999999880e-01 3.169090000000000185e+00 5.791800000000000281e-01
1.030000000000000000e+02 1.739999999999999880e-01 3.169090000000000185e+00 5.791800000000000281e-01
1.040000000000000000e+02 1.739999999999999880e-01 3.169090000000000185e+00 5.791800000000000281e-01
1.050000000000000000e+02 1.739999999999999880e-01 3.169090000000000185e+00 5.791800000000000281e-01
1.060000000000000000e+02 1.739999999999999880e-01 3.169090000000000185e+00 5.791800000000000281e-01
1.070000000000000000e+02 1.739999999999999880e-01 3.169090000000000185e+00 5.791800000000000281e-01
1.080000000000000000e+02 1.739999999999999880e-01 3.169090000000000185e+00 5.791800000000000281e-01
1.090000000000000000e+02 1.739999999999999880e-01 3.169090000000000185e+00 5.791800000000000281e-01
1.100000000000000000e+02 1.739999999999999880e-01 3.169090000000000185e+00 5.791800000000000281e-01
1.110000000000000000e+02 1.739999999999999880e-01 3.169090000000000185e+00 5.791800000000000281e-01
1.120000000000000000e+02 1.739999999999999880e-01 3.169090000000000185e+00 5.791800000000000281e-01
1.130000000000000000e+02 1.739999999999999880e-01 3.169090000000000185e+00 5.791800000000000281e-01
1.140000000000000000e+02 1.739999999999999880e-01 3.169090000000000185e+00 5.791800000000000281e-01
1.150000000000000000e+02 1.739999999999999880e-01 3.169090000000000185e+00 5.791800000000000281e-01
1.160000000000000000e+02 1.739999999999999880e-01 3.169090000000000185e+00 5.791800000000000281e-01
1.170000000000000000e+02 1.739999999999999880e-01 3.169090000000000185e+00 5.791800000000000281e-01
1.180000000000000000e+02 1.739999999999999880e-01 3.169090000000000185e+00 5.791800000000000281e-01
1.190000000000000000e+02 1.739999999999999880e-01 3.169090000000000185e+00 5.791800000000000281e-01
1.200000000000000000e+02 1.739999999999999880e-01 3.169090000000000185e+00 5.791800000000000281e-01
