0.194 1.58 0.3427446405446033 var_cen_osc
0.188 1.58 0.40615585806851373 var_cen_std_osc
0.201 1.58 0.05696553139628518 var_cen_scl_osc
0.167 2.12 0.9358536937712287 med_var_cen_osc
0.167 2.12 0.9895142292895729 med_var_cen_std_osc
0.146 2.12 0.9321350006763951 med_var_cen_scl_osc
0.167 2.12 0.9358536937712287 cen_PCA_osc
0.201 2.45 0.6721090556931182 cen_std_PCA_osc
0.194 1.91 0.9465024631901723 cen_scl_PCA_osc
0.167 2.12 0.9358536937712287 med_cen_PCA_osc
0.181 2.9 0.8226735367991493 med_cen_std_PCA_osc
0.188 2.58 0.9630003198559035 med_cen_scl_PCA_osc
0.167 2.12 0.9358536937712287 cen_SPCA_osc
0.167 3.24 0.7091193319950205 cen_std_SPCA_osc
0.174 2.15 0.7781507136189966 cen_scl_SPCA_osc
0.167 1.67 0.0667615429052547 med_cen_SPCA_osc
0.194 3.46 0.7408832382639975 med_cen_std_SPCA_osc
0.194 2.63 0.9388296774546184 med_cen_scl_SPCA_osc
0.194 5.26 0.9729618481545583 cen_PCA
0.201 4.72 0.6666021829301816 cen_std_PCA
0.201 4.54 0.6656270513785363 cen_scl_PCA
0.181 5.01 0.762498046486602 med_cen_PCA
0.194 3.44 0.9777903242743566 med_cen_std_PCA
0.194 3.48 0.9861466043465682 med_cen_scl_PCA
0.174 4.07 0.756107759653486 cen_SPCA
0.167 12.04 0.9280022129903134 cen_std_SPCA
0.188 5.21 0.8812955353925773 cen_scl_SPCA
0.174 5.07 0.18954996264825216 med_cen_SPCA
0.174 8.42 0.6917774091666562 med_cen_std_SPCA
0.174 3.71 0.9746996166829753 med_cen_scl_SPCA
