0.174 0.98 0.32847050015086243 var_cen_osc
0.181 0.98 0.40677921536710937 var_cen_std_osc
0.188 0.98 0.13016728060508842 var_cen_scl_osc
0.188 3.15 0.8178585439708477 med_var_cen_osc
0.188 3.15 0.7136078279361293 med_var_cen_std_osc
0.188 3.15 0.9213979078377104 med_var_cen_scl_osc
0.194 2.58 0.9874758486559148 cen_PCA_osc
0.194 3.21 0.7870106137063899 cen_std_PCA_osc
0.146 2.42 0.9293920516881526 cen_scl_PCA_osc
0.167 3.94 0.335204731725262 med_cen_PCA_osc
0.132 3.33 0.9590707739926558 med_cen_std_PCA_osc
0.139 2.46 0.7944063956144001 med_cen_scl_PCA_osc
0.188 3.69 0.9177040172363509 cen_SPCA_osc
0.167 3.38 0.969186644666679 cen_std_SPCA_osc
0.153 3.04 0.9096306475776202 cen_scl_SPCA_osc
0.201 4.02 0.1753761872956293 med_cen_SPCA_osc
0.174 3.45 0.889463381577199 med_cen_std_SPCA_osc
0.167 2.56 0.9516157276256496 med_cen_scl_SPCA_osc
0.146 7.77 0.8772862195442003 cen_PCA
0.153 7.31 0.8100673021807788 cen_std_PCA
0.125 6.57 0.9524013162201849 cen_scl_PCA
0.132 7.62 0.7610334447223644 med_cen_PCA
0.139 5.34 0.7798844018000076 med_cen_std_PCA
0.146 4.99 0.7428804785137247 med_cen_scl_PCA
0.194 5.71 0.5302124335951754 cen_SPCA
0.174 8.44 0.4560248209061457 cen_std_SPCA
0.16 4.88 0.7522611415253451 cen_scl_SPCA
0.188 6.68 0.5006957329664539 med_cen_SPCA
0.181 8.2 0.8112609094356641 med_cen_std_SPCA
0.118 2.99 0.8563857146406018 med_cen_scl_SPCA
