0.208 0.09 -4.799932653227239 var_cen_osc
0.188 0.09 -0.9351222996576859 var_cen_std_osc
0.201 0.09 -1.4459861143537602 var_cen_scl_osc
0.028 1.77 0.34441390584168197 med_var_cen_osc
0.021 1.77 0.5699543664131416 med_var_cen_std_osc
0.028 1.77 0.5830008694786066 med_var_cen_scl_osc
0.16 0.44 0.37449182708237905 cen_PCA_osc
0.167 4.26 0.9202600438699056 cen_std_PCA_osc
0.187 2.68 0.5411038672672844 cen_scl_PCA_osc
0.014 2.19 0.6357501814040024 med_cen_PCA_osc
0.167 4.35 0.9683440053280087 med_cen_std_PCA_osc
0.146 3.44 0.8942480977983375 med_cen_scl_PCA_osc
0.194 0.23 -7.327237461040852 cen_SPCA_osc
0.167 4.35 0.9683440053280071 cen_std_SPCA_osc
0.194 2.23 0.7268404349454766 cen_scl_SPCA_osc
0.028 1.77 0.34441390584168124 med_cen_SPCA_osc
0.167 4.35 0.9683440053280071 med_cen_std_SPCA_osc
0.153 3.15 0.7584052073229666 med_cen_scl_SPCA_osc
0.118 10.44 0.13577750357404006 cen_PCA
0.104 10.4 0.05059789462722893 cen_std_PCA
0.097 10.01 0.11858125869978614 cen_scl_PCA
0.09 6.31 0.2033780388010046 med_cen_PCA
0.09 9.17 0.05820930033341882 med_cen_std_PCA
0.09 8.7 0.14426617352353627 med_cen_scl_PCA
0.16 0.51 0.7589619721977611 cen_SPCA
0.16 9.27 0.8904551989546179 cen_std_SPCA
0.118 6.52 0.8549450322088593 cen_scl_SPCA
0.132 4.21 0.7375051916183605 med_cen_SPCA
0.132 10.87 0.800445021440595 med_cen_std_SPCA
0.104 4.67 0.32375552614181324 med_cen_scl_SPCA
