0.0 0.85 0.8219987173704778 var_cen_osc
0.0 0.85 0.940514878798807 var_cen_std_osc
0.0 0.85 0.9872553144195306 var_cen_scl_osc
0.0 0.81 0.4599983501976275 med_var_cen_osc
0.0 0.81 0.8837079030248148 med_var_cen_std_osc
0.0 0.81 0.8287932699294589 med_var_cen_scl_osc
0.153 5.69 0.7970546226379848 cen_PCA_osc
0.167 3.91 0.9467832617508096 cen_std_PCA_osc
0.194 2.36 0.7113123526935543 cen_scl_PCA_osc
0.153 5.69 0.7970546226379848 med_cen_PCA_osc
0.167 3.9 0.8122095895178102 med_cen_std_PCA_osc
0.194 2.36 0.7113123526935543 med_cen_scl_PCA_osc
0.153 5.69 0.7970546226379848 cen_SPCA_osc
0.194 4.19 0.8664492906206386 cen_std_SPCA_osc
0.181 2.84 0.8408830800994661 cen_scl_SPCA_osc
0.104 2.7 0.15373389469781173 med_cen_SPCA_osc
0.194 4.19 0.8664492906206386 med_cen_std_SPCA_osc
0.201 3.23 0.9566591839419057 med_cen_scl_SPCA_osc
0.181 8.3 0.6922229204555631 cen_PCA
0.132 8.09 0.9618980992283219 cen_std_PCA
0.132 7.31 0.9324017404885802 cen_scl_PCA
0.16 7.32 0.7840952177947296 med_cen_PCA
0.153 10.53 0.5863278194889824 med_cen_std_PCA
0.139 9.92 0.6120544319209758 med_cen_scl_PCA
0.146 12.09 0.2654928578272955 cen_SPCA
0.16 10.69 0.6972674435403962 cen_std_SPCA
0.194 7.18 0.9764087425889431 cen_scl_SPCA
0.174 4.91 0.6347707538899329 med_cen_SPCA
0.16 10.71 0.6770325917868264 med_cen_std_SPCA
0.174 7.46 0.8600409313683927 med_cen_scl_SPCA
