0.153 0.45 5.419511601458299 var_cen_osc
0.167 0.45 1.25816611309663 var_cen_std_osc
0.16 0.45 2.7434630180303383 var_cen_scl_osc
0.146 1.31 0.643775038543634 med_var_cen_osc
0.139 1.31 0.4326916926046229 med_var_cen_std_osc
0.153 1.31 0.6467554919538143 med_var_cen_scl_osc
0.146 6.74 0.9986498865721767 cen_PCA_osc
0.181 4.28 0.870704850318779 cen_std_PCA_osc
0.146 2.19 0.864658748427606 cen_scl_PCA_osc
0.146 6.74 0.9986498865721767 med_cen_PCA_osc
0.111 4.09 0.8562196070948244 med_cen_std_PCA_osc
0.049 1.15 0.7013154706785101 med_cen_scl_PCA_osc
0.167 3.49 0.897858079807165 cen_SPCA_osc
0.16 3.86 0.8404769605960827 cen_std_SPCA_osc
0.014 1.04 0.9075119728229893 cen_scl_SPCA_osc
0.146 3.13 0.033626776323439155 med_cen_SPCA_osc
0.167 3.95 0.9326038451165936 med_cen_std_SPCA_osc
0.014 1.04 0.9075119728229893 med_cen_scl_SPCA_osc
0.16 6.06 0.10890844255911482 cen_PCA
0.167 7.05 0.2509517077302909 cen_std_PCA
0.153 6.22 0.4413104112295126 cen_scl_PCA
0.132 6.28 0.19036564202134157 med_cen_PCA
0.125 6.7 0.3370515804632304 med_cen_std_PCA
0.125 5.71 0.45864050614980995 med_cen_scl_PCA
0.16 10.79 0.6688418952003712 cen_SPCA
0.187 8.46 -2.8537080942461293 cen_std_SPCA
0.014 0.56 0.8785228374986883 cen_scl_SPCA
0.153 10.79 0.6688655027489097 med_cen_SPCA
0.146 13.78 0.34134365561526375 med_cen_std_SPCA
0.014 0.54 0.8538369623011267 med_cen_scl_SPCA
