0.017 2.99 0.680034032758305 var_cen_osc
0.019 2.99 0.8336383221270581 var_cen_std_osc
0.019 2.99 0.8662977318877094 var_cen_scl_osc
0.036 2.99 0.5744683423001616 med_var_cen_osc
0.036 2.99 0.7745400238829317 med_var_cen_std_osc
0.036 2.99 0.9269823723126068 med_var_cen_scl_osc
0.049 4.64 0.6947281716091679 cen_pca_osc
0.144 12.1 0.9387098851872628 cen_std_pca_osc
0.08 9.94 0.9021080281678789 cen_scl_pca_osc
0.049 4.64 0.6947281716091679 med_cen_pca_osc
0.135 8.96 0.9915621720905142 med_cen_std_pca_osc
0.113 8.26 0.905083057757989 med_cen_scl_pca_osc
0.021 5.94 0.5171444088007657 cen_spca_osc
0.135 8.96 0.9915621720905128 cen_std_spca_osc
0.021 3.53 0.97579690406924 cen_scl_spca_osc
0.021 5.94 0.5171444088007657 med_cen_spca_osc
0.135 8.96 0.9915621720905128 med_cen_std_spca_osc
0.021 3.53 0.97579690406924 med_cen_scl_spca_osc
0.071 11.27 0.2414416821435628 cen_pca
0.099 12.53 0.181807597022598 cen_std_pca
0.102 10.91 0.20263252766415243 cen_scl_pca
0.071 10.4 0.22796766514108951 cen_pca
0.089 13.63 0.23076277584764363 med_cen_std_pca
0.087 11.65 0.2629446303283881 med_cen_scl_pca
0.115 10.45 0.44654026245574624 cen_spca
0.144 17.5 0.7602976783900764 cen_std_spca
0.016 1.51 0.7462192855223192 cen_scl_spca
0.033 6.04 0.7979134028406338 cen_spca
0.13 18.73 0.7850744304971891 med_cen_std_spca
0.016 1.36 0.7133106163268607 med_cen_scl_spca
