0.139 0.03 0.2352132136086483 var_cen_osc
0.194 0.03 0.05297883590304375 var_cen_std_osc
0.139 0.03 0.02385489741464929 var_cen_scl_osc
0.167 0.4 0.16210266004136997 med_var_cen_osc
0.167 0.4 0.16063839133268382 med_var_cen_std_osc
0.167 0.4 0.07038065029725661 med_var_cen_scl_osc
0.111 0.02 1.2883640573780093 cen_PCA_osc
0.139 0.37 0.8756630454563918 cen_std_PCA_osc
0.139 0.11 0.9543447605714643 cen_scl_PCA_osc
0.167 0.4 0.16210266004136997 med_cen_PCA_osc
0.139 0.37 0.8756630454563914 med_cen_std_PCA_osc
0.111 0.32 0.7382699088698232 med_cen_scl_PCA_osc
0.167 0.04 -17.12636526354987 cen_SPCA_osc
0.139 0.49 0.568414980489002 cen_std_SPCA_osc
0.139 0.1 0.9231852307463193 cen_scl_SPCA_osc
0.111 0.34 0.9140908005424856 med_cen_SPCA_osc
0.167 0.28 0.945998023473845 med_cen_std_SPCA_osc
0.111 0.11 0.876218068187976 med_cen_scl_SPCA_osc
0.083 3.37 0.24394046888769413 cen_PCA
0.111 2.71 0.12482573862639305 cen_std_PCA
0.111 3.07 0.21438333489077474 cen_scl_PCA
0.083 3.23 0.2787577932880433 med_cen_PCA
0.167 3.56 0.3594391376877127 med_cen_std_PCA
0.111 3.54 0.39026402906568214 med_cen_scl_PCA
0.111 0.72 -0.8366324426887181 cen_SPCA
0.167 3.72 0.2651260807530359 cen_std_SPCA
0.139 0.78 0.35619913009752946 cen_scl_SPCA
0.083 2.39 0.644348097288586 med_cen_SPCA
0.139 2.5 0.5329305420874193 med_cen_std_SPCA
0.111 0.95 0.10001129296229637 med_cen_scl_SPCA
