1.000000000000000000e+00 1.247370955703355655e+01 5.750000000000000000e+00 3.647555854410614029e-01
2.000000000000000000e+00 3.605323786513122020e+00 1.666666666666666741e+00 8.480064651677804433e-01
3.000000000000000000e+00 3.364630614369798156e+00 9.583333333333332593e-01 9.052769410873108269e-01
4.000000000000000000e+00 2.478869979136352875e+00 8.750000000000000000e-01 9.898337094663856028e-01
5.000000000000000000e+00 2.473947511617635708e+00 1.000000000000000000e+00 9.052207300543990698e-01
6.000000000000000000e+00 2.190697412502683683e+00 4.583333333333333148e-01 8.660539885275763128e-01
7.000000000000000000e+00 1.925739224751953138e+00 4.583333333333333703e-01 8.889030540977497230e-01
8.000000000000000000e+00 1.724749781719587594e+00 4.166666666666666297e-01 8.824144177801953592e-01
9.000000000000000000e+00 1.601109173197475144e+00 4.166666666666666297e-01 8.671526053073395079e-01
1.000000000000000000e+01 1.524347552534773387e+00 4.166666666666666297e-01 8.365489241465551284e-01
1.100000000000000000e+01 1.463580526480355859e+00 4.166666666666666297e-01 8.135433042651580848e-01
1.200000000000000000e+01 1.418385588959677479e+00 4.166666666666666297e-01 8.049306506283305795e-01
1.300000000000000000e+01 1.372865217402558402e+00 4.166666666666666297e-01 7.896555964931538663e-01
1.400000000000000000e+01 1.334094228166899709e+00 4.166666666666666297e-01 7.737162222510399756e-01
1.500000000000000000e+01 1.296026901296472245e+00 3.750000000000000000e-01 7.611927779961944474e-01
1.600000000000000000e+01 1.269959425142719978e+00 3.750000000000000000e-01 7.512910934609235980e-01
1.700000000000000000e+01 1.261246709846883141e+00 3.750000000000000000e-01 7.410260419675597232e-01
1.800000000000000000e+01 1.260108810376462385e+00 3.750000000000000000e-01 7.322476804186376365e-01
1.900000000000000000e+01 1.262196423187652572e+00 3.750000000000000000e-01 7.269952154727694627e-01
2.000000000000000000e+01 1.261551765411898618e+00 3.750000000000000000e-01 7.275948405896925930e-01
2.100000000000000000e+01 1.242978960036882130e+00 3.750000000000000000e-01 7.328258290597116087e-01
2.200000000000000000e+01 1.225533555199969982e+00 3.750000000000000000e-01 7.375398684669625116e-01
2.300000000000000000e+01 1.215820244684312934e+00 3.750000000000000000e-01 7.444602257722250371e-01
2.400000000000000000e+01 1.212339599379890442e+00 3.750000000000000000e-01 7.519872612927569477e-01
2.500000000000000000e+01 1.214478843712859524e+00 3.750000000000000000e-01 7.570615036790395713e-01
2.600000000000000000e+01 1.220912112377424696e+00 3.750000000000000000e-01 7.606377976904675764e-01
2.700000000000000000e+01 1.232155380094487773e+00 3.750000000000000000e-01 7.644365292694849101e-01
2.800000000000000000e+01 1.243386132946451061e+00 3.333333333333333148e-01 7.672942626240946140e-01
2.900000000000000000e+01 1.264653701340216596e+00 3.333333333333333148e-01 7.684952253327917981e-01
3.000000000000000000e+01 1.283221621114932764e+00 3.333333333333333148e-01 7.696782503291168531e-01
3.100000000000000000e+01 1.313175363855607847e+00 3.333333333333333148e-01 7.676295510636619301e-01
3.200000000000000000e+01 1.346067896803361919e+00 3.333333333333333148e-01 7.654072499308003374e-01
3.300000000000000000e+01 1.385407646727294662e+00 3.333333333333333148e-01 7.628255138583063255e-01
3.400000000000000000e+01 1.423585549969805797e+00 3.333333333333333148e-01 7.601873073600632358e-01
3.500000000000000000e+01 1.468685632376955041e+00 3.333333333333333148e-01 7.558386202432446632e-01
3.600000000000000000e+01 1.518849538461480186e+00 3.333333333333333148e-01 7.514571797416184085e-01
3.700000000000000000e+01 1.559822174142412088e+00 3.333333333333333148e-01 7.486375585960624024e-01
3.800000000000000000e+01 1.603305597971805163e+00 3.750000000000000000e-01 7.452132883003060870e-01
3.900000000000000000e+01 1.660400803415214677e+00 3.750000000000000000e-01 7.399201527373686638e-01
4.000000000000000000e+01 1.727542603471577065e+00 3.750000000000000000e-01 7.339530311966457887e-01
4.100000000000000000e+01 1.795845459044051351e+00 3.333333333333333703e-01 7.285010461078759159e-01
4.200000000000000000e+01 1.857751838618388218e+00 3.333333333333333703e-01 7.243466120192658675e-01
4.300000000000000000e+01 1.912159235662743262e+00 3.333333333333333703e-01 7.212086044974141963e-01
4.400000000000000000e+01 1.969271647395878233e+00 3.750000000000000000e-01 7.179566916353250505e-01
4.500000000000000000e+01 2.035072947510925712e+00 3.333333333333333703e-01 7.134551596818048402e-01
4.600000000000000000e+01 2.106043197513398635e+00 3.750000000000000000e-01 7.085540451482124080e-01
4.700000000000000000e+01 2.177910551633376546e+00 4.166666666666666297e-01 7.036309807966816265e-01
4.800000000000000000e+01 2.256606314561707016e+00 4.583333333333333703e-01 6.974181765574503089e-01
4.900000000000000000e+01 2.339691721667705337e+00 5.000000000000000000e-01 6.907519153332141171e-01
5.000000000000000000e+01 2.399670806368593201e+00 5.000000000000000000e-01 6.858339200611799358e-01
5.100000000000000000e+01 2.483637217898896576e+00 5.000000000000000000e-01 6.791976446996489392e-01
5.200000000000000000e+01 2.576750839782786517e+00 5.000000000000000000e-01 6.722646743366389455e-01
5.300000000000000000e+01 2.684373605556367171e+00 5.416666666666667407e-01 6.644470975674785507e-01
5.400000000000000000e+01 2.801967443574309602e+00 5.416666666666667407e-01 6.560844628348410090e-01
5.500000000000000000e+01 2.901576924375787403e+00 5.416666666666667407e-01 6.494060127580709718e-01
5.600000000000000000e+01 3.010405043686843474e+00 5.833333333333333703e-01 6.419894570032506076e-01
5.700000000000000000e+01 3.119741382097704463e+00 5.833333333333333703e-01 6.349245896749916573e-01
5.800000000000000000e+01 3.236341669114735087e+00 5.833333333333333703e-01 6.271251940167759109e-01
5.900000000000000000e+01 3.366791909437713670e+00 5.833333333333333703e-01 6.183958760745368322e-01
6.000000000000000000e+01 3.487833895665490402e+00 5.833333333333333703e-01 6.105472710469098674e-01
6.100000000000000000e+01 3.598281254805472340e+00 5.833333333333333703e-01 6.037821243016368022e-01
6.200000000000000000e+01 3.695605115550970154e+00 5.833333333333333703e-01 5.979648964596868677e-01
6.300000000000000000e+01 3.778147898463703580e+00 6.250000000000000000e-01 5.933119876410882787e-01
6.400000000000000000e+01 3.849738263701569796e+00 5.833333333333333703e-01 5.898484578400213785e-01
6.500000000000000000e+01 3.915351673319478198e+00 6.250000000000000000e-01 5.868400237835854627e-01
6.600000000000000000e+01 3.974881950454572266e+00 6.250000000000000000e-01 5.837393573505261779e-01
6.700000000000000000e+01 4.029239309939039337e+00 6.250000000000000000e-01 5.809105757901654732e-01
6.800000000000000000e+01 4.076770047297296529e+00 6.250000000000000000e-01 5.786060534245364151e-01
6.900000000000000000e+01 4.122202496405905414e+00 6.250000000000000000e-01 5.765157684676794903e-01
7.000000000000000000e+01 4.166787003674698120e+00 5.833333333333333703e-01 5.745042265257538361e-01
7.100000000000000000e+01 4.220773233169220262e+00 6.250000000000000000e-01 5.717645798578621097e-01
7.200000000000000000e+01 4.271044656159539876e+00 6.666666666666666297e-01 5.691738952688463193e-01
7.300000000000000000e+01 4.322376938061772478e+00 6.666666666666667407e-01 5.665687632744246249e-01
7.400000000000000000e+01 4.379515612420306070e+00 5.833333333333333703e-01 5.636259587702339147e-01
7.500000000000000000e+01 4.433682861991427693e+00 6.250000000000000000e-01 5.608146348967775197e-01
7.600000000000000000e+01 4.480459738547823534e+00 7.083333333333332593e-01 5.585490065522247249e-01
7.700000000000000000e+01 4.530720599140011906e+00 6.666666666666666297e-01 5.559685588422021985e-01
7.800000000000000000e+01 4.584008617834293808e+00 6.250000000000000000e-01 5.529992985986210696e-01
7.900000000000000000e+01 4.635162880130057061e+00 6.250000000000000000e-01 5.503237100174187546e-01
8.000000000000000000e+01 4.691984561437741341e+00 6.250000000000000000e-01 5.475215501765015036e-01
8.100000000000000000e+01 4.758591749852904229e+00 7.083333333333332593e-01 5.444227265711198971e-01
8.200000000000000000e+01 4.831226217937747869e+00 7.083333333333332593e-01 5.411922420725088223e-01
8.300000000000000000e+01 4.879892041799667624e+00 7.083333333333332593e-01 5.387711570797655281e-01
8.400000000000000000e+01 4.922110661325834080e+00 7.500000000000000000e-01 5.367201404999925041e-01
8.500000000000000000e+01 4.962014456388762262e+00 6.250000000000000000e-01 5.347085611275219641e-01
8.600000000000000000e+01 5.002723128755655502e+00 7.916666666666666297e-01 5.327958471087842485e-01
8.700000000000000000e+01 5.040025577406942681e+00 7.500000000000000000e-01 5.311994915620598112e-01
8.800000000000000000e+01 5.077291675479175481e+00 6.250000000000000000e-01 5.296510123939278669e-01
8.900000000000000000e+01 5.112215169940307113e+00 7.500000000000000000e-01 5.281891521179017390e-01
9.000000000000000000e+01 5.145007374006037359e+00 6.666666666666667407e-01 5.268306559135581546e-01
9.100000000000000000e+01 5.175750258377583179e+00 7.916666666666666297e-01 5.256595648060395920e-01
9.200000000000000000e+01 5.207452411820640670e+00 7.916666666666666297e-01 5.244063156626084243e-01
9.300000000000000000e+01 5.244420459782823229e+00 7.916666666666666297e-01 5.228246225165321670e-01
9.400000000000000000e+01 5.278567812687544603e+00 7.500000000000000000e-01 5.212553904457607468e-01
9.500000000000000000e+01 5.310485523658864615e+00 7.916666666666666297e-01 5.197481916017095971e-01
9.600000000000000000e+01 5.341128851569867386e+00 6.666666666666667407e-01 5.181626505895527979e-01
9.700000000000000000e+01 5.372855585730126116e+00 6.666666666666667407e-01 5.165126432726256933e-01
9.800000000000000000e+01 5.406878927091406162e+00 7.083333333333332593e-01 5.146836416723408192e-01
9.900000000000000000e+01 5.450658407147003892e+00 7.916666666666666297e-01 5.120866790601070750e-01
1.000000000000000000e+02 5.496281721015663813e+00 7.083333333333332593e-01 5.091961173224607284e-01
1.010000000000000000e+02 5.545499608433011041e+00 8.333333333333332593e-01 5.060379594452523166e-01
1.020000000000000000e+02 5.597018130866281638e+00 7.916666666666667407e-01 5.027723611978206497e-01
1.030000000000000000e+02 5.659267189294433287e+00 8.750000000000000000e-01 4.989444416907687363e-01
1.040000000000000000e+02 5.728058067333205550e+00 7.083333333333332593e-01 4.948694084210006339e-01
1.050000000000000000e+02 5.800095984851680875e+00 8.333333333333333703e-01 4.907556800138122011e-01
1.060000000000000000e+02 5.876465489430422906e+00 8.333333333333333703e-01 4.865259929890470292e-01
1.070000000000000000e+02 5.962898130591718804e+00 8.333333333333333703e-01 4.818311747546151214e-01
1.080000000000000000e+02 6.073559594411175766e+00 8.750000000000000000e-01 4.758968630389923127e-01
1.090000000000000000e+02 6.223255052520175745e+00 8.750000000000000000e-01 4.678806459151219621e-01
1.100000000000000000e+02 6.408368895268979237e+00 8.750000000000000000e-01 4.583708946884841318e-01
1.110000000000000000e+02 6.696238477813211354e+00 1.125000000000000000e+00 4.430871913906255788e-01
1.120000000000000000e+02 7.086075318446751758e+00 1.166666666666666519e+00 4.224726179567270257e-01
1.130000000000000000e+02 7.421220439382952172e+00 1.333333333333333259e+00 4.051646900732144840e-01
1.140000000000000000e+02 7.581688558013653711e+00 1.166666666666666519e+00 3.962744888468310300e-01
1.150000000000000000e+02 7.792921719624305688e+00 1.333333333333333259e+00 3.836828757075057550e-01
1.160000000000000000e+02 8.035454484920281359e+00 1.333333333333333259e+00 3.687119820377469104e-01
1.170000000000000000e+02 8.181327772598779191e+00 1.333333333333333259e+00 3.594413364182094672e-01
1.180000000000000000e+02 8.291309750052326066e+00 1.416666666666666519e+00 3.522480770267437111e-01
1.190000000000000000e+02 8.369549432773652597e+00 1.375000000000000000e+00 3.467901230977757931e-01
1.200000000000000000e+02 8.441856109543692810e+00 1.458333333333333481e+00 3.415289685467987058e-01
