0.198 0.64 0.9885328318859635 var_cen_osc
0.185 0.64 0.20664435521681207 var_cen_std_osc
0.188 0.64 0.3423412366942722 var_cen_scl_osc
0.015 1.48 0.5307614391529248 med_var_cen_osc
0.015 1.48 0.6939695902953572 med_var_cen_std_osc
0.015 1.48 0.8914614795742654 med_var_cen_scl_osc
0.127 1.24 0.7910026576983159 cen_PCA_osc
0.151 9.09 0.8150733458994435 cen_std_PCA_osc
0.16 5.65 0.9427278785176192 cen_scl_PCA_osc
0.015 1.48 0.5307614391529248 med_cen_PCA_osc
0.136 7.56 0.48440615400714016 med_cen_std_PCA_osc
0.046 3.22 0.5878372748023423 med_cen_scl_PCA_osc
0.015 1.48 0.5307614391529248 cen_SPCA_osc
0.17 8.55 0.9191623612579622 cen_std_SPCA_osc
0.077 2.15 0.659188268618867 cen_scl_SPCA_osc
0.015 1.48 0.5307614391529248 med_cen_SPCA_osc
0.17 8.55 0.9191623612579622 med_cen_std_SPCA_osc
0.077 2.15 0.659188268618867 med_cen_scl_SPCA_osc
0.127 8.87 0.4673184365585861 cen_PCA
0.17 13.62 0.34255886412131425 cen_std_PCA
0.16 12.06 0.46206312879416345 cen_scl_PCA
0.114 8.46 0.4824703986133824 med_cen_PCA
0.136 11.9 0.5228147070927331 med_cen_std_PCA
0.145 10.09 0.838839342097872 med_cen_scl_PCA
0.034 3.62 0.8018031809088727 cen_SPCA
0.154 18.08 0.8057133217290638 cen_std_SPCA
0.022 1.88 0.9020278457527869 cen_scl_SPCA
0.034 3.57 0.8140811923755127 med_cen_SPCA
0.142 17.66 0.8329371964622854 med_cen_std_SPCA
0.019 1.93 0.9476776401661143 med_cen_scl_SPCA
