1.000000000000000000e+00 1.869999999999999996e-01 7.367350000000000065e+00 7.345199999999999507e-01
2.000000000000000000e+00 1.869999999999999996e-01 7.379319999999999879e+00 7.049900000000000055e-01
3.000000000000000000e+00 1.809999999999999942e-01 7.022859999999999658e+00 6.169700000000000184e-01
4.000000000000000000e+00 1.739999999999999880e-01 6.616880000000000095e+00 5.365900000000000114e-01
5.000000000000000000e+00 1.739999999999999880e-01 6.274930000000000341e+00 4.773800000000000265e-01
6.000000000000000000e+00 1.739999999999999880e-01 6.009619999999999962e+00 4.292000000000000259e-01
7.000000000000000000e+00 1.739999999999999880e-01 5.798739999999999561e+00 3.926299999999999790e-01
8.000000000000000000e+00 1.739999999999999880e-01 5.591289999999999871e+00 3.653500000000000081e-01
9.000000000000000000e+00 1.739999999999999880e-01 5.408159999999999634e+00 3.463999999999999857e-01
1.000000000000000000e+01 1.940000000000000058e-01 2.500560000000000116e+00 2.190900000000000070e-01
1.100000000000000000e+01 1.809999999999999942e-01 5.080849999999999866e+00 3.187099999999999933e-01
1.200000000000000000e+01 1.809999999999999942e-01 4.940439999999999721e+00 3.093400000000000039e-01
1.300000000000000000e+01 -1.000000000000000000e+00 -1.000000000000000000e+00 0.000000000000000000e+00
1.400000000000000000e+01 -1.000000000000000000e+00 -1.000000000000000000e+00 0.000000000000000000e+00
1.500000000000000000e+01 1.809999999999999942e-01 4.593659999999999854e+00 2.839599999999999902e-01
1.600000000000000000e+01 -1.000000000000000000e+00 -1.000000000000000000e+00 0.000000000000000000e+00
1.700000000000000000e+01 -1.000000000000000000e+00 -1.000000000000000000e+00 0.000000000000000000e+00
1.800000000000000000e+01 -1.000000000000000000e+00 -1.000000000000000000e+00 0.000000000000000000e+00
1.900000000000000000e+01 -1.000000000000000000e+00 -1.000000000000000000e+00 0.000000000000000000e+00
2.000000000000000000e+01 1.809999999999999942e-01 4.247659999999999769e+00 2.656999999999999917e-01
2.100000000000000000e+01 -1.000000000000000000e+00 -1.000000000000000000e+00 0.000000000000000000e+00
2.200000000000000000e+01 -1.000000000000000000e+00 -1.000000000000000000e+00 0.000000000000000000e+00
2.300000000000000000e+01 1.809999999999999942e-01 4.147289999999999921e+00 2.623599999999999821e-01
2.400000000000000000e+01 -1.000000000000000000e+00 -1.000000000000000000e+00 0.000000000000000000e+00
2.500000000000000000e+01 -1.000000000000000000e+00 -1.000000000000000000e+00 0.000000000000000000e+00
2.600000000000000000e+01 -1.000000000000000000e+00 -1.000000000000000000e+00 0.000000000000000000e+00
2.700000000000000000e+01 -1.000000000000000000e+00 -1.000000000000000000e+00 0.000000000000000000e+00
2.800000000000000000e+01 1.529999999999999971e-01 8.009100000000000108e-01 1.945600000000000107e-01
2.900000000000000000e+01 1.529999999999999971e-01 8.074500000000000011e-01 2.427499999999999936e-01
3.000000000000000000e+01 1.529999999999999971e-01 8.206999999999999851e-01 2.630100000000000215e-01
3.100000000000000000e+01 1.809999999999999942e-01 3.997090000000000032e+00 2.629799999999999915e-01
3.200000000000000000e+01 1.529999999999999971e-01 8.066900000000000182e-01 2.817399999999999904e-01
3.300000000000000000e+01 1.529999999999999971e-01 7.957699999999999774e-01 2.861600000000000255e-01
3.400000000000000000e+01 1.529999999999999971e-01 7.878600000000000048e-01 2.898700000000000165e-01
3.500000000000000000e+01 1.529999999999999971e-01 7.735300000000000509e-01 2.941400000000000126e-01
3.600000000000000000e+01 1.809999999999999942e-01 3.907080000000000108e+00 2.633699999999999930e-01
3.700000000000000000e+01 1.529999999999999971e-01 7.339299999999999713e-01 3.006300000000000083e-01
3.800000000000000000e+01 1.529999999999999971e-01 7.046900000000000386e-01 3.042500000000000204e-01
3.900000000000000000e+01 1.529999999999999971e-01 6.741300000000000070e-01 3.086300000000000154e-01
4.000000000000000000e+01 1.529999999999999971e-01 6.477199999999999624e-01 3.137900000000000134e-01
4.100000000000000000e+01 1.809999999999999942e-01 3.859560000000000102e+00 2.647399999999999753e-01
4.200000000000000000e+01 1.529999999999999971e-01 5.959900000000000198e-01 3.245799999999999796e-01
4.300000000000000000e+01 1.809999999999999942e-01 3.842000000000000082e+00 2.649799999999999933e-01
4.400000000000000000e+01 1.529999999999999971e-01 5.470199999999999507e-01 3.373900000000000232e-01
4.500000000000000000e+01 1.529999999999999971e-01 5.254699999999999926e-01 3.428700000000000081e-01
4.600000000000000000e+01 1.529999999999999971e-01 5.080700000000000216e-01 3.470199999999999951e-01
4.700000000000000000e+01 1.529999999999999971e-01 4.927500000000000213e-01 3.511500000000000177e-01
4.800000000000000000e+01 1.529999999999999971e-01 4.780200000000000005e-01 3.556699999999999862e-01
4.900000000000000000e+01 1.529999999999999971e-01 4.650299999999999989e-01 3.603700000000000236e-01
5.000000000000000000e+01 1.529999999999999971e-01 4.542599999999999971e-01 3.653399999999999981e-01
5.100000000000000000e+01 1.529999999999999971e-01 4.465799999999999770e-01 3.706099999999999950e-01
5.200000000000000000e+01 1.529999999999999971e-01 4.406200000000000117e-01 3.748500000000000165e-01
5.300000000000000000e+01 1.529999999999999971e-01 4.330499999999999905e-01 3.783799999999999941e-01
5.400000000000000000e+01 1.529999999999999971e-01 4.259600000000000053e-01 3.820600000000000107e-01
5.500000000000000000e+01 1.529999999999999971e-01 4.204399999999999804e-01 3.855999999999999983e-01
5.600000000000000000e+01 1.529999999999999971e-01 4.153700000000000170e-01 3.889699999999999824e-01
5.700000000000000000e+01 1.529999999999999971e-01 4.110599999999999810e-01 3.922300000000000231e-01
5.800000000000000000e+01 1.529999999999999971e-01 4.047499999999999987e-01 3.955899999999999972e-01
5.900000000000000000e+01 1.529999999999999971e-01 3.981700000000000239e-01 3.989599999999999813e-01
6.000000000000000000e+01 1.529999999999999971e-01 3.924500000000000210e-01 4.017999999999999905e-01
6.100000000000000000e+01 1.529999999999999971e-01 3.869000000000000217e-01 4.035199999999999898e-01
6.200000000000000000e+01 1.529999999999999971e-01 3.815899999999999848e-01 4.047700000000000187e-01
6.300000000000000000e+01 1.529999999999999971e-01 3.769000000000000128e-01 4.056799999999999851e-01
6.400000000000000000e+01 1.529999999999999971e-01 3.724600000000000133e-01 4.057000000000000051e-01
6.500000000000000000e+01 1.529999999999999971e-01 3.686599999999999877e-01 4.034400000000000208e-01
6.600000000000000000e+01 1.529999999999999971e-01 3.650300000000000211e-01 3.959599999999999786e-01
6.700000000000000000e+01 1.529999999999999971e-01 3.614899999999999780e-01 3.853300000000000058e-01
6.800000000000000000e+01 1.529999999999999971e-01 3.589800000000000213e-01 3.697699999999999876e-01
6.900000000000000000e+01 1.529999999999999971e-01 3.577299999999999924e-01 3.468999999999999861e-01
7.000000000000000000e+01 1.529999999999999971e-01 3.576400000000000134e-01 3.147300000000000098e-01
7.100000000000000000e+01 1.529999999999999971e-01 3.578299999999999814e-01 2.716500000000000026e-01
7.200000000000000000e+01 1.529999999999999971e-01 3.578000000000000069e-01 2.068399999999999961e-01
7.300000000000000000e+01 1.529999999999999971e-01 3.583399999999999919e-01 5.535000000000000336e-02
7.400000000000000000e+01 -1.000000000000000000e+00 -1.000000000000000000e+00 0.000000000000000000e+00
7.500000000000000000e+01 -1.000000000000000000e+00 -1.000000000000000000e+00 0.000000000000000000e+00
7.600000000000000000e+01 -1.000000000000000000e+00 -1.000000000000000000e+00 0.000000000000000000e+00
7.700000000000000000e+01 -1.000000000000000000e+00 -1.000000000000000000e+00 0.000000000000000000e+00
7.800000000000000000e+01 -1.000000000000000000e+00 -1.000000000000000000e+00 0.000000000000000000e+00
7.900000000000000000e+01 -1.000000000000000000e+00 -1.000000000000000000e+00 0.000000000000000000e+00
8.000000000000000000e+01 -1.000000000000000000e+00 -1.000000000000000000e+00 0.000000000000000000e+00
8.100000000000000000e+01 -1.000000000000000000e+00 -1.000000000000000000e+00 0.000000000000000000e+00
8.200000000000000000e+01 -1.000000000000000000e+00 -1.000000000000000000e+00 0.000000000000000000e+00
8.300000000000000000e+01 -1.000000000000000000e+00 -1.000000000000000000e+00 0.000000000000000000e+00
8.400000000000000000e+01 -1.000000000000000000e+00 -1.000000000000000000e+00 0.000000000000000000e+00
8.500000000000000000e+01 -1.000000000000000000e+00 -1.000000000000000000e+00 0.000000000000000000e+00
8.600000000000000000e+01 -1.000000000000000000e+00 -1.000000000000000000e+00 0.000000000000000000e+00
8.700000000000000000e+01 -1.000000000000000000e+00 -1.000000000000000000e+00 0.000000000000000000e+00
8.800000000000000000e+01 1.739999999999999880e-01 3.745610000000000106e+00 2.758900000000000241e-01
8.900000000000000000e+01 -1.000000000000000000e+00 -1.000000000000000000e+00 0.000000000000000000e+00
9.000000000000000000e+01 -1.000000000000000000e+00 -1.000000000000000000e+00 0.000000000000000000e+00
9.100000000000000000e+01 -1.000000000000000000e+00 -1.000000000000000000e+00 0.000000000000000000e+00
9.200000000000000000e+01 -1.000000000000000000e+00 -1.000000000000000000e+00 0.000000000000000000e+00
9.300000000000000000e+01 -1.000000000000000000e+00 -1.000000000000000000e+00 0.000000000000000000e+00
9.400000000000000000e+01 -1.000000000000000000e+00 -1.000000000000000000e+00 0.000000000000000000e+00
9.500000000000000000e+01 -1.000000000000000000e+00 -1.000000000000000000e+00 0.000000000000000000e+00
9.600000000000000000e+01 -1.000000000000000000e+00 -1.000000000000000000e+00 0.000000000000000000e+00
9.700000000000000000e+01 -1.000000000000000000e+00 -1.000000000000000000e+00 0.000000000000000000e+00
9.800000000000000000e+01 -1.000000000000000000e+00 -1.000000000000000000e+00 0.000000000000000000e+00
9.900000000000000000e+01 -1.000000000000000000e+00 -1.000000000000000000e+00 0.000000000000000000e+00
1.000000000000000000e+02 -1.000000000000000000e+00 -1.000000000000000000e+00 0.000000000000000000e+00
1.010000000000000000e+02 -1.000000000000000000e+00 -1.000000000000000000e+00 0.000000000000000000e+00
1.020000000000000000e+02 -1.000000000000000000e+00 -1.000000000000000000e+00 0.000000000000000000e+00
1.030000000000000000e+02 -1.000000000000000000e+00 -1.000000000000000000e+00 0.000000000000000000e+00
1.040000000000000000e+02 -1.000000000000000000e+00 -1.000000000000000000e+00 0.000000000000000000e+00
1.050000000000000000e+02 -1.000000000000000000e+00 -1.000000000000000000e+00 0.000000000000000000e+00
1.060000000000000000e+02 -1.000000000000000000e+00 -1.000000000000000000e+00 0.000000000000000000e+00
1.070000000000000000e+02 -1.000000000000000000e+00 -1.000000000000000000e+00 0.000000000000000000e+00
1.080000000000000000e+02 -1.000000000000000000e+00 -1.000000000000000000e+00 0.000000000000000000e+00
1.090000000000000000e+02 1.529999999999999971e-01 8.465599999999999792e-01 3.702599999999999780e-01
1.100000000000000000e+02 1.529999999999999971e-01 8.714899999999999869e-01 5.515299999999999647e-01
1.110000000000000000e+02 1.529999999999999971e-01 8.963900000000000201e-01 6.287300000000000111e-01
1.120000000000000000e+02 1.529999999999999971e-01 9.197999999999999510e-01 6.474400000000000155e-01
1.130000000000000000e+02 1.529999999999999971e-01 9.448600000000000332e-01 6.354899999999999993e-01
1.140000000000000000e+02 1.529999999999999971e-01 9.730199999999999960e-01 6.023300000000000320e-01
1.150000000000000000e+02 1.529999999999999971e-01 1.001609999999999889e+00 5.651100000000000012e-01
1.160000000000000000e+02 1.529999999999999971e-01 1.031889999999999974e+00 5.296100000000000252e-01
1.170000000000000000e+02 1.529999999999999971e-01 1.057379999999999987e+00 5.033300000000000551e-01
1.180000000000000000e+02 1.529999999999999971e-01 1.086549999999999905e+00 4.766199999999999881e-01
1.190000000000000000e+02 1.529999999999999971e-01 1.113869999999999916e+00 4.541600000000000081e-01
1.200000000000000000e+02 1.529999999999999971e-01 1.141699999999999937e+00 4.335300000000000264e-01
