1.000000000000000000e+00 1.670000000000000095e-01 3.439150000000000151e+00 6.204800000000000315e-01
2.000000000000000000e+00 1.670000000000000095e-01 3.439150000000000151e+00 6.204800000000000315e-01
3.000000000000000000e+00 1.529999999999999971e-01 1.144470000000000098e+00 3.053899999999999948e-01
4.000000000000000000e+00 1.529999999999999971e-01 1.144470000000000098e+00 3.053899999999999948e-01
5.000000000000000000e+00 1.529999999999999971e-01 1.144470000000000098e+00 3.053899999999999948e-01
6.000000000000000000e+00 1.529999999999999971e-01 1.761439999999999895e+00 5.154199999999999893e-01
7.000000000000000000e+00 1.529999999999999971e-01 1.761439999999999895e+00 5.154199999999999893e-01
8.000000000000000000e+00 1.670000000000000095e-01 1.461929999999999952e+00 5.456199999999999939e-01
9.000000000000000000e+00 1.670000000000000095e-01 1.461929999999999952e+00 5.456199999999999939e-01
1.000000000000000000e+01 1.390000000000000124e-01 2.489720000000000155e+00 3.598199999999999732e-01
1.100000000000000000e+01 1.529999999999999971e-01 1.367729999999999890e+00 1.494199999999999973e-01
1.200000000000000000e+01 1.529999999999999971e-01 1.367729999999999890e+00 1.494199999999999973e-01
1.300000000000000000e+01 1.529999999999999971e-01 7.456300000000000150e-01 1.076000000000000012e-01
1.400000000000000000e+01 1.529999999999999971e-01 7.456300000000000150e-01 1.076000000000000012e-01
1.500000000000000000e+01 1.529999999999999971e-01 1.331860000000000044e+00 4.997099999999999875e-01
1.600000000000000000e+01 1.529999999999999971e-01 7.456300000000000150e-01 1.076000000000000012e-01
1.700000000000000000e+01 1.529999999999999971e-01 7.456300000000000150e-01 1.076000000000000012e-01
1.800000000000000000e+01 1.529999999999999971e-01 7.456300000000000150e-01 1.076000000000000012e-01
1.900000000000000000e+01 1.529999999999999971e-01 7.456300000000000150e-01 1.076000000000000012e-01
2.000000000000000000e+01 1.529999999999999971e-01 1.331860000000000044e+00 4.997099999999999875e-01
2.100000000000000000e+01 1.529999999999999971e-01 7.456300000000000150e-01 1.076000000000000012e-01
2.200000000000000000e+01 1.529999999999999971e-01 7.456300000000000150e-01 1.076000000000000012e-01
2.300000000000000000e+01 1.529999999999999971e-01 1.165319999999999911e+00 5.083900000000000086e-01
2.400000000000000000e+01 1.529999999999999971e-01 7.456300000000000150e-01 1.076000000000000012e-01
2.500000000000000000e+01 1.529999999999999971e-01 7.456300000000000150e-01 1.076000000000000012e-01
2.600000000000000000e+01 1.529999999999999971e-01 7.456300000000000150e-01 1.076000000000000012e-01
2.700000000000000000e+01 1.529999999999999971e-01 7.456300000000000150e-01 1.076000000000000012e-01
2.800000000000000000e+01 1.459999999999999909e-01 4.549799999999999955e-01 4.052600000000000091e-01
2.900000000000000000e+01 1.459999999999999909e-01 4.549799999999999955e-01 4.052600000000000091e-01
3.000000000000000000e+01 1.459999999999999909e-01 4.549799999999999955e-01 4.052600000000000091e-01
3.100000000000000000e+01 1.529999999999999971e-01 7.456300000000000150e-01 1.076000000000000012e-01
3.200000000000000000e+01 1.459999999999999909e-01 4.549799999999999955e-01 4.052600000000000091e-01
3.300000000000000000e+01 1.459999999999999909e-01 4.549799999999999955e-01 4.052600000000000091e-01
3.400000000000000000e+01 1.459999999999999909e-01 4.549799999999999955e-01 4.052600000000000091e-01
3.500000000000000000e+01 1.459999999999999909e-01 4.549799999999999955e-01 4.052600000000000091e-01
3.600000000000000000e+01 1.529999999999999971e-01 7.456300000000000150e-01 1.076000000000000012e-01
3.700000000000000000e+01 1.459999999999999909e-01 4.549799999999999955e-01 4.052600000000000091e-01
3.800000000000000000e+01 1.459999999999999909e-01 4.549799999999999955e-01 4.052600000000000091e-01
3.900000000000000000e+01 1.529999999999999971e-01 3.583700000000000219e-01 6.254300000000000415e-01
4.000000000000000000e+01 1.529999999999999971e-01 3.583700000000000219e-01 6.254300000000000415e-01
4.100000000000000000e+01 1.529999999999999971e-01 7.456300000000000150e-01 1.076000000000000012e-01
4.200000000000000000e+01 1.529999999999999971e-01 3.583700000000000219e-01 6.254300000000000415e-01
4.300000000000000000e+01 1.529999999999999971e-01 7.456300000000000150e-01 1.076000000000000012e-01
4.400000000000000000e+01 1.529999999999999971e-01 3.583700000000000219e-01 6.254300000000000415e-01
4.500000000000000000e+01 1.529999999999999971e-01 3.583700000000000219e-01 6.254300000000000415e-01
4.600000000000000000e+01 1.529999999999999971e-01 3.583700000000000219e-01 6.254300000000000415e-01
4.700000000000000000e+01 1.529999999999999971e-01 3.583700000000000219e-01 6.254300000000000415e-01
4.800000000000000000e+01 1.529999999999999971e-01 3.583700000000000219e-01 6.254300000000000415e-01
4.900000000000000000e+01 1.529999999999999971e-01 3.583700000000000219e-01 6.254300000000000415e-01
5.000000000000000000e+01 1.529999999999999971e-01 3.583700000000000219e-01 6.254300000000000415e-01
5.100000000000000000e+01 1.529999999999999971e-01 3.583700000000000219e-01 6.254300000000000415e-01
5.200000000000000000e+01 1.529999999999999971e-01 3.583700000000000219e-01 6.254300000000000415e-01
5.300000000000000000e+01 1.529999999999999971e-01 3.583700000000000219e-01 6.254300000000000415e-01
5.400000000000000000e+01 1.529999999999999971e-01 3.583700000000000219e-01 6.254300000000000415e-01
5.500000000000000000e+01 1.529999999999999971e-01 3.583700000000000219e-01 6.254300000000000415e-01
5.600000000000000000e+01 1.529999999999999971e-01 3.583700000000000219e-01 6.254300000000000415e-01
5.700000000000000000e+01 1.529999999999999971e-01 3.583700000000000219e-01 6.254300000000000415e-01
5.800000000000000000e+01 1.529999999999999971e-01 3.583700000000000219e-01 6.254300000000000415e-01
5.900000000000000000e+01 1.529999999999999971e-01 3.583700000000000219e-01 6.254300000000000415e-01
6.000000000000000000e+01 1.529999999999999971e-01 3.583700000000000219e-01 6.254300000000000415e-01
6.100000000000000000e+01 1.529999999999999971e-01 3.583700000000000219e-01 6.254300000000000415e-01
6.200000000000000000e+01 1.529999999999999971e-01 3.583700000000000219e-01 6.254300000000000415e-01
6.300000000000000000e+01 1.529999999999999971e-01 3.583700000000000219e-01 6.254300000000000415e-01
6.400000000000000000e+01 1.529999999999999971e-01 3.583700000000000219e-01 6.254300000000000415e-01
6.500000000000000000e+01 1.529999999999999971e-01 3.583700000000000219e-01 6.254300000000000415e-01
6.600000000000000000e+01 1.529999999999999971e-01 3.583700000000000219e-01 6.254300000000000415e-01
6.700000000000000000e+01 1.529999999999999971e-01 3.583700000000000219e-01 6.254300000000000415e-01
6.800000000000000000e+01 1.529999999999999971e-01 3.583700000000000219e-01 6.254300000000000415e-01
6.900000000000000000e+01 1.529999999999999971e-01 3.583700000000000219e-01 6.254300000000000415e-01
7.000000000000000000e+01 1.529999999999999971e-01 3.583700000000000219e-01 6.254300000000000415e-01
7.100000000000000000e+01 1.529999999999999971e-01 3.583700000000000219e-01 6.254300000000000415e-01
7.200000000000000000e+01 1.529999999999999971e-01 3.583700000000000219e-01 6.254300000000000415e-01
7.300000000000000000e+01 1.529999999999999971e-01 3.583700000000000219e-01 6.254300000000000415e-01
7.400000000000000000e+01 1.529999999999999971e-01 3.583700000000000219e-01 6.254300000000000415e-01
7.500000000000000000e+01 1.529999999999999971e-01 3.583700000000000219e-01 6.254300000000000415e-01
7.600000000000000000e+01 1.529999999999999971e-01 3.583700000000000219e-01 6.254300000000000415e-01
7.700000000000000000e+01 1.529999999999999971e-01 3.583700000000000219e-01 6.254300000000000415e-01
7.800000000000000000e+01 1.529999999999999971e-01 3.583700000000000219e-01 6.254300000000000415e-01
7.900000000000000000e+01 1.529999999999999971e-01 3.583700000000000219e-01 6.254300000000000415e-01
8.000000000000000000e+01 1.529999999999999971e-01 3.583700000000000219e-01 6.254300000000000415e-01
8.100000000000000000e+01 1.529999999999999971e-01 3.583700000000000219e-01 6.254300000000000415e-01
8.200000000000000000e+01 1.529999999999999971e-01 3.583700000000000219e-01 6.254300000000000415e-01
8.300000000000000000e+01 1.529999999999999971e-01 3.583700000000000219e-01 6.254300000000000415e-01
8.400000000000000000e+01 1.529999999999999971e-01 3.583700000000000219e-01 6.254300000000000415e-01
8.500000000000000000e+01 1.529999999999999971e-01 3.583700000000000219e-01 6.254300000000000415e-01
8.600000000000000000e+01 1.529999999999999971e-01 3.583700000000000219e-01 6.254300000000000415e-01
8.700000000000000000e+01 1.529999999999999971e-01 3.583700000000000219e-01 6.254300000000000415e-01
8.800000000000000000e+01 1.529999999999999971e-01 7.456300000000000150e-01 1.076000000000000012e-01
8.900000000000000000e+01 1.529999999999999971e-01 3.583700000000000219e-01 6.254300000000000415e-01
9.000000000000000000e+01 1.529999999999999971e-01 3.583700000000000219e-01 6.254300000000000415e-01
9.100000000000000000e+01 1.529999999999999971e-01 3.583700000000000219e-01 6.254300000000000415e-01
9.200000000000000000e+01 1.529999999999999971e-01 3.583700000000000219e-01 6.254300000000000415e-01
9.300000000000000000e+01 1.529999999999999971e-01 3.583700000000000219e-01 6.254300000000000415e-01
9.400000000000000000e+01 1.529999999999999971e-01 3.583700000000000219e-01 6.254300000000000415e-01
9.500000000000000000e+01 1.529999999999999971e-01 3.583700000000000219e-01 6.254300000000000415e-01
9.600000000000000000e+01 1.529999999999999971e-01 3.583700000000000219e-01 6.254300000000000415e-01
9.700000000000000000e+01 1.529999999999999971e-01 3.583700000000000219e-01 6.254300000000000415e-01
9.800000000000000000e+01 1.529999999999999971e-01 3.583700000000000219e-01 6.254300000000000415e-01
9.900000000000000000e+01 1.529999999999999971e-01 3.583700000000000219e-01 6.254300000000000415e-01
1.000000000000000000e+02 1.529999999999999971e-01 3.583700000000000219e-01 6.254300000000000415e-01
1.010000000000000000e+02 1.529999999999999971e-01 3.583700000000000219e-01 6.254300000000000415e-01
1.020000000000000000e+02 1.529999999999999971e-01 3.583700000000000219e-01 6.254300000000000415e-01
1.030000000000000000e+02 1.529999999999999971e-01 3.583700000000000219e-01 6.254300000000000415e-01
1.040000000000000000e+02 1.529999999999999971e-01 3.583700000000000219e-01 6.254300000000000415e-01
1.050000000000000000e+02 1.529999999999999971e-01 3.583700000000000219e-01 6.254300000000000415e-01
1.060000000000000000e+02 1.529999999999999971e-01 3.583700000000000219e-01 6.254300000000000415e-01
1.070000000000000000e+02 1.529999999999999971e-01 3.583700000000000219e-01 6.254300000000000415e-01
1.080000000000000000e+02 1.529999999999999971e-01 3.583700000000000219e-01 6.254300000000000415e-01
1.090000000000000000e+02 1.529999999999999971e-01 3.583700000000000219e-01 6.254300000000000415e-01
1.100000000000000000e+02 1.529999999999999971e-01 3.583700000000000219e-01 6.254300000000000415e-01
1.110000000000000000e+02 1.529999999999999971e-01 3.583700000000000219e-01 6.254300000000000415e-01
1.120000000000000000e+02 1.529999999999999971e-01 3.583700000000000219e-01 6.254300000000000415e-01
1.130000000000000000e+02 1.529999999999999971e-01 3.583700000000000219e-01 6.254300000000000415e-01
1.140000000000000000e+02 1.529999999999999971e-01 3.583700000000000219e-01 6.254300000000000415e-01
1.150000000000000000e+02 1.529999999999999971e-01 3.583700000000000219e-01 6.254300000000000415e-01
1.160000000000000000e+02 1.529999999999999971e-01 3.583700000000000219e-01 6.254300000000000415e-01
1.170000000000000000e+02 1.529999999999999971e-01 3.583700000000000219e-01 6.254300000000000415e-01
1.180000000000000000e+02 1.529999999999999971e-01 3.583700000000000219e-01 6.254300000000000415e-01
1.190000000000000000e+02 1.529999999999999971e-01 3.583700000000000219e-01 6.254300000000000415e-01
1.200000000000000000e+02 1.529999999999999971e-01 3.583700000000000219e-01 6.254300000000000415e-01
