1.000000000000000000e+00 1.600000000000000033e-01 8.016099999999999781e+00 6.639899999999999691e-01
2.000000000000000000e+00 1.529999999999999971e-01 4.404819999999999958e+00 6.311400000000000343e-01
3.000000000000000000e+00 1.529999999999999971e-01 4.472019999999999662e+00 6.433400000000000230e-01
4.000000000000000000e+00 1.600000000000000033e-01 4.540339999999999598e+00 6.501299999999999857e-01
5.000000000000000000e+00 1.600000000000000033e-01 4.594890000000000363e+00 6.594799999999999551e-01
6.000000000000000000e+00 1.600000000000000033e-01 4.638910000000000089e+00 6.752000000000000224e-01
7.000000000000000000e+00 1.600000000000000033e-01 4.680170000000000385e+00 6.891300000000000203e-01
8.000000000000000000e+00 1.600000000000000033e-01 4.706450000000000244e+00 7.002899999999999681e-01
9.000000000000000000e+00 1.600000000000000033e-01 4.713919999999999888e+00 7.100400000000000045e-01
1.000000000000000000e+01 1.600000000000000033e-01 4.722190000000000332e+00 7.175000000000000266e-01
1.100000000000000000e+01 2.079999999999999905e-01 9.028959999999999653e+00 5.773200000000000554e-01
1.200000000000000000e+01 1.600000000000000033e-01 4.739270000000000316e+00 7.263300000000000312e-01
1.300000000000000000e+01 1.600000000000000033e-01 4.751920000000000144e+00 7.288799999999999724e-01
1.400000000000000000e+01 2.079999999999999905e-01 9.075350000000000250e+00 5.731800000000000228e-01
1.500000000000000000e+01 2.079999999999999905e-01 9.093609999999999971e+00 5.713099999999999845e-01
1.600000000000000000e+01 2.079999999999999905e-01 9.111860000000000070e+00 5.665099999999999580e-01
1.700000000000000000e+01 2.079999999999999905e-01 9.128909999999999414e+00 5.593500000000000139e-01
1.800000000000000000e+01 2.079999999999999905e-01 9.143670000000000186e+00 5.519800000000000262e-01
1.900000000000000000e+01 2.079999999999999905e-01 9.157299999999999329e+00 5.456299999999999484e-01
2.000000000000000000e+01 2.079999999999999905e-01 9.169219999999999260e+00 5.395600000000000396e-01
2.100000000000000000e+01 2.079999999999999905e-01 9.179330000000000211e+00 5.337800000000000322e-01
2.200000000000000000e+01 2.079999999999999905e-01 9.186159999999999215e+00 5.290500000000000203e-01
2.300000000000000000e+01 2.079999999999999905e-01 9.191629999999999967e+00 5.244799999999999462e-01
2.400000000000000000e+01 2.079999999999999905e-01 9.193170000000000286e+00 5.206499999999999462e-01
2.500000000000000000e+01 2.079999999999999905e-01 9.191200000000000259e+00 5.177699999999999525e-01
2.600000000000000000e+01 2.079999999999999905e-01 9.188660000000000494e+00 5.148399999999999643e-01
2.700000000000000000e+01 2.079999999999999905e-01 9.185959999999999681e+00 5.123299999999999521e-01
2.800000000000000000e+01 2.079999999999999905e-01 9.179510000000000502e+00 5.111599999999999477e-01
2.900000000000000000e+01 2.079999999999999905e-01 9.170820000000000860e+00 5.105800000000000338e-01
3.000000000000000000e+01 2.079999999999999905e-01 9.163370000000000459e+00 5.103100000000000414e-01
3.100000000000000000e+01 2.079999999999999905e-01 9.156729999999999592e+00 5.104800000000000448e-01
3.200000000000000000e+01 2.079999999999999905e-01 9.145270000000000010e+00 5.109399999999999498e-01
3.300000000000000000e+01 2.010000000000000120e-01 9.131629999999999470e+00 5.111999999999999877e-01
3.400000000000000000e+01 2.010000000000000120e-01 9.118460000000000676e+00 5.114100000000000312e-01
3.500000000000000000e+01 1.940000000000000058e-01 9.105339999999999989e+00 5.117500000000000382e-01
3.600000000000000000e+01 1.940000000000000058e-01 9.092710000000000292e+00 5.120900000000000452e-01
3.700000000000000000e+01 1.940000000000000058e-01 9.080230000000000246e+00 5.120700000000000252e-01
3.800000000000000000e+01 1.940000000000000058e-01 9.068110000000000781e+00 5.119599999999999707e-01
3.900000000000000000e+01 1.940000000000000058e-01 9.056749999999999190e+00 5.117099999999999982e-01
4.000000000000000000e+01 1.940000000000000058e-01 9.045999999999999375e+00 5.116000000000000547e-01
4.100000000000000000e+01 1.869999999999999996e-01 9.036039999999999850e+00 5.115699999999999692e-01
4.200000000000000000e+01 1.869999999999999996e-01 9.026490000000000791e+00 5.115600000000000147e-01
4.300000000000000000e+01 1.869999999999999996e-01 9.017899999999999139e+00 5.114999999999999547e-01
4.400000000000000000e+01 1.869999999999999996e-01 9.009280000000000399e+00 5.114900000000000002e-01
4.500000000000000000e+01 1.869999999999999996e-01 9.001060000000000727e+00 5.113799999999999457e-01
4.600000000000000000e+01 1.869999999999999996e-01 8.995760000000000645e+00 5.114300000000000512e-01
4.700000000000000000e+01 1.869999999999999996e-01 8.990520000000000067e+00 5.115699999999999692e-01
4.800000000000000000e+01 1.869999999999999996e-01 8.985910000000000508e+00 5.117199999999999527e-01
4.900000000000000000e+01 1.940000000000000058e-01 8.980959999999999610e+00 5.119599999999999707e-01
5.000000000000000000e+01 1.940000000000000058e-01 8.974330000000000140e+00 5.123600000000000376e-01
5.100000000000000000e+01 1.940000000000000058e-01 8.967940000000000467e+00 5.128300000000000081e-01
5.200000000000000000e+01 1.940000000000000058e-01 8.961650000000000560e+00 5.131200000000000205e-01
5.300000000000000000e+01 1.940000000000000058e-01 8.955849999999999866e+00 5.133900000000000130e-01
5.400000000000000000e+01 2.010000000000000120e-01 8.949859999999999260e+00 5.136399999999999855e-01
5.500000000000000000e+01 2.010000000000000120e-01 8.944169999999999732e+00 5.139200000000000434e-01
5.600000000000000000e+01 2.010000000000000120e-01 8.938919999999999533e+00 5.142200000000000104e-01
5.700000000000000000e+01 2.010000000000000120e-01 8.933970000000000411e+00 5.145300000000000429e-01
5.800000000000000000e+01 1.940000000000000058e-01 8.929539999999999367e+00 5.148599999999999843e-01
5.900000000000000000e+01 1.940000000000000058e-01 8.926339999999999719e+00 5.153100000000000458e-01
6.000000000000000000e+01 1.940000000000000058e-01 8.923959999999999226e+00 5.158099999999999907e-01
6.100000000000000000e+01 1.940000000000000058e-01 8.921810000000000684e+00 5.162700000000000067e-01
6.200000000000000000e+01 1.940000000000000058e-01 8.919719999999999871e+00 5.167300000000000226e-01
6.300000000000000000e+01 1.940000000000000058e-01 8.917289999999999495e+00 5.171900000000000386e-01
6.400000000000000000e+01 1.940000000000000058e-01 8.914970000000000283e+00 5.176300000000000345e-01
6.500000000000000000e+01 1.940000000000000058e-01 8.911759999999999238e+00 5.180500000000000105e-01
6.600000000000000000e+01 1.940000000000000058e-01 8.908160000000000522e+00 5.184499999999999664e-01
6.700000000000000000e+01 1.940000000000000058e-01 8.903740000000000876e+00 5.187100000000000044e-01
6.800000000000000000e+01 1.940000000000000058e-01 8.898490000000000677e+00 5.189899999999999514e-01
6.900000000000000000e+01 1.940000000000000058e-01 8.893209999999999837e+00 5.192200000000000149e-01
7.000000000000000000e+01 1.940000000000000058e-01 8.887890000000000512e+00 5.194800000000000528e-01
7.100000000000000000e+01 1.940000000000000058e-01 8.880959999999999965e+00 5.197199999999999598e-01
7.200000000000000000e+01 1.940000000000000058e-01 8.874320000000000874e+00 5.199700000000000433e-01
7.300000000000000000e+01 1.940000000000000058e-01 8.867559999999999221e+00 5.202099999999999502e-01
7.400000000000000000e+01 1.940000000000000058e-01 8.861729999999999663e+00 5.204699999999999882e-01
7.500000000000000000e+01 1.940000000000000058e-01 8.856590000000000629e+00 5.207699999999999552e-01
7.600000000000000000e+01 1.940000000000000058e-01 8.852309999999999235e+00 5.210900000000000531e-01
7.700000000000000000e+01 1.940000000000000058e-01 8.849429999999999907e+00 5.214299999999999491e-01
7.800000000000000000e+01 1.940000000000000058e-01 8.847129999999999939e+00 5.218500000000000361e-01
7.900000000000000000e+01 1.940000000000000058e-01 8.844879999999999853e+00 5.222499999999999920e-01
8.000000000000000000e+01 2.010000000000000120e-01 8.842090000000000671e+00 5.227500000000000480e-01
8.100000000000000000e+01 2.010000000000000120e-01 8.839570000000000149e+00 5.232999999999999874e-01
8.200000000000000000e+01 2.010000000000000120e-01 8.837400000000000588e+00 5.238699999999999468e-01
8.300000000000000000e+01 2.010000000000000120e-01 8.835190000000000765e+00 5.244299999999999518e-01
8.400000000000000000e+01 2.010000000000000120e-01 8.832570000000000476e+00 5.250099999999999767e-01
8.500000000000000000e+01 2.010000000000000120e-01 8.829409999999999314e+00 5.255400000000000071e-01
8.600000000000000000e+01 2.010000000000000120e-01 8.826200000000000045e+00 5.261099999999999666e-01
8.700000000000000000e+01 2.010000000000000120e-01 8.822599999999999554e+00 5.266600000000000170e-01
8.800000000000000000e+01 2.010000000000000120e-01 8.819229999999999237e+00 5.272099999999999564e-01
8.900000000000000000e+01 2.010000000000000120e-01 8.816060000000000230e+00 5.277399999999999869e-01
9.000000000000000000e+01 2.010000000000000120e-01 8.812739999999999796e+00 5.282599999999999518e-01
9.100000000000000000e+01 2.010000000000000120e-01 8.809850000000000847e+00 5.287899999999999823e-01
9.200000000000000000e+01 2.010000000000000120e-01 8.807090000000000529e+00 5.293099999999999472e-01
9.300000000000000000e+01 2.010000000000000120e-01 8.804579999999999629e+00 5.298800000000000177e-01
9.400000000000000000e+01 2.010000000000000120e-01 8.802720000000000766e+00 5.304799999999999516e-01
9.500000000000000000e+01 2.010000000000000120e-01 8.800969999999999516e+00 5.310700000000000420e-01
9.600000000000000000e+01 2.010000000000000120e-01 8.799220000000000041e+00 5.316499999999999559e-01
9.700000000000000000e+01 2.010000000000000120e-01 8.798329999999999984e+00 5.323299999999999699e-01
9.800000000000000000e+01 2.010000000000000120e-01 8.798669999999999547e+00 5.331099999999999728e-01
9.900000000000000000e+01 2.010000000000000120e-01 8.798270000000000479e+00 5.338300000000000267e-01
1.000000000000000000e+02 2.010000000000000120e-01 8.797829999999999373e+00 5.345600000000000351e-01
1.010000000000000000e+02 2.010000000000000120e-01 8.798000000000000043e+00 5.353200000000000180e-01
1.020000000000000000e+02 2.010000000000000120e-01 8.798040000000000305e+00 5.360599999999999810e-01
1.030000000000000000e+02 2.010000000000000120e-01 8.798500000000000654e+00 5.368399999999999839e-01
1.040000000000000000e+02 2.010000000000000120e-01 8.799409999999999954e+00 5.376400000000000068e-01
1.050000000000000000e+02 2.010000000000000120e-01 8.800810000000000244e+00 5.384700000000000042e-01
1.060000000000000000e+02 2.010000000000000120e-01 8.803190000000000737e+00 5.393299999999999761e-01
1.070000000000000000e+02 2.010000000000000120e-01 8.805509999999999948e+00 5.401799999999999935e-01
1.080000000000000000e+02 2.010000000000000120e-01 8.807119999999999393e+00 5.409899999999999709e-01
1.090000000000000000e+02 2.010000000000000120e-01 8.809120000000000061e+00 5.418199999999999683e-01
1.100000000000000000e+02 2.010000000000000120e-01 8.810620000000000118e+00 5.426299999999999457e-01
1.110000000000000000e+02 2.010000000000000120e-01 8.812319999999999709e+00 5.434299999999999686e-01
1.120000000000000000e+02 1.880000000000000004e-01 9.378220000000000667e+00 6.250099999999999545e-01
1.130000000000000000e+02 2.010000000000000120e-01 8.815500000000000114e+00 5.450199999999999489e-01
1.140000000000000000e+02 1.880000000000000004e-01 9.385650000000000048e+00 6.266599999999999948e-01
1.150000000000000000e+02 2.010000000000000120e-01 8.818590000000000373e+00 5.465999999999999748e-01
1.160000000000000000e+02 1.880000000000000004e-01 9.393319999999999226e+00 6.281700000000000061e-01
1.170000000000000000e+02 2.010000000000000120e-01 8.822169999999999845e+00 5.481099999999999861e-01
1.180000000000000000e+02 1.880000000000000004e-01 9.400859999999999772e+00 6.296199999999999575e-01
1.190000000000000000e+02 1.880000000000000004e-01 9.404519999999999769e+00 6.303199999999999914e-01
1.200000000000000000e+02 1.880000000000000004e-01 9.408170000000000144e+00 6.309500000000000108e-01
