1.000000000000000000e+00 1.529999999999999971e-01 6.800360000000000404e+00 6.691999999999999338e-02
2.000000000000000000e+00 1.390000000000000124e-01 4.654939999999999856e+00 1.221499999999999947e-01
3.000000000000000000e+00 1.670000000000000095e-01 4.778810000000000002e+00 5.609000000000000097e-02
4.000000000000000000e+00 1.670000000000000095e-01 4.483690000000000175e+00 5.822000000000000092e-02
5.000000000000000000e+00 1.670000000000000095e-01 4.434059999999999668e+00 6.173000000000000015e-02
6.000000000000000000e+00 1.670000000000000095e-01 4.335410000000000430e+00 6.417000000000000481e-02
7.000000000000000000e+00 1.529999999999999971e-01 2.715510000000000090e+00 1.261799999999999866e-01
8.000000000000000000e+00 1.529999999999999971e-01 2.736899999999999888e+00 1.407499999999999862e-01
9.000000000000000000e+00 -1.000000000000000000e+00 -1.000000000000000000e+00 0.000000000000000000e+00
1.000000000000000000e+01 -1.000000000000000000e+00 -1.000000000000000000e+00 0.000000000000000000e+00
1.100000000000000000e+01 -1.000000000000000000e+00 -1.000000000000000000e+00 0.000000000000000000e+00
1.200000000000000000e+01 -1.000000000000000000e+00 -1.000000000000000000e+00 0.000000000000000000e+00
1.300000000000000000e+01 -1.000000000000000000e+00 -1.000000000000000000e+00 0.000000000000000000e+00
1.400000000000000000e+01 -1.000000000000000000e+00 -1.000000000000000000e+00 0.000000000000000000e+00
1.500000000000000000e+01 -1.000000000000000000e+00 -1.000000000000000000e+00 0.000000000000000000e+00
1.600000000000000000e+01 -1.000000000000000000e+00 -1.000000000000000000e+00 0.000000000000000000e+00
1.700000000000000000e+01 -1.000000000000000000e+00 -1.000000000000000000e+00 0.000000000000000000e+00
1.800000000000000000e+01 -1.000000000000000000e+00 -1.000000000000000000e+00 0.000000000000000000e+00
1.900000000000000000e+01 -1.000000000000000000e+00 -1.000000000000000000e+00 0.000000000000000000e+00
2.000000000000000000e+01 -1.000000000000000000e+00 -1.000000000000000000e+00 0.000000000000000000e+00
2.100000000000000000e+01 -1.000000000000000000e+00 -1.000000000000000000e+00 0.000000000000000000e+00
2.200000000000000000e+01 -1.000000000000000000e+00 -1.000000000000000000e+00 0.000000000000000000e+00
2.300000000000000000e+01 -1.000000000000000000e+00 -1.000000000000000000e+00 0.000000000000000000e+00
2.400000000000000000e+01 -1.000000000000000000e+00 -1.000000000000000000e+00 0.000000000000000000e+00
2.500000000000000000e+01 1.320000000000000062e-01 3.911899999999999822e-01 2.403700000000000003e-01
2.600000000000000000e+01 1.320000000000000062e-01 3.957899999999999752e-01 3.051499999999999768e-01
2.700000000000000000e+01 1.320000000000000062e-01 4.094700000000000006e-01 3.276000000000000023e-01
2.800000000000000000e+01 1.320000000000000062e-01 4.319500000000000006e-01 3.432100000000000151e-01
2.900000000000000000e+01 1.320000000000000062e-01 4.547399999999999776e-01 3.547199999999999798e-01
3.000000000000000000e+01 1.320000000000000062e-01 4.766699999999999826e-01 3.631499999999999728e-01
3.100000000000000000e+01 1.320000000000000062e-01 4.937900000000000067e-01 3.738699999999999801e-01
3.200000000000000000e+01 1.320000000000000062e-01 5.092299999999999605e-01 3.822099999999999942e-01
3.300000000000000000e+01 1.320000000000000062e-01 5.237300000000000288e-01 3.895799999999999819e-01
3.400000000000000000e+01 1.320000000000000062e-01 5.370099999999999874e-01 3.953400000000000247e-01
3.500000000000000000e+01 1.320000000000000062e-01 5.455299999999999594e-01 4.020000000000000240e-01
3.600000000000000000e+01 1.320000000000000062e-01 5.531199999999999450e-01 4.074599999999999889e-01
3.700000000000000000e+01 1.320000000000000062e-01 5.598999999999999533e-01 4.144800000000000151e-01
3.800000000000000000e+01 1.320000000000000062e-01 5.668800000000000505e-01 4.227899999999999991e-01
3.900000000000000000e+01 1.320000000000000062e-01 5.738499999999999712e-01 4.320499999999999896e-01
4.000000000000000000e+01 1.320000000000000062e-01 5.803199999999999470e-01 4.417699999999999960e-01
4.100000000000000000e+01 1.320000000000000062e-01 5.864200000000000523e-01 4.516700000000000159e-01
4.200000000000000000e+01 1.320000000000000062e-01 5.920699999999999852e-01 4.607999999999999874e-01
4.300000000000000000e+01 1.320000000000000062e-01 5.983899999999999775e-01 4.702999999999999958e-01
4.400000000000000000e+01 1.320000000000000062e-01 6.079700000000000104e-01 4.803700000000000192e-01
4.500000000000000000e+01 1.320000000000000062e-01 6.079400000000000359e-01 4.861199999999999966e-01
4.600000000000000000e+01 1.320000000000000062e-01 6.065199999999999481e-01 4.920599999999999974e-01
4.700000000000000000e+01 1.320000000000000062e-01 6.051699999999999857e-01 4.977500000000000258e-01
4.800000000000000000e+01 1.320000000000000062e-01 6.030299999999999550e-01 5.014899999999999913e-01
4.900000000000000000e+01 1.320000000000000062e-01 6.002100000000000213e-01 5.047300000000000120e-01
5.000000000000000000e+01 1.320000000000000062e-01 5.966099999999999737e-01 5.069099999999999717e-01
5.100000000000000000e+01 1.320000000000000062e-01 5.927099999999999591e-01 5.086399999999999810e-01
5.200000000000000000e+01 1.320000000000000062e-01 5.884300000000000086e-01 5.097300000000000164e-01
5.300000000000000000e+01 1.320000000000000062e-01 5.838799999999999546e-01 5.112600000000000477e-01
5.400000000000000000e+01 1.320000000000000062e-01 5.795700000000000296e-01 5.134300000000000530e-01
5.500000000000000000e+01 1.320000000000000062e-01 5.757100000000000550e-01 5.154800000000000493e-01
5.600000000000000000e+01 1.320000000000000062e-01 5.721000000000000529e-01 5.168199999999999461e-01
5.700000000000000000e+01 1.320000000000000062e-01 5.681000000000000494e-01 5.176500000000000545e-01
5.800000000000000000e+01 1.320000000000000062e-01 5.641599999999999948e-01 5.184199999999999919e-01
5.900000000000000000e+01 1.320000000000000062e-01 5.600100000000000078e-01 5.202700000000000102e-01
6.000000000000000000e+01 1.320000000000000062e-01 5.564799999999999747e-01 5.242900000000000338e-01
6.100000000000000000e+01 1.320000000000000062e-01 5.548499999999999543e-01 5.286800000000000388e-01
6.200000000000000000e+01 1.320000000000000062e-01 5.537100000000000355e-01 5.337399999999999922e-01
6.300000000000000000e+01 1.320000000000000062e-01 5.525099999999999456e-01 5.388800000000000257e-01
6.400000000000000000e+01 1.320000000000000062e-01 5.516499999999999737e-01 5.438100000000000156e-01
6.500000000000000000e+01 1.320000000000000062e-01 5.520699999999999497e-01 5.488600000000000145e-01
6.600000000000000000e+01 1.320000000000000062e-01 5.531000000000000361e-01 5.554400000000000448e-01
6.700000000000000000e+01 1.320000000000000062e-01 5.548899999999999944e-01 5.630899999999999794e-01
6.800000000000000000e+01 1.320000000000000062e-01 5.562799999999999967e-01 5.704099999999999726e-01
6.900000000000000000e+01 1.320000000000000062e-01 5.566600000000000437e-01 5.773800000000000043e-01
7.000000000000000000e+01 1.320000000000000062e-01 5.563200000000000367e-01 5.847599999999999465e-01
7.100000000000000000e+01 1.320000000000000062e-01 5.537199999999999900e-01 5.929999999999999716e-01
7.200000000000000000e+01 1.320000000000000062e-01 5.502200000000000424e-01 6.002100000000000213e-01
7.300000000000000000e+01 1.320000000000000062e-01 5.467699999999999783e-01 6.068599999999999550e-01
7.400000000000000000e+01 1.320000000000000062e-01 5.436199999999999921e-01 6.120900000000000230e-01
7.500000000000000000e+01 1.320000000000000062e-01 5.365799999999999459e-01 6.165100000000000025e-01
7.600000000000000000e+01 1.320000000000000062e-01 5.296199999999999797e-01 6.200099999999999500e-01
7.700000000000000000e+01 1.320000000000000062e-01 5.230200000000000404e-01 6.222800000000000553e-01
7.800000000000000000e+01 1.320000000000000062e-01 5.162999999999999812e-01 6.227399999999999602e-01
7.900000000000000000e+01 1.320000000000000062e-01 5.092600000000000460e-01 6.216899999999999649e-01
8.000000000000000000e+01 1.320000000000000062e-01 5.022600000000000398e-01 6.189299999999999802e-01
8.100000000000000000e+01 1.320000000000000062e-01 4.953000000000000180e-01 6.149400000000000421e-01
8.200000000000000000e+01 1.320000000000000062e-01 4.881800000000000028e-01 6.069200000000000150e-01
8.300000000000000000e+01 1.320000000000000062e-01 4.808399999999999896e-01 5.895399999999999530e-01
8.400000000000000000e+01 1.320000000000000062e-01 4.724900000000000211e-01 5.543599999999999639e-01
8.500000000000000000e+01 1.320000000000000062e-01 4.640599999999999725e-01 4.954899999999999860e-01
8.600000000000000000e+01 1.320000000000000062e-01 4.546000000000000041e-01 4.138200000000000212e-01
8.700000000000000000e+01 1.320000000000000062e-01 4.440799999999999748e-01 3.168199999999999905e-01
8.800000000000000000e+01 1.320000000000000062e-01 4.344799999999999773e-01 1.147500000000000048e-01
8.900000000000000000e+01 -1.000000000000000000e+00 -1.000000000000000000e+00 0.000000000000000000e+00
9.000000000000000000e+01 -1.000000000000000000e+00 -1.000000000000000000e+00 0.000000000000000000e+00
9.100000000000000000e+01 -1.000000000000000000e+00 -1.000000000000000000e+00 0.000000000000000000e+00
9.200000000000000000e+01 -1.000000000000000000e+00 -1.000000000000000000e+00 0.000000000000000000e+00
9.300000000000000000e+01 -1.000000000000000000e+00 -1.000000000000000000e+00 0.000000000000000000e+00
9.400000000000000000e+01 -1.000000000000000000e+00 -1.000000000000000000e+00 0.000000000000000000e+00
9.500000000000000000e+01 -1.000000000000000000e+00 -1.000000000000000000e+00 0.000000000000000000e+00
9.600000000000000000e+01 -1.000000000000000000e+00 -1.000000000000000000e+00 0.000000000000000000e+00
9.700000000000000000e+01 -1.000000000000000000e+00 -1.000000000000000000e+00 0.000000000000000000e+00
9.800000000000000000e+01 -1.000000000000000000e+00 -1.000000000000000000e+00 0.000000000000000000e+00
9.900000000000000000e+01 -1.000000000000000000e+00 -1.000000000000000000e+00 0.000000000000000000e+00
1.000000000000000000e+02 -1.000000000000000000e+00 -1.000000000000000000e+00 0.000000000000000000e+00
1.010000000000000000e+02 -1.000000000000000000e+00 -1.000000000000000000e+00 0.000000000000000000e+00
1.020000000000000000e+02 -1.000000000000000000e+00 -1.000000000000000000e+00 0.000000000000000000e+00
1.030000000000000000e+02 -1.000000000000000000e+00 -1.000000000000000000e+00 0.000000000000000000e+00
1.040000000000000000e+02 -1.000000000000000000e+00 -1.000000000000000000e+00 0.000000000000000000e+00
1.050000000000000000e+02 -1.000000000000000000e+00 -1.000000000000000000e+00 0.000000000000000000e+00
1.060000000000000000e+02 -1.000000000000000000e+00 -1.000000000000000000e+00 0.000000000000000000e+00
1.070000000000000000e+02 -1.000000000000000000e+00 -1.000000000000000000e+00 0.000000000000000000e+00
1.080000000000000000e+02 -1.000000000000000000e+00 -1.000000000000000000e+00 0.000000000000000000e+00
1.090000000000000000e+02 -1.000000000000000000e+00 -1.000000000000000000e+00 0.000000000000000000e+00
1.100000000000000000e+02 -1.000000000000000000e+00 -1.000000000000000000e+00 0.000000000000000000e+00
1.110000000000000000e+02 -1.000000000000000000e+00 -1.000000000000000000e+00 0.000000000000000000e+00
1.120000000000000000e+02 -1.000000000000000000e+00 -1.000000000000000000e+00 0.000000000000000000e+00
1.130000000000000000e+02 -1.000000000000000000e+00 -1.000000000000000000e+00 0.000000000000000000e+00
1.140000000000000000e+02 -1.000000000000000000e+00 -1.000000000000000000e+00 0.000000000000000000e+00
1.150000000000000000e+02 -1.000000000000000000e+00 -1.000000000000000000e+00 0.000000000000000000e+00
1.160000000000000000e+02 -1.000000000000000000e+00 -1.000000000000000000e+00 0.000000000000000000e+00
1.170000000000000000e+02 -1.000000000000000000e+00 -1.000000000000000000e+00 0.000000000000000000e+00
1.180000000000000000e+02 -1.000000000000000000e+00 -1.000000000000000000e+00 0.000000000000000000e+00
1.190000000000000000e+02 -1.000000000000000000e+00 -1.000000000000000000e+00 0.000000000000000000e+00
1.200000000000000000e+02 -1.000000000000000000e+00 -1.000000000000000000e+00 0.000000000000000000e+00
