1.000000000000000000e+00 1.809999999999999942e-01 6.635869999999999713e+00 7.454699999999999660e-01
2.000000000000000000e+00 1.739999999999999880e-01 6.045320000000000249e+00 7.366200000000000525e-01
3.000000000000000000e+00 1.940000000000000058e-01 7.186510000000000176e+00 1.298600000000000032e-01
4.000000000000000000e+00 1.940000000000000058e-01 4.685710000000000264e+00 3.975000000000000200e-01
5.000000000000000000e+00 1.940000000000000058e-01 4.753669999999999618e+00 3.725100000000000078e-01
6.000000000000000000e+00 2.079999999999999905e-01 4.777210000000000178e+00 3.699700000000000211e-01
7.000000000000000000e+00 2.079999999999999905e-01 4.782160000000000188e+00 3.740100000000000091e-01
8.000000000000000000e+00 2.079999999999999905e-01 4.788289999999999935e+00 3.774500000000000077e-01
9.000000000000000000e+00 2.079999999999999905e-01 4.794760000000000133e+00 3.806499999999999884e-01
1.000000000000000000e+01 2.079999999999999905e-01 4.810640000000000249e+00 3.844799999999999884e-01
1.100000000000000000e+01 2.079999999999999905e-01 4.831500000000000128e+00 3.875700000000000256e-01
1.200000000000000000e+01 2.079999999999999905e-01 4.857569999999999943e+00 3.926799999999999735e-01
1.300000000000000000e+01 2.079999999999999905e-01 4.883829999999999671e+00 3.974900000000000100e-01
1.400000000000000000e+01 2.010000000000000120e-01 4.911959999999999660e+00 4.030799999999999939e-01
1.500000000000000000e+01 2.010000000000000120e-01 4.939079999999999693e+00 4.079800000000000093e-01
1.600000000000000000e+01 1.940000000000000058e-01 4.964710000000000178e+00 4.125099999999999878e-01
1.700000000000000000e+01 1.940000000000000058e-01 4.990579999999999572e+00 4.168200000000000238e-01
1.800000000000000000e+01 1.940000000000000058e-01 5.017019999999999591e+00 4.210099999999999953e-01
1.900000000000000000e+01 1.940000000000000058e-01 5.038770000000000415e+00 4.305999999999999828e-01
2.000000000000000000e+01 1.940000000000000058e-01 5.065900000000000070e+00 4.353699999999999792e-01
2.100000000000000000e+01 1.940000000000000058e-01 5.089489999999999625e+00 4.400600000000000067e-01
2.200000000000000000e+01 1.940000000000000058e-01 5.111640000000000406e+00 4.443900000000000072e-01
2.300000000000000000e+01 1.940000000000000058e-01 5.132430000000000270e+00 4.484299999999999953e-01
2.400000000000000000e+01 1.940000000000000058e-01 5.157199999999999562e+00 4.523699999999999943e-01
2.500000000000000000e+01 1.880000000000000004e-01 5.191720000000000113e+00 4.573200000000000043e-01
2.600000000000000000e+01 1.880000000000000004e-01 5.231020000000000003e+00 4.624599999999999822e-01
2.700000000000000000e+01 1.880000000000000004e-01 5.265970000000000262e+00 4.671799999999999842e-01
2.800000000000000000e+01 1.880000000000000004e-01 5.304299999999999571e+00 4.707200000000000273e-01
2.900000000000000000e+01 1.880000000000000004e-01 5.344859999999999722e+00 4.742399999999999949e-01
3.000000000000000000e+01 1.880000000000000004e-01 5.383960000000000079e+00 4.777699999999999725e-01
3.100000000000000000e+01 1.880000000000000004e-01 5.424839999999999662e+00 4.814200000000000146e-01
3.200000000000000000e+01 1.809999999999999942e-01 5.461680000000000312e+00 4.849800000000000222e-01
3.300000000000000000e+01 1.809999999999999942e-01 5.497819999999999929e+00 4.883899999999999908e-01
3.400000000000000000e+01 1.809999999999999942e-01 5.530269999999999797e+00 4.914899999999999824e-01
3.500000000000000000e+01 1.809999999999999942e-01 5.560999999999999943e+00 4.945599999999999996e-01
3.600000000000000000e+01 1.809999999999999942e-01 5.597419999999999618e+00 4.980399999999999827e-01
3.700000000000000000e+01 1.809999999999999942e-01 5.636860000000000426e+00 5.016399999999999748e-01
3.800000000000000000e+01 1.809999999999999942e-01 5.673890000000000100e+00 5.049000000000000155e-01
3.900000000000000000e+01 1.739999999999999880e-01 5.711560000000000414e+00 5.075600000000000112e-01
4.000000000000000000e+01 1.739999999999999880e-01 5.750840000000000174e+00 5.102299999999999613e-01
4.100000000000000000e+01 1.739999999999999880e-01 5.786880000000000024e+00 5.130200000000000315e-01
4.200000000000000000e+01 1.739999999999999880e-01 5.818929999999999936e+00 5.159599999999999742e-01
4.300000000000000000e+01 1.739999999999999880e-01 5.848919999999999675e+00 5.190799999999999859e-01
4.400000000000000000e+01 1.739999999999999880e-01 5.879030000000000200e+00 5.221900000000000430e-01
4.500000000000000000e+01 1.739999999999999880e-01 5.906030000000000335e+00 5.252099999999999547e-01
4.600000000000000000e+01 1.739999999999999880e-01 5.931610000000000049e+00 5.281200000000000339e-01
4.700000000000000000e+01 1.739999999999999880e-01 5.955169999999999852e+00 5.311599999999999655e-01
4.800000000000000000e+01 1.739999999999999880e-01 5.981410000000000338e+00 5.331700000000000328e-01
4.900000000000000000e+01 1.739999999999999880e-01 6.004139999999999588e+00 5.355400000000000160e-01
5.000000000000000000e+01 1.739999999999999880e-01 6.027050000000000018e+00 5.376999999999999558e-01
5.100000000000000000e+01 1.670000000000000095e-01 6.048339999999999606e+00 5.399500000000000410e-01
5.200000000000000000e+01 1.739999999999999880e-01 6.067160000000000331e+00 5.421599999999999753e-01
5.300000000000000000e+01 1.739999999999999880e-01 6.084909999999999819e+00 5.441500000000000226e-01
5.400000000000000000e+01 1.739999999999999880e-01 6.099389999999999645e+00 5.464599999999999458e-01
5.500000000000000000e+01 1.739999999999999880e-01 6.113279999999999603e+00 5.485700000000000021e-01
5.600000000000000000e+01 1.739999999999999880e-01 6.125810000000000421e+00 5.507900000000000018e-01
5.700000000000000000e+01 1.739999999999999880e-01 6.138010000000000410e+00 5.530399999999999761e-01
5.800000000000000000e+01 1.739999999999999880e-01 6.149790000000000312e+00 5.552200000000000468e-01
5.900000000000000000e+01 1.739999999999999880e-01 6.161830000000000140e+00 5.572899999999999521e-01
6.000000000000000000e+01 1.739999999999999880e-01 6.174859999999999793e+00 5.592200000000000504e-01
6.100000000000000000e+01 1.739999999999999880e-01 6.182220000000000049e+00 5.574000000000000066e-01
6.200000000000000000e+01 1.739999999999999880e-01 6.197129999999999583e+00 5.543700000000000294e-01
6.300000000000000000e+01 1.739999999999999880e-01 6.211430000000000007e+00 5.518199999999999772e-01
6.400000000000000000e+01 1.739999999999999880e-01 6.220379999999999576e+00 5.497699999999999809e-01
6.500000000000000000e+01 1.739999999999999880e-01 6.225760000000000183e+00 5.472399999999999487e-01
6.600000000000000000e+01 1.739999999999999880e-01 6.234740000000000393e+00 5.439100000000000046e-01
6.700000000000000000e+01 1.739999999999999880e-01 6.244620000000000282e+00 5.406600000000000295e-01
6.800000000000000000e+01 1.739999999999999880e-01 6.254809999999999981e+00 5.374799999999999578e-01
6.900000000000000000e+01 1.739999999999999880e-01 6.266569999999999752e+00 5.345499999999999696e-01
7.000000000000000000e+01 1.739999999999999880e-01 6.278229999999999755e+00 5.317899999999999849e-01
7.100000000000000000e+01 1.739999999999999880e-01 6.291019999999999612e+00 5.288699999999999513e-01
7.200000000000000000e+01 1.739999999999999880e-01 6.304999999999999716e+00 5.257500000000000506e-01
7.300000000000000000e+01 1.739999999999999880e-01 6.328789999999999694e+00 5.214999999999999636e-01
7.400000000000000000e+01 1.670000000000000095e-01 6.350270000000000081e+00 5.170599999999999641e-01
7.500000000000000000e+01 1.670000000000000095e-01 6.375829999999999664e+00 5.121700000000000141e-01
7.600000000000000000e+01 1.529999999999999971e-01 6.399409999999999599e+00 5.076800000000000201e-01
7.700000000000000000e+01 1.529999999999999971e-01 6.426910000000000345e+00 5.027899999999999592e-01
7.800000000000000000e+01 1.529999999999999971e-01 6.453260000000000218e+00 4.981200000000000072e-01
7.900000000000000000e+01 1.529999999999999971e-01 6.476779999999999760e+00 4.939000000000000057e-01
8.000000000000000000e+01 1.529999999999999971e-01 6.497209999999999930e+00 4.902500000000000191e-01
8.100000000000000000e+01 1.529999999999999971e-01 6.516899999999999693e+00 4.867000000000000215e-01
8.200000000000000000e+01 1.459999999999999909e-01 6.536909999999999776e+00 4.830300000000000149e-01
8.300000000000000000e+01 1.459999999999999909e-01 6.559569999999999901e+00 4.791799999999999948e-01
8.400000000000000000e+01 1.459999999999999909e-01 6.583370000000000388e+00 4.752199999999999758e-01
8.500000000000000000e+01 1.529999999999999971e-01 6.624259999999999593e+00 4.684800000000000075e-01
8.600000000000000000e+01 1.529999999999999971e-01 6.668050000000000033e+00 4.605299999999999949e-01
8.700000000000000000e+01 1.529999999999999971e-01 6.709670000000000023e+00 4.525899999999999923e-01
8.800000000000000000e+01 1.529999999999999971e-01 6.753770000000000273e+00 4.435799999999999743e-01
8.900000000000000000e+01 1.529999999999999971e-01 6.792169999999999597e+00 4.348199999999999843e-01
9.000000000000000000e+01 1.529999999999999971e-01 6.827449999999999797e+00 4.262199999999999878e-01
9.100000000000000000e+01 1.529999999999999971e-01 6.863780000000000214e+00 4.162299999999999889e-01
9.200000000000000000e+01 1.529999999999999971e-01 6.895570000000000199e+00 4.052499999999999991e-01
9.300000000000000000e+01 1.529999999999999971e-01 6.923140000000000072e+00 3.930000000000000160e-01
9.400000000000000000e+01 1.459999999999999909e-01 6.940220000000000056e+00 3.835799999999999765e-01
9.500000000000000000e+01 1.529999999999999971e-01 6.948699999999999655e+00 3.773400000000000087e-01
9.600000000000000000e+01 1.529999999999999971e-01 6.954390000000000072e+00 3.732599999999999807e-01
9.700000000000000000e+01 1.739999999999999880e-01 6.957279999999999909e+00 3.689700000000000202e-01
9.800000000000000000e+01 1.600000000000000033e-01 6.959559999999999746e+00 3.656300000000000106e-01
9.900000000000000000e+01 1.600000000000000033e-01 6.961459999999999759e+00 3.629499999999999948e-01
1.000000000000000000e+02 1.600000000000000033e-01 6.963079999999999714e+00 3.602400000000000047e-01
1.010000000000000000e+02 1.600000000000000033e-01 6.965370000000000061e+00 3.583299999999999819e-01
1.020000000000000000e+02 1.600000000000000033e-01 6.967889999999999695e+00 3.566599999999999770e-01
1.030000000000000000e+02 1.459999999999999909e-01 6.967530000000000001e+00 3.547799999999999843e-01
1.040000000000000000e+02 1.459999999999999909e-01 6.968370000000000175e+00 3.536400000000000099e-01
1.050000000000000000e+02 1.459999999999999909e-01 6.971799999999999997e+00 3.533499999999999974e-01
1.060000000000000000e+02 1.459999999999999909e-01 6.978180000000000049e+00 3.537399999999999989e-01
1.070000000000000000e+02 1.529999999999999971e-01 6.986839999999999939e+00 3.544800000000000173e-01
1.080000000000000000e+02 1.529999999999999971e-01 6.997180000000000177e+00 3.554100000000000037e-01
1.090000000000000000e+02 1.529999999999999971e-01 7.008670000000000400e+00 3.565300000000000136e-01
1.100000000000000000e+02 1.529999999999999971e-01 7.020389999999999908e+00 3.577500000000000124e-01
1.110000000000000000e+02 1.529999999999999971e-01 7.036909999999999776e+00 3.597699999999999787e-01
1.120000000000000000e+02 1.529999999999999971e-01 7.058699999999999974e+00 3.628799999999999804e-01
1.130000000000000000e+02 1.529999999999999971e-01 7.082169999999999632e+00 3.665300000000000225e-01
1.140000000000000000e+02 1.529999999999999971e-01 7.104800000000000004e+00 3.703699999999999770e-01
1.150000000000000000e+02 1.529999999999999971e-01 7.125989999999999824e+00 3.742599999999999816e-01
1.160000000000000000e+02 1.459999999999999909e-01 7.149169999999999803e+00 3.789500000000000091e-01
1.170000000000000000e+02 1.459999999999999909e-01 7.172710000000000363e+00 3.840700000000000225e-01
1.180000000000000000e+02 1.459999999999999909e-01 7.198750000000000426e+00 3.898699999999999943e-01
1.190000000000000000e+02 1.459999999999999909e-01 7.223860000000000170e+00 3.958800000000000097e-01
1.200000000000000000e+02 1.459999999999999909e-01 7.247609999999999886e+00 4.018300000000000205e-01
