1.000000000000000000e+00 1.739999999999999880e-01 5.786539999999999573e+00 4.334000000000000075e-01
2.000000000000000000e+00 1.739999999999999880e-01 5.865509999999999557e+00 5.116000000000000547e-01
3.000000000000000000e+00 1.739999999999999880e-01 5.907759999999999678e+00 5.486400000000000166e-01
4.000000000000000000e+00 1.739999999999999880e-01 5.930710000000000370e+00 5.669800000000000395e-01
5.000000000000000000e+00 1.739999999999999880e-01 5.945050000000000168e+00 5.756099999999999550e-01
6.000000000000000000e+00 1.739999999999999880e-01 5.954850000000000421e+00 5.801800000000000290e-01
7.000000000000000000e+00 1.739999999999999880e-01 5.946329999999999671e+00 5.844500000000000250e-01
8.000000000000000000e+00 1.739999999999999880e-01 5.951609999999999623e+00 5.854800000000000004e-01
9.000000000000000000e+00 1.739999999999999880e-01 5.964940000000000353e+00 5.856599999999999584e-01
1.000000000000000000e+01 1.739999999999999880e-01 5.997700000000000031e+00 5.900400000000000089e-01
1.100000000000000000e+01 1.739999999999999880e-01 6.080799999999999983e+00 5.953300000000000258e-01
1.200000000000000000e+01 1.739999999999999880e-01 6.231099999999999639e+00 6.021800000000000486e-01
1.300000000000000000e+01 1.739999999999999880e-01 6.419220000000000148e+00 6.095300000000000162e-01
1.400000000000000000e+01 1.739999999999999880e-01 6.580040000000000333e+00 6.157799999999999940e-01
1.500000000000000000e+01 1.739999999999999880e-01 6.734090000000000131e+00 6.475400000000000045e-01
1.600000000000000000e+01 1.739999999999999880e-01 6.705669999999999575e+00 6.430500000000000105e-01
1.700000000000000000e+01 1.739999999999999880e-01 6.686289999999999623e+00 6.399000000000000243e-01
1.800000000000000000e+01 1.739999999999999880e-01 6.682159999999999656e+00 6.390299999999999869e-01
1.900000000000000000e+01 1.739999999999999880e-01 6.680719999999999992e+00 6.396199999999999664e-01
2.000000000000000000e+01 1.739999999999999880e-01 6.681770000000000209e+00 6.412799999999999612e-01
2.100000000000000000e+01 1.739999999999999880e-01 6.682529999999999859e+00 6.422299999999999676e-01
2.200000000000000000e+01 1.739999999999999880e-01 6.678650000000000198e+00 6.422799999999999621e-01
2.300000000000000000e+01 1.739999999999999880e-01 6.676409999999999734e+00 6.426399999999999890e-01
2.400000000000000000e+01 1.739999999999999880e-01 6.674439999999999706e+00 6.429399999999999560e-01
2.500000000000000000e+01 1.739999999999999880e-01 6.672509999999999941e+00 6.433600000000000430e-01
2.600000000000000000e+01 1.739999999999999880e-01 6.667040000000000077e+00 6.431999999999999940e-01
2.700000000000000000e+01 1.739999999999999880e-01 6.665849999999999831e+00 6.433299999999999574e-01
2.800000000000000000e+01 1.739999999999999880e-01 6.669439999999999813e+00 6.440900000000000514e-01
2.900000000000000000e+01 1.739999999999999880e-01 6.676890000000000214e+00 6.435300000000000464e-01
3.000000000000000000e+01 1.739999999999999880e-01 6.682310000000000194e+00 6.420099999999999696e-01
3.100000000000000000e+01 1.739999999999999880e-01 6.684540000000000148e+00 6.409899999999999487e-01
3.200000000000000000e+01 1.739999999999999880e-01 6.684160000000000323e+00 6.398200000000000554e-01
3.300000000000000000e+01 1.739999999999999880e-01 6.682629999999999626e+00 6.388300000000000090e-01
3.400000000000000000e+01 1.739999999999999880e-01 6.679090000000000416e+00 6.380700000000000260e-01
3.500000000000000000e+01 1.739999999999999880e-01 6.673320000000000363e+00 6.371599999999999486e-01
3.600000000000000000e+01 1.739999999999999880e-01 6.663969999999999949e+00 6.357800000000000118e-01
3.700000000000000000e+01 1.739999999999999880e-01 6.655820000000000292e+00 6.344699999999999784e-01
3.800000000000000000e+01 1.739999999999999880e-01 6.652599999999999625e+00 6.327000000000000401e-01
3.900000000000000000e+01 1.739999999999999880e-01 6.651299999999999990e+00 6.308500000000000218e-01
4.000000000000000000e+01 1.739999999999999880e-01 6.652140000000000164e+00 6.291400000000000325e-01
4.100000000000000000e+01 1.739999999999999880e-01 6.654519999999999769e+00 6.279299999999999882e-01
4.200000000000000000e+01 1.739999999999999880e-01 6.659239999999999604e+00 6.267200000000000548e-01
4.300000000000000000e+01 1.739999999999999880e-01 6.665189999999999948e+00 6.258599999999999719e-01
4.400000000000000000e+01 1.739999999999999880e-01 6.670880000000000365e+00 6.253600000000000270e-01
4.500000000000000000e+01 1.739999999999999880e-01 6.678259999999999863e+00 6.252100000000000435e-01
4.600000000000000000e+01 1.739999999999999880e-01 6.682030000000000136e+00 6.250799999999999690e-01
4.700000000000000000e+01 1.739999999999999880e-01 6.685789999999999900e+00 6.251400000000000290e-01
4.800000000000000000e+01 1.739999999999999880e-01 6.688810000000000144e+00 6.252900000000000125e-01
4.900000000000000000e+01 1.739999999999999880e-01 6.690620000000000012e+00 6.253600000000000270e-01
5.000000000000000000e+01 1.739999999999999880e-01 6.693369999999999820e+00 6.253300000000000525e-01
5.100000000000000000e+01 1.739999999999999880e-01 6.696080000000000254e+00 6.252499999999999725e-01
5.200000000000000000e+01 1.739999999999999880e-01 6.699580000000000091e+00 6.254199999999999759e-01
5.300000000000000000e+01 1.739999999999999880e-01 6.703829999999999956e+00 6.254199999999999759e-01
5.400000000000000000e+01 1.739999999999999880e-01 6.709500000000000242e+00 6.255699999999999594e-01
5.500000000000000000e+01 1.739999999999999880e-01 6.715279999999999916e+00 6.255399999999999849e-01
5.600000000000000000e+01 1.739999999999999880e-01 6.720620000000000260e+00 6.254300000000000415e-01
5.700000000000000000e+01 1.739999999999999880e-01 6.724009999999999820e+00 6.250099999999999545e-01
5.800000000000000000e+01 1.739999999999999880e-01 6.727820000000000356e+00 6.246599999999999930e-01
5.900000000000000000e+01 1.739999999999999880e-01 6.733010000000000161e+00 6.243699999999999806e-01
6.000000000000000000e+01 1.739999999999999880e-01 6.737149999999999750e+00 6.239400000000000501e-01
6.100000000000000000e+01 1.739999999999999880e-01 6.740779999999999994e+00 6.233699999999999797e-01
6.200000000000000000e+01 1.739999999999999880e-01 6.744659999999999656e+00 6.227599999999999802e-01
6.300000000000000000e+01 1.739999999999999880e-01 6.748949999999999783e+00 6.221700000000000008e-01
6.400000000000000000e+01 1.739999999999999880e-01 6.754109999999999836e+00 6.217700000000000449e-01
6.500000000000000000e+01 1.739999999999999880e-01 6.759960000000000413e+00 6.214600000000000124e-01
6.600000000000000000e+01 1.739999999999999880e-01 6.766300000000000203e+00 6.212400000000000144e-01
6.700000000000000000e+01 1.739999999999999880e-01 6.773119999999999585e+00 6.209700000000000220e-01
6.800000000000000000e+01 1.739999999999999880e-01 6.781520000000000437e+00 6.205600000000000005e-01
6.900000000000000000e+01 1.739999999999999880e-01 6.790479999999999627e+00 6.201200000000000045e-01
7.000000000000000000e+01 1.739999999999999880e-01 6.799129999999999896e+00 6.197200000000000486e-01
7.100000000000000000e+01 1.739999999999999880e-01 6.808250000000000135e+00 6.193999999999999506e-01
7.200000000000000000e+01 1.739999999999999880e-01 6.817730000000000068e+00 6.191100000000000492e-01
7.300000000000000000e+01 1.739999999999999880e-01 6.826939999999999564e+00 6.188599999999999657e-01
7.400000000000000000e+01 1.739999999999999880e-01 6.836389999999999745e+00 6.186399999999999677e-01
7.500000000000000000e+01 1.739999999999999880e-01 6.845919999999999561e+00 6.183999999999999497e-01
7.600000000000000000e+01 1.739999999999999880e-01 6.855209999999999582e+00 6.182199999999999918e-01
7.700000000000000000e+01 1.739999999999999880e-01 6.864720000000000155e+00 6.181499999999999773e-01
7.800000000000000000e+01 1.739999999999999880e-01 6.874539999999999651e+00 6.182499999999999662e-01
7.900000000000000000e+01 1.739999999999999880e-01 6.883880000000000443e+00 6.183999999999999497e-01
8.000000000000000000e+01 1.739999999999999880e-01 6.894000000000000128e+00 6.185899999999999732e-01
8.100000000000000000e+01 1.739999999999999880e-01 6.903430000000000177e+00 6.187399999999999567e-01
8.200000000000000000e+01 1.739999999999999880e-01 6.912429999999999630e+00 6.188599999999999657e-01
8.300000000000000000e+01 1.739999999999999880e-01 6.921850000000000058e+00 6.190400000000000347e-01
8.400000000000000000e+01 1.739999999999999880e-01 6.931470000000000020e+00 6.193600000000000216e-01
8.500000000000000000e+01 1.739999999999999880e-01 6.941189999999999749e+00 6.197300000000000031e-01
8.600000000000000000e+01 1.739999999999999880e-01 6.950569999999999915e+00 6.200700000000000101e-01
8.700000000000000000e+01 1.739999999999999880e-01 6.959810000000000052e+00 6.204100000000000170e-01
8.800000000000000000e+01 1.739999999999999880e-01 6.969579999999999664e+00 6.207799999999999985e-01
8.900000000000000000e+01 1.739999999999999880e-01 6.979910000000000281e+00 6.211600000000000454e-01
9.000000000000000000e+01 1.739999999999999880e-01 6.990479999999999805e+00 6.216000000000000414e-01
9.100000000000000000e+01 1.739999999999999880e-01 7.001050000000000217e+00 6.220200000000000173e-01
9.200000000000000000e+01 1.739999999999999880e-01 7.011409999999999698e+00 6.224399999999999933e-01
9.300000000000000000e+01 1.739999999999999880e-01 7.021980000000000111e+00 6.229400000000000492e-01
9.400000000000000000e+01 1.739999999999999880e-01 7.032589999999999897e+00 6.234699999999999687e-01
9.500000000000000000e+01 1.739999999999999880e-01 7.043249999999999567e+00 6.239900000000000446e-01
9.600000000000000000e+01 1.739999999999999880e-01 7.053759999999999586e+00 6.245600000000000041e-01
9.700000000000000000e+01 1.739999999999999880e-01 7.064390000000000391e+00 6.250999999999999890e-01
9.800000000000000000e+01 1.739999999999999880e-01 7.075199999999999712e+00 6.256699999999999484e-01
9.900000000000000000e+01 1.739999999999999880e-01 7.085790000000000255e+00 6.262799999999999478e-01
1.000000000000000000e+02 1.739999999999999880e-01 7.096000000000000085e+00 6.269099999999999673e-01
1.010000000000000000e+02 1.739999999999999880e-01 7.106530000000000236e+00 6.275500000000000522e-01
1.020000000000000000e+02 1.739999999999999880e-01 7.117210000000000036e+00 6.281600000000000517e-01
1.030000000000000000e+02 1.739999999999999880e-01 7.128029999999999866e+00 6.287800000000000056e-01
1.040000000000000000e+02 1.739999999999999880e-01 7.138829999999999565e+00 6.293800000000000505e-01
1.050000000000000000e+02 1.739999999999999880e-01 7.149700000000000166e+00 6.300200000000000244e-01
1.060000000000000000e+02 1.739999999999999880e-01 7.160929999999999573e+00 6.307500000000000329e-01
1.070000000000000000e+02 1.739999999999999880e-01 7.172240000000000393e+00 6.315199999999999703e-01
1.080000000000000000e+02 1.739999999999999880e-01 7.183410000000000295e+00 6.322499999999999787e-01
1.090000000000000000e+02 1.739999999999999880e-01 7.194370000000000154e+00 6.329500000000000126e-01
1.100000000000000000e+02 1.739999999999999880e-01 7.205680000000000085e+00 6.336500000000000465e-01
1.110000000000000000e+02 1.739999999999999880e-01 7.217430000000000234e+00 6.343800000000000550e-01
1.120000000000000000e+02 1.739999999999999880e-01 7.229129999999999612e+00 6.351400000000000379e-01
1.130000000000000000e+02 1.670000000000000095e-01 7.240920000000000023e+00 6.359299999999999953e-01
1.140000000000000000e+02 1.670000000000000095e-01 7.252539999999999765e+00 6.366699999999999582e-01
1.150000000000000000e+02 1.670000000000000095e-01 7.263840000000000074e+00 6.374100000000000321e-01
1.160000000000000000e+02 1.670000000000000095e-01 7.275280000000000413e+00 6.381499999999999950e-01
1.170000000000000000e+02 1.670000000000000095e-01 7.286719999999999864e+00 6.388700000000000490e-01
1.180000000000000000e+02 1.670000000000000095e-01 7.298129999999999562e+00 6.396100000000000119e-01
1.190000000000000000e+02 1.670000000000000095e-01 7.309709999999999930e+00 6.403900000000000148e-01
1.200000000000000000e+02 1.670000000000000095e-01 7.321229999999999905e+00 6.411700000000000177e-01
