1.000000000000000000e+00 1.940000000000000058e-01 1.133492000000000033e+01 3.248300000000000076e-01
2.000000000000000000e+00 2.010000000000000120e-01 1.037744000000000000e+01 2.917399999999999993e-01
3.000000000000000000e+00 2.010000000000000120e-01 1.019731999999999950e+01 5.798999999999999988e-02
4.000000000000000000e+00 -1.000000000000000000e+00 -1.000000000000000000e+00 0.000000000000000000e+00
5.000000000000000000e+00 -1.000000000000000000e+00 -1.000000000000000000e+00 0.000000000000000000e+00
6.000000000000000000e+00 -1.000000000000000000e+00 -1.000000000000000000e+00 0.000000000000000000e+00
7.000000000000000000e+00 1.809999999999999942e-01 3.075860000000000039e+00 1.134899999999999937e-01
8.000000000000000000e+00 1.809999999999999942e-01 2.925440000000000040e+00 1.297200000000000020e-01
9.000000000000000000e+00 1.880000000000000004e-01 2.365990000000000038e+00 1.624700000000000033e-01
1.000000000000000000e+01 1.880000000000000004e-01 2.091340000000000199e+00 1.995000000000000107e-01
1.100000000000000000e+01 1.880000000000000004e-01 2.104940000000000033e+00 2.302500000000000102e-01
1.200000000000000000e+01 1.809999999999999942e-01 2.941399999999999793e+00 2.708900000000000197e-01
1.300000000000000000e+01 1.809999999999999942e-01 3.669810000000000016e+00 3.079799999999999760e-01
1.400000000000000000e+01 1.809999999999999942e-01 4.321699999999999875e+00 3.459300000000000153e-01
1.500000000000000000e+01 1.809999999999999942e-01 4.612499999999999822e+00 3.673600000000000199e-01
1.600000000000000000e+01 1.809999999999999942e-01 4.763810000000000322e+00 3.793199999999999905e-01
1.700000000000000000e+01 1.809999999999999942e-01 4.852089999999999570e+00 3.869000000000000217e-01
1.800000000000000000e+01 1.809999999999999942e-01 4.893620000000000303e+00 3.920100000000000251e-01
1.900000000000000000e+01 1.809999999999999942e-01 4.913680000000000270e+00 3.953499999999999792e-01
2.000000000000000000e+01 1.809999999999999942e-01 4.914179999999999993e+00 3.973200000000000065e-01
2.100000000000000000e+01 1.809999999999999942e-01 4.897420000000000329e+00 3.984500000000000264e-01
2.200000000000000000e+01 1.809999999999999942e-01 4.980620000000000047e+00 4.066699999999999759e-01
2.300000000000000000e+01 1.809999999999999942e-01 5.040820000000000078e+00 4.129700000000000037e-01
2.400000000000000000e+01 1.809999999999999942e-01 5.082340000000000302e+00 4.177899999999999947e-01
2.500000000000000000e+01 1.809999999999999942e-01 5.123409999999999798e+00 4.226800000000000002e-01
2.600000000000000000e+01 1.809999999999999942e-01 5.150809999999999889e+00 4.267699999999999827e-01
2.700000000000000000e+01 1.809999999999999942e-01 5.254719999999999835e+00 4.334299999999999820e-01
2.800000000000000000e+01 1.809999999999999942e-01 5.328689999999999927e+00 4.383600000000000274e-01
2.900000000000000000e+01 1.880000000000000004e-01 5.379430000000000156e+00 4.423500000000000210e-01
3.000000000000000000e+01 1.880000000000000004e-01 5.410429999999999851e+00 4.457499999999999796e-01
3.100000000000000000e+01 1.880000000000000004e-01 5.428359999999999630e+00 4.484299999999999953e-01
3.200000000000000000e+01 1.880000000000000004e-01 5.438579999999999970e+00 4.507099999999999995e-01
3.300000000000000000e+01 1.880000000000000004e-01 5.455960000000000143e+00 4.529799999999999938e-01
3.400000000000000000e+01 1.880000000000000004e-01 5.466779999999999973e+00 4.549400000000000110e-01
3.500000000000000000e+01 1.880000000000000004e-01 5.476329999999999920e+00 4.568099999999999938e-01
3.600000000000000000e+01 1.880000000000000004e-01 5.483520000000000394e+00 4.585099999999999731e-01
3.700000000000000000e+01 1.880000000000000004e-01 5.489980000000000082e+00 4.601799999999999780e-01
3.800000000000000000e+01 1.809999999999999942e-01 5.494360000000000355e+00 4.616999999999999993e-01
3.900000000000000000e+01 1.809999999999999942e-01 5.501000000000000334e+00 4.630600000000000271e-01
4.000000000000000000e+01 1.809999999999999942e-01 5.509900000000000020e+00 4.642600000000000060e-01
4.100000000000000000e+01 1.809999999999999942e-01 5.537049999999999805e+00 4.658999999999999808e-01
4.200000000000000000e+01 1.809999999999999942e-01 5.568459999999999965e+00 4.677100000000000146e-01
4.300000000000000000e+01 1.809999999999999942e-01 5.606370000000000076e+00 4.697100000000000164e-01
4.400000000000000000e+01 1.739999999999999880e-01 5.650409999999999933e+00 4.722100000000000186e-01
4.500000000000000000e+01 1.179999999999999938e-01 6.502519999999999634e+00 3.633199999999999763e-01
4.600000000000000000e+01 1.179999999999999938e-01 6.499050000000000438e+00 3.640200000000000102e-01
4.700000000000000000e+01 1.179999999999999938e-01 6.494559999999999889e+00 3.646900000000000142e-01
4.800000000000000000e+01 1.179999999999999938e-01 6.492650000000000254e+00 3.649399999999999866e-01
4.900000000000000000e+01 1.179999999999999938e-01 6.493789999999999729e+00 3.651599999999999846e-01
5.000000000000000000e+01 1.179999999999999938e-01 6.494139999999999802e+00 3.655100000000000016e-01
5.100000000000000000e+01 1.179999999999999938e-01 6.494699999999999918e+00 3.658399999999999985e-01
5.200000000000000000e+01 1.179999999999999938e-01 6.494839999999999947e+00 3.662300000000000000e-01
5.300000000000000000e+01 1.179999999999999938e-01 6.496470000000000411e+00 3.666400000000000214e-01
5.400000000000000000e+01 1.179999999999999938e-01 6.497869999999999813e+00 3.671400000000000219e-01
5.500000000000000000e+01 1.179999999999999938e-01 6.500040000000000262e+00 3.674000000000000044e-01
5.600000000000000000e+01 1.179999999999999938e-01 6.503870000000000040e+00 3.675399999999999778e-01
5.700000000000000000e+01 1.179999999999999938e-01 6.510329999999999728e+00 3.677199999999999913e-01
5.800000000000000000e+01 1.179999999999999938e-01 6.516650000000000276e+00 3.679700000000000193e-01
5.900000000000000000e+01 1.179999999999999938e-01 6.522190000000000154e+00 3.681800000000000073e-01
6.000000000000000000e+01 1.179999999999999938e-01 6.525820000000000398e+00 3.684899999999999842e-01
6.100000000000000000e+01 1.179999999999999938e-01 6.529880000000000351e+00 3.688199999999999812e-01
6.200000000000000000e+01 1.179999999999999938e-01 6.533509999999999707e+00 3.689999999999999947e-01
6.300000000000000000e+01 1.179999999999999938e-01 6.538479999999999848e+00 3.690200000000000147e-01
6.400000000000000000e+01 1.179999999999999938e-01 6.543580000000000396e+00 3.691400000000000237e-01
6.500000000000000000e+01 1.179999999999999938e-01 6.549229999999999663e+00 3.692699999999999871e-01
6.600000000000000000e+01 1.179999999999999938e-01 6.553969999999999629e+00 3.694399999999999906e-01
6.700000000000000000e+01 1.739999999999999880e-01 9.540969999999999729e+00 4.840499999999999803e-01
6.800000000000000000e+01 1.179999999999999938e-01 6.564729999999999954e+00 3.695599999999999996e-01
6.900000000000000000e+01 1.739999999999999880e-01 9.551119999999999166e+00 4.805800000000000072e-01
7.000000000000000000e+01 1.179999999999999938e-01 6.577099999999999724e+00 3.698699999999999766e-01
7.100000000000000000e+01 1.739999999999999880e-01 9.560850000000000293e+00 4.773000000000000020e-01
7.200000000000000000e+01 1.179999999999999938e-01 6.591639999999999944e+00 3.697099999999999831e-01
7.300000000000000000e+01 1.739999999999999880e-01 9.575110000000000454e+00 4.727500000000000036e-01
7.400000000000000000e+01 1.739999999999999880e-01 9.581640000000000157e+00 4.706600000000000228e-01
7.500000000000000000e+01 1.739999999999999880e-01 9.587820000000000675e+00 4.686000000000000165e-01
7.600000000000000000e+01 1.739999999999999880e-01 9.592840000000000700e+00 4.664699999999999958e-01
7.700000000000000000e+01 1.739999999999999880e-01 9.597559999999999647e+00 4.643999999999999795e-01
7.800000000000000000e+01 1.739999999999999880e-01 9.602719999999999700e+00 4.622999999999999887e-01
7.900000000000000000e+01 1.739999999999999880e-01 9.606640000000000512e+00 4.603800000000000114e-01
8.000000000000000000e+01 1.739999999999999880e-01 9.611390000000000100e+00 4.581999999999999962e-01
8.100000000000000000e+01 1.739999999999999880e-01 9.615320000000000533e+00 4.561299999999999799e-01
8.200000000000000000e+01 1.739999999999999880e-01 9.618859999999999744e+00 4.539400000000000102e-01
8.300000000000000000e+01 1.739999999999999880e-01 9.621850000000000236e+00 4.518699999999999939e-01
8.400000000000000000e+01 1.739999999999999880e-01 9.624650000000000816e+00 4.498800000000000021e-01
8.500000000000000000e+01 1.739999999999999880e-01 9.628719999999999501e+00 4.477300000000000169e-01
8.600000000000000000e+01 1.739999999999999880e-01 9.631690000000000751e+00 4.457599999999999896e-01
8.700000000000000000e+01 1.739999999999999880e-01 9.634700000000000486e+00 4.438199999999999923e-01
8.800000000000000000e+01 1.739999999999999880e-01 9.638009999999999522e+00 4.417800000000000060e-01
8.900000000000000000e+01 1.739999999999999880e-01 9.640700000000000713e+00 4.397499999999999742e-01
9.000000000000000000e+01 1.739999999999999880e-01 9.641930000000000334e+00 4.379600000000000160e-01
9.100000000000000000e+01 1.739999999999999880e-01 9.643990000000000506e+00 4.360100000000000087e-01
9.200000000000000000e+01 1.739999999999999880e-01 9.645870000000000388e+00 4.340100000000000069e-01
9.300000000000000000e+01 1.739999999999999880e-01 9.646430000000000504e+00 4.322300000000000031e-01
9.400000000000000000e+01 1.739999999999999880e-01 9.647840000000000416e+00 4.302900000000000058e-01
9.500000000000000000e+01 1.739999999999999880e-01 9.648400000000000531e+00 4.284700000000000175e-01
9.600000000000000000e+01 1.739999999999999880e-01 9.649540000000000006e+00 4.265499999999999847e-01
9.700000000000000000e+01 1.739999999999999880e-01 9.650890000000000413e+00 4.246900000000000119e-01
9.800000000000000000e+01 1.739999999999999880e-01 9.651960000000000761e+00 4.228799999999999781e-01
9.900000000000000000e+01 1.739999999999999880e-01 9.653340000000000032e+00 4.210400000000000253e-01
1.000000000000000000e+02 1.739999999999999880e-01 9.653359999999999275e+00 4.194100000000000050e-01
1.010000000000000000e+02 1.739999999999999880e-01 9.653370000000000672e+00 4.178200000000000247e-01
1.020000000000000000e+02 1.739999999999999880e-01 9.653969999999999274e+00 4.161299999999999999e-01
1.030000000000000000e+02 1.739999999999999880e-01 9.653980000000000672e+00 4.145400000000000196e-01
1.040000000000000000e+02 1.739999999999999880e-01 9.654220000000000468e+00 4.129700000000000037e-01
1.050000000000000000e+02 1.739999999999999880e-01 9.653349999999999653e+00 4.115699999999999914e-01
1.060000000000000000e+02 1.739999999999999880e-01 9.652779999999999916e+00 4.101199999999999846e-01
1.070000000000000000e+02 1.739999999999999880e-01 9.652070000000000149e+00 4.086899999999999977e-01
1.080000000000000000e+02 1.739999999999999880e-01 9.651490000000000791e+00 4.072500000000000009e-01
1.090000000000000000e+02 1.739999999999999880e-01 9.650399999999999423e+00 4.058800000000000185e-01
1.100000000000000000e+02 1.739999999999999880e-01 9.649129999999999541e+00 4.044900000000000162e-01
1.110000000000000000e+02 1.739999999999999880e-01 9.647619999999999862e+00 4.031699999999999728e-01
1.120000000000000000e+02 1.739999999999999880e-01 9.646219999999999573e+00 4.017899999999999805e-01
1.130000000000000000e+02 1.739999999999999880e-01 9.644249999999999545e+00 4.004699999999999926e-01
1.140000000000000000e+02 1.739999999999999880e-01 9.642440000000000566e+00 3.991600000000000148e-01
1.150000000000000000e+02 1.739999999999999880e-01 9.641069999999999141e+00 3.978400000000000269e-01
1.160000000000000000e+02 1.739999999999999880e-01 9.639480000000000715e+00 3.966199999999999726e-01
1.170000000000000000e+02 1.739999999999999880e-01 9.637890000000000512e+00 3.954799999999999982e-01
1.180000000000000000e+02 1.739999999999999880e-01 9.635979999999999990e+00 3.943599999999999883e-01
1.190000000000000000e+02 1.739999999999999880e-01 9.634339999999999904e+00 3.931899999999999840e-01
1.200000000000000000e+02 1.739999999999999880e-01 9.632080000000000197e+00 3.921499999999999986e-01
