1.000000000000000000e+00 1.940000000000000058e-01 7.696740000000000137e+00 5.533299999999999885e-01
2.000000000000000000e+00 -1.000000000000000000e+00 -1.000000000000000000e+00 0.000000000000000000e+00
3.000000000000000000e+00 -1.000000000000000000e+00 -1.000000000000000000e+00 0.000000000000000000e+00
4.000000000000000000e+00 -1.000000000000000000e+00 -1.000000000000000000e+00 0.000000000000000000e+00
5.000000000000000000e+00 -1.000000000000000000e+00 -1.000000000000000000e+00 0.000000000000000000e+00
6.000000000000000000e+00 -1.000000000000000000e+00 -1.000000000000000000e+00 0.000000000000000000e+00
7.000000000000000000e+00 -1.000000000000000000e+00 -1.000000000000000000e+00 0.000000000000000000e+00
8.000000000000000000e+00 -1.000000000000000000e+00 -1.000000000000000000e+00 0.000000000000000000e+00
9.000000000000000000e+00 -1.000000000000000000e+00 -1.000000000000000000e+00 0.000000000000000000e+00
1.000000000000000000e+01 2.079999999999999905e-01 6.792259999999999742e+00 8.659999999999999296e-03
1.100000000000000000e+01 1.940000000000000058e-01 6.688959999999999795e+00 1.078999999999999959e-01
1.200000000000000000e+01 1.809999999999999942e-01 6.627399999999999736e+00 1.449300000000000033e-01
1.300000000000000000e+01 1.809999999999999942e-01 6.573059999999999903e+00 1.665399999999999936e-01
1.400000000000000000e+01 1.739999999999999880e-01 6.480450000000000266e+00 2.005000000000000115e-01
1.500000000000000000e+01 1.739999999999999880e-01 6.415370000000000239e+00 2.227300000000000113e-01
1.600000000000000000e+01 1.670000000000000095e-01 6.345710000000000406e+00 2.529399999999999982e-01
1.700000000000000000e+01 1.600000000000000033e-01 6.287420000000000009e+00 2.828100000000000058e-01
1.800000000000000000e+01 1.670000000000000095e-01 6.266709999999999781e+00 2.982000000000000206e-01
1.900000000000000000e+01 1.739999999999999880e-01 6.255049999999999777e+00 3.094600000000000128e-01
2.000000000000000000e+01 1.809999999999999942e-01 6.239700000000000024e+00 3.145100000000000118e-01
2.100000000000000000e+01 1.809999999999999942e-01 6.223119999999999763e+00 3.162099999999999911e-01
2.200000000000000000e+01 1.880000000000000004e-01 6.209150000000000169e+00 3.164100000000000246e-01
2.300000000000000000e+01 1.880000000000000004e-01 6.215309999999999668e+00 3.175600000000000089e-01
2.400000000000000000e+01 1.880000000000000004e-01 6.219009999999999927e+00 3.174100000000000255e-01
2.500000000000000000e+01 1.869999999999999996e-01 6.220069999999999766e+00 3.170100000000000140e-01
2.600000000000000000e+01 1.880000000000000004e-01 6.224090000000000344e+00 3.173500000000000210e-01
2.700000000000000000e+01 1.880000000000000004e-01 6.228580000000000005e+00 3.167900000000000160e-01
2.800000000000000000e+01 1.880000000000000004e-01 6.236180000000000057e+00 3.162099999999999911e-01
2.900000000000000000e+01 1.880000000000000004e-01 6.245940000000000047e+00 3.149899999999999922e-01
3.000000000000000000e+01 1.869999999999999996e-01 6.260720000000000063e+00 3.140100000000000113e-01
3.100000000000000000e+01 1.869999999999999996e-01 6.277919999999999945e+00 3.132300000000000084e-01
3.200000000000000000e+01 1.869999999999999996e-01 6.305500000000000327e+00 3.133299999999999974e-01
3.300000000000000000e+01 1.869999999999999996e-01 6.329320000000000057e+00 3.131599999999999939e-01
3.400000000000000000e+01 1.869999999999999996e-01 6.356410000000000338e+00 3.125600000000000045e-01
3.500000000000000000e+01 1.869999999999999996e-01 6.383200000000000429e+00 3.115299999999999736e-01
3.600000000000000000e+01 1.869999999999999996e-01 6.401469999999999771e+00 3.090700000000000114e-01
3.700000000000000000e+01 1.809999999999999942e-01 6.416870000000000296e+00 3.059999999999999942e-01
3.800000000000000000e+01 1.809999999999999942e-01 6.430970000000000297e+00 3.026499999999999746e-01
3.900000000000000000e+01 1.739999999999999880e-01 6.450219999999999843e+00 2.992400000000000060e-01
4.000000000000000000e+01 1.739999999999999880e-01 6.768720000000000070e+00 3.052500000000000213e-01
4.100000000000000000e+01 1.600000000000000033e-01 9.116889999999999716e+00 3.121200000000000085e-01
4.200000000000000000e+01 1.459999999999999909e-01 9.189930000000000376e+00 3.106999999999999762e-01
4.300000000000000000e+01 1.600000000000000033e-01 9.123789999999999623e+00 3.091700000000000004e-01
4.400000000000000000e+01 1.670000000000000095e-01 9.044309999999999405e+00 3.077799999999999980e-01
4.500000000000000000e+01 1.670000000000000095e-01 8.977479999999999905e+00 3.065200000000000147e-01
4.600000000000000000e+01 1.670000000000000095e-01 8.932719999999999771e+00 3.056200000000000028e-01
4.700000000000000000e+01 1.670000000000000095e-01 8.915670000000000428e+00 3.051099999999999923e-01
4.800000000000000000e+01 1.670000000000000095e-01 8.934200000000000585e+00 3.047400000000000109e-01
4.900000000000000000e+01 1.670000000000000095e-01 8.941319999999999268e+00 3.041800000000000059e-01
5.000000000000000000e+01 1.670000000000000095e-01 8.940269999999999939e+00 3.032500000000000195e-01
5.100000000000000000e+01 1.670000000000000095e-01 8.927899999999999281e+00 3.025100000000000011e-01
5.200000000000000000e+01 1.670000000000000095e-01 8.910529999999999617e+00 3.019399999999999862e-01
5.300000000000000000e+01 1.670000000000000095e-01 8.893940000000000623e+00 3.014200000000000212e-01
5.400000000000000000e+01 1.600000000000000033e-01 8.892749999999999488e+00 3.013299999999999867e-01
5.500000000000000000e+01 1.600000000000000033e-01 8.887050000000000338e+00 3.012799999999999923e-01
5.600000000000000000e+01 1.600000000000000033e-01 8.880620000000000402e+00 3.012400000000000078e-01
5.700000000000000000e+01 1.600000000000000033e-01 8.871779999999999333e+00 3.011900000000000133e-01
5.800000000000000000e+01 1.600000000000000033e-01 8.868479999999999919e+00 3.010700000000000043e-01
5.900000000000000000e+01 1.600000000000000033e-01 8.867599999999999483e+00 3.009100000000000108e-01
6.000000000000000000e+01 1.600000000000000033e-01 8.867630000000000123e+00 3.007099999999999773e-01
6.100000000000000000e+01 1.600000000000000033e-01 8.867770000000000152e+00 3.004499999999999948e-01
6.200000000000000000e+01 1.600000000000000033e-01 8.865790000000000504e+00 3.001300000000000079e-01
6.300000000000000000e+01 1.600000000000000033e-01 8.860939999999999372e+00 2.997799999999999909e-01
6.400000000000000000e+01 1.600000000000000033e-01 8.856550000000000367e+00 2.992799999999999905e-01
6.500000000000000000e+01 1.600000000000000033e-01 8.852220000000000866e+00 2.987299999999999955e-01
6.600000000000000000e+01 1.600000000000000033e-01 8.846859999999999502e+00 2.982799999999999896e-01
6.700000000000000000e+01 1.600000000000000033e-01 8.844229999999999592e+00 2.975900000000000212e-01
6.800000000000000000e+01 1.600000000000000033e-01 8.842570000000000263e+00 2.968000000000000083e-01
6.900000000000000000e+01 1.600000000000000033e-01 8.840249999999999275e+00 2.960200000000000053e-01
7.000000000000000000e+01 1.600000000000000033e-01 8.837899999999999423e+00 2.951599999999999779e-01
7.100000000000000000e+01 1.600000000000000033e-01 8.836729999999999308e+00 2.942799999999999860e-01
7.200000000000000000e+01 1.600000000000000033e-01 8.834110000000000795e+00 2.933999999999999941e-01
7.300000000000000000e+01 1.600000000000000033e-01 8.833109999999999573e+00 2.924700000000000077e-01
7.400000000000000000e+01 1.600000000000000033e-01 8.835689999999999600e+00 2.915300000000000114e-01
7.500000000000000000e+01 1.600000000000000033e-01 8.843880000000000408e+00 2.903700000000000170e-01
7.600000000000000000e+01 1.600000000000000033e-01 8.852180000000000604e+00 2.890599999999999836e-01
7.700000000000000000e+01 1.600000000000000033e-01 8.859460000000000335e+00 2.877600000000000158e-01
7.800000000000000000e+01 1.600000000000000033e-01 8.866640000000000299e+00 2.865400000000000169e-01
7.900000000000000000e+01 1.600000000000000033e-01 8.873379999999999157e+00 2.853800000000000225e-01
8.000000000000000000e+01 1.600000000000000033e-01 8.882260000000000488e+00 2.842999999999999972e-01
8.100000000000000000e+01 1.600000000000000033e-01 8.896679999999999922e+00 2.833899999999999753e-01
8.200000000000000000e+01 1.600000000000000033e-01 8.914289999999999381e+00 2.825799999999999979e-01
8.300000000000000000e+01 1.600000000000000033e-01 8.932829999999999160e+00 2.817600000000000104e-01
8.400000000000000000e+01 1.600000000000000033e-01 8.949379999999999669e+00 2.809599999999999875e-01
8.500000000000000000e+01 1.600000000000000033e-01 8.965260000000000673e+00 2.801799999999999846e-01
8.600000000000000000e+01 1.600000000000000033e-01 8.989560000000000883e+00 2.795000000000000262e-01
8.700000000000000000e+01 1.600000000000000033e-01 9.032400000000000873e+00 2.791799999999999837e-01
8.800000000000000000e+01 1.600000000000000033e-01 9.075290000000000745e+00 2.788300000000000223e-01
8.900000000000000000e+01 1.600000000000000033e-01 9.117240000000000677e+00 2.785500000000000198e-01
9.000000000000000000e+01 1.600000000000000033e-01 9.156840000000000757e+00 2.784300000000000108e-01
9.100000000000000000e+01 1.600000000000000033e-01 9.197609999999999175e+00 2.783999999999999808e-01
9.200000000000000000e+01 1.600000000000000033e-01 9.237420000000000186e+00 2.783800000000000163e-01
9.300000000000000000e+01 1.600000000000000033e-01 9.264920000000000044e+00 2.786600000000000188e-01
9.400000000000000000e+01 1.600000000000000033e-01 9.289220000000000255e+00 2.791399999999999992e-01
9.500000000000000000e+01 1.600000000000000033e-01 9.314560000000000173e+00 2.796699999999999742e-01
9.600000000000000000e+01 1.600000000000000033e-01 9.341039999999999566e+00 2.802000000000000046e-01
9.700000000000000000e+01 1.600000000000000033e-01 9.369389999999999219e+00 2.807299999999999796e-01
9.800000000000000000e+01 1.600000000000000033e-01 9.397999999999999687e+00 2.812500000000000000e-01
9.900000000000000000e+01 1.600000000000000033e-01 9.429389999999999716e+00 2.816899999999999959e-01
1.000000000000000000e+02 1.600000000000000033e-01 9.462139999999999773e+00 2.822100000000000164e-01
1.010000000000000000e+02 1.600000000000000033e-01 9.493619999999999948e+00 2.827100000000000168e-01
1.020000000000000000e+02 1.600000000000000033e-01 9.524649999999999395e+00 2.831899999999999973e-01
1.030000000000000000e+02 1.600000000000000033e-01 9.555669999999999220e+00 2.836799999999999877e-01
1.040000000000000000e+02 1.600000000000000033e-01 9.587899999999999423e+00 2.841600000000000237e-01
1.050000000000000000e+02 1.600000000000000033e-01 9.623720000000000496e+00 2.847799999999999776e-01
1.060000000000000000e+02 1.600000000000000033e-01 9.659480000000000288e+00 2.853700000000000125e-01
1.070000000000000000e+02 1.600000000000000033e-01 9.701549999999999230e+00 2.861000000000000210e-01
1.080000000000000000e+02 1.600000000000000033e-01 9.749790000000000845e+00 2.869300000000000184e-01
1.090000000000000000e+02 1.600000000000000033e-01 9.801619999999999777e+00 2.879200000000000093e-01
1.100000000000000000e+02 1.600000000000000033e-01 9.853690000000000282e+00 2.889200000000000101e-01
1.110000000000000000e+02 1.600000000000000033e-01 9.907859999999999445e+00 2.899499999999999855e-01
1.120000000000000000e+02 1.600000000000000033e-01 9.966139999999999333e+00 2.912699999999999734e-01
1.130000000000000000e+02 1.600000000000000033e-01 1.002650000000000041e+01 2.926900000000000057e-01
1.140000000000000000e+02 1.600000000000000033e-01 1.008736000000000033e+01 2.941199999999999926e-01
1.150000000000000000e+02 -1.000000000000000000e+00 -1.000000000000000000e+00 0.000000000000000000e+00
1.160000000000000000e+02 -1.000000000000000000e+00 -1.000000000000000000e+00 0.000000000000000000e+00
1.170000000000000000e+02 -1.000000000000000000e+00 -1.000000000000000000e+00 0.000000000000000000e+00
1.180000000000000000e+02 -1.000000000000000000e+00 -1.000000000000000000e+00 0.000000000000000000e+00
1.190000000000000000e+02 -1.000000000000000000e+00 -1.000000000000000000e+00 0.000000000000000000e+00
1.200000000000000000e+02 -1.000000000000000000e+00 -1.000000000000000000e+00 0.000000000000000000e+00
