1.000000000000000000e+00 1.250000000000000000e-01 5.188860000000000028e+00 6.646699999999999831e-01
2.000000000000000000e+00 1.320000000000000062e-01 4.967430000000000234e+00 7.323800000000000310e-01
3.000000000000000000e+00 1.390000000000000124e-01 4.864840000000000053e+00 7.680200000000000360e-01
4.000000000000000000e+00 1.390000000000000124e-01 4.824410000000000309e+00 7.673100000000000476e-01
5.000000000000000000e+00 1.390000000000000124e-01 4.797860000000000014e+00 7.563600000000000323e-01
6.000000000000000000e+00 1.390000000000000124e-01 4.781450000000000422e+00 7.469500000000000028e-01
7.000000000000000000e+00 1.459999999999999909e-01 4.770819999999999617e+00 7.403100000000000236e-01
8.000000000000000000e+00 1.390000000000000124e-01 4.804780000000000051e+00 7.281600000000000295e-01
9.000000000000000000e+00 1.529999999999999971e-01 6.982450000000000045e+00 2.773499999999999854e-01
1.000000000000000000e+01 1.529999999999999971e-01 6.866380000000000372e+00 2.922100000000000253e-01
1.100000000000000000e+01 1.529999999999999971e-01 6.770950000000000024e+00 3.009000000000000008e-01
1.200000000000000000e+01 1.600000000000000033e-01 6.685019999999999740e+00 3.054700000000000193e-01
1.300000000000000000e+01 1.529999999999999971e-01 6.593679999999999986e+00 3.106300000000000172e-01
1.400000000000000000e+01 1.459999999999999909e-01 6.520319999999999894e+00 3.167400000000000215e-01
1.500000000000000000e+01 1.459999999999999909e-01 6.478939999999999699e+00 3.263099999999999890e-01
1.600000000000000000e+01 1.459999999999999909e-01 6.474190000000000111e+00 3.374300000000000077e-01
1.700000000000000000e+01 1.459999999999999909e-01 6.514090000000000380e+00 3.510599999999999832e-01
1.800000000000000000e+01 1.390000000000000124e-01 6.574679999999999858e+00 3.652400000000000091e-01
1.900000000000000000e+01 1.459999999999999909e-01 6.727330000000000254e+00 3.876800000000000246e-01
2.000000000000000000e+01 1.390000000000000124e-01 6.880419999999999980e+00 4.089800000000000102e-01
2.100000000000000000e+01 1.390000000000000124e-01 7.036439999999999806e+00 4.297699999999999854e-01
2.200000000000000000e+01 1.390000000000000124e-01 7.169030000000000236e+00 4.470000000000000084e-01
2.300000000000000000e+01 1.110000000000000014e-01 4.525409999999999933e+00 6.799899999999999833e-01
2.400000000000000000e+01 1.110000000000000014e-01 4.597649999999999793e+00 6.877299999999999525e-01
2.500000000000000000e+01 1.670000000000000095e-01 5.245190000000000019e+00 7.919699999999999518e-01
2.600000000000000000e+01 1.670000000000000095e-01 5.308880000000000265e+00 7.894799999999999596e-01
2.700000000000000000e+01 1.670000000000000095e-01 5.340629999999999988e+00 7.886499999999999622e-01
2.800000000000000000e+01 1.670000000000000095e-01 5.360459999999999781e+00 7.890399999999999636e-01
2.900000000000000000e+01 1.670000000000000095e-01 5.371789999999999843e+00 7.901899999999999480e-01
3.000000000000000000e+01 1.670000000000000095e-01 5.377180000000000071e+00 7.917100000000000248e-01
3.100000000000000000e+01 1.390000000000000124e-01 8.042410000000000281e+00 5.669899999999999940e-01
3.200000000000000000e+01 1.390000000000000124e-01 8.037330000000000751e+00 5.690699999999999648e-01
3.300000000000000000e+01 1.390000000000000124e-01 8.032189999999999941e+00 5.710699999999999665e-01
3.400000000000000000e+01 1.390000000000000124e-01 8.023519999999999541e+00 5.734000000000000208e-01
3.500000000000000000e+01 1.390000000000000124e-01 8.017060000000000741e+00 5.752099999999999991e-01
3.600000000000000000e+01 1.390000000000000124e-01 8.011390000000000455e+00 5.768499999999999739e-01
3.700000000000000000e+01 1.390000000000000124e-01 8.008509999999999351e+00 5.783399999999999652e-01
3.800000000000000000e+01 1.390000000000000124e-01 8.000909999999999300e+00 5.803300000000000125e-01
3.900000000000000000e+01 1.390000000000000124e-01 7.995569999999999844e+00 5.821100000000000163e-01
4.000000000000000000e+01 1.390000000000000124e-01 7.989510000000000112e+00 5.838299999999999601e-01
4.100000000000000000e+01 1.390000000000000124e-01 7.987639999999999851e+00 5.855700000000000349e-01
4.200000000000000000e+01 1.390000000000000124e-01 7.986089999999999911e+00 5.871699999999999697e-01
4.300000000000000000e+01 1.320000000000000062e-01 7.982039999999999580e+00 5.887700000000000156e-01
4.400000000000000000e+01 1.320000000000000062e-01 7.978410000000000224e+00 5.902800000000000269e-01
4.500000000000000000e+01 1.320000000000000062e-01 7.974339999999999762e+00 5.918099999999999472e-01
4.600000000000000000e+01 1.320000000000000062e-01 7.970100000000000406e+00 5.930100000000000371e-01
4.700000000000000000e+01 1.320000000000000062e-01 7.971969999999999779e+00 5.940900000000000070e-01
4.800000000000000000e+01 1.600000000000000033e-01 7.158430000000000071e+00 6.069799999999999640e-01
4.900000000000000000e+01 1.600000000000000033e-01 7.118000000000000327e+00 6.016399999999999526e-01
5.000000000000000000e+01 1.600000000000000033e-01 7.082670000000000243e+00 5.968599999999999461e-01
5.100000000000000000e+01 1.600000000000000033e-01 7.044349999999999667e+00 5.914000000000000368e-01
5.200000000000000000e+01 1.600000000000000033e-01 6.995599999999999596e+00 5.838499999999999801e-01
5.300000000000000000e+01 1.600000000000000033e-01 6.952320000000000277e+00 5.765400000000000524e-01
5.400000000000000000e+01 1.600000000000000033e-01 6.913640000000000008e+00 5.697100000000000497e-01
5.500000000000000000e+01 1.600000000000000033e-01 6.871059999999999945e+00 5.626600000000000490e-01
5.600000000000000000e+01 1.670000000000000095e-01 6.830739999999999590e+00 5.563299999999999912e-01
5.700000000000000000e+01 1.670000000000000095e-01 6.798980000000000246e+00 5.516799999999999482e-01
5.800000000000000000e+01 1.670000000000000095e-01 6.775669999999999860e+00 5.490099999999999980e-01
5.900000000000000000e+01 1.670000000000000095e-01 6.757539999999999658e+00 5.476400000000000157e-01
6.000000000000000000e+01 1.670000000000000095e-01 6.741520000000000401e+00 5.467499999999999583e-01
6.100000000000000000e+01 1.670000000000000095e-01 6.728130000000000166e+00 5.465100000000000513e-01
6.200000000000000000e+01 1.670000000000000095e-01 6.717010000000000147e+00 5.467499999999999583e-01
6.300000000000000000e+01 1.670000000000000095e-01 6.708179999999999588e+00 5.478399999999999936e-01
6.400000000000000000e+01 1.670000000000000095e-01 6.700269999999999726e+00 5.493400000000000505e-01
6.500000000000000000e+01 1.670000000000000095e-01 6.693360000000000198e+00 5.512899999999999467e-01
6.600000000000000000e+01 1.739999999999999880e-01 6.686829999999999607e+00 5.538899999999999935e-01
6.700000000000000000e+01 1.739999999999999880e-01 6.681180000000000341e+00 5.565400000000000347e-01
6.800000000000000000e+01 1.739999999999999880e-01 6.676149999999999807e+00 5.593000000000000194e-01
6.900000000000000000e+01 1.739999999999999880e-01 6.671949999999999825e+00 5.621199999999999530e-01
7.000000000000000000e+01 1.739999999999999880e-01 6.668650000000000411e+00 5.650500000000000522e-01
7.100000000000000000e+01 1.739999999999999880e-01 6.665809999999999569e+00 5.681500000000000439e-01
7.200000000000000000e+01 1.739999999999999880e-01 6.663640000000000008e+00 5.712800000000000100e-01
7.300000000000000000e+01 1.739999999999999880e-01 6.661579999999999835e+00 5.744000000000000217e-01
7.400000000000000000e+01 1.739999999999999880e-01 6.659950000000000259e+00 5.774899999999999478e-01
7.500000000000000000e+01 1.739999999999999880e-01 6.658750000000000391e+00 5.806499999999999995e-01
7.600000000000000000e+01 1.739999999999999880e-01 6.658310000000000173e+00 5.837999999999999856e-01
7.700000000000000000e+01 1.739999999999999880e-01 6.658419999999999561e+00 5.868999999999999773e-01
7.800000000000000000e+01 1.739999999999999880e-01 6.659320000000000128e+00 5.899699999999999944e-01
7.900000000000000000e+01 1.739999999999999880e-01 6.660289999999999822e+00 5.929900000000000171e-01
8.000000000000000000e+01 1.809999999999999942e-01 6.661839999999999762e+00 5.958999999999999853e-01
8.100000000000000000e+01 1.809999999999999942e-01 6.663520000000000110e+00 5.982699999999999685e-01
8.200000000000000000e+01 1.809999999999999942e-01 6.665420000000000122e+00 5.999799999999999578e-01
8.300000000000000000e+01 1.809999999999999942e-01 6.667440000000000033e+00 6.016700000000000381e-01
8.400000000000000000e+01 1.809999999999999942e-01 6.669679999999999609e+00 6.032999999999999474e-01
8.500000000000000000e+01 1.809999999999999942e-01 6.672089999999999854e+00 6.048599999999999532e-01
8.600000000000000000e+01 1.809999999999999942e-01 6.674690000000000012e+00 6.063399999999999901e-01
8.700000000000000000e+01 1.809999999999999942e-01 6.677120000000000388e+00 6.077900000000000524e-01
8.800000000000000000e+01 1.809999999999999942e-01 6.679890000000000327e+00 6.091900000000000093e-01
8.900000000000000000e+01 1.809999999999999942e-01 6.683569999999999567e+00 6.107000000000000206e-01
9.000000000000000000e+01 1.809999999999999942e-01 6.687610000000000277e+00 6.120299999999999629e-01
9.100000000000000000e+01 1.809999999999999942e-01 6.692140000000000200e+00 6.132100000000000328e-01
9.200000000000000000e+01 1.809999999999999942e-01 6.696819999999999773e+00 6.143100000000000227e-01
9.300000000000000000e+01 1.809999999999999942e-01 6.699349999999999916e+00 6.156300000000000106e-01
9.400000000000000000e+01 1.809999999999999942e-01 6.700009999999999799e+00 6.171400000000000219e-01
9.500000000000000000e+01 1.809999999999999942e-01 6.694169999999999732e+00 6.187300000000000022e-01
9.600000000000000000e+01 1.809999999999999942e-01 6.586339999999999861e+00 6.201600000000000446e-01
9.700000000000000000e+01 1.809999999999999942e-01 6.680209999999999759e+00 6.215800000000000214e-01
9.800000000000000000e+01 1.809999999999999942e-01 6.671529999999999738e+00 6.227500000000000258e-01
9.900000000000000000e+01 1.809999999999999942e-01 6.662069999999999936e+00 6.238200000000000411e-01
1.000000000000000000e+02 1.809999999999999942e-01 6.569689999999999586e+00 6.215600000000000014e-01
1.010000000000000000e+02 1.739999999999999880e-01 6.642800000000000260e+00 6.253800000000000470e-01
1.020000000000000000e+02 1.739999999999999880e-01 6.633420000000000094e+00 6.257399999999999629e-01
1.030000000000000000e+02 1.739999999999999880e-01 6.624039999999999928e+00 6.259500000000000064e-01
1.040000000000000000e+02 1.809999999999999942e-01 6.554730000000000167e+00 6.227800000000000002e-01
1.050000000000000000e+02 1.739999999999999880e-01 6.606130000000000280e+00 6.258099999999999774e-01
1.060000000000000000e+02 1.739999999999999880e-01 6.597509999999999764e+00 6.254499999999999504e-01
1.070000000000000000e+02 1.739999999999999880e-01 6.589059999999999917e+00 6.249200000000000310e-01
1.080000000000000000e+02 1.739999999999999880e-01 6.580809999999999604e+00 6.242499999999999716e-01
1.090000000000000000e+02 1.739999999999999880e-01 6.572720000000000340e+00 6.235300000000000287e-01
1.100000000000000000e+02 1.739999999999999880e-01 6.564790000000000347e+00 6.227899999999999547e-01
1.110000000000000000e+02 1.739999999999999880e-01 6.557190000000000296e+00 6.219799999999999773e-01
1.120000000000000000e+02 1.739999999999999880e-01 6.549500000000000099e+00 6.210599999999999454e-01
1.130000000000000000e+02 1.809999999999999942e-01 6.527779999999999916e+00 6.249700000000000255e-01
1.140000000000000000e+02 1.809999999999999942e-01 6.525050000000000239e+00 6.251600000000000490e-01
1.150000000000000000e+02 1.739999999999999880e-01 6.527770000000000294e+00 6.187799999999999967e-01
1.160000000000000000e+02 1.809999999999999942e-01 6.519319999999999560e+00 6.254499999999999504e-01
1.170000000000000000e+02 1.809999999999999942e-01 6.516479999999999606e+00 6.256099999999999994e-01
1.180000000000000000e+02 1.670000000000000095e-01 6.506619999999999848e+00 6.181299999999999573e-01
1.190000000000000000e+02 1.809999999999999942e-01 6.511079999999999757e+00 6.259299999999999864e-01
1.200000000000000000e+02 1.670000000000000095e-01 6.492359999999999687e+00 6.189500000000000002e-01
