1.000000000000000000e+00 1.880000000000000004e-01 1.048935999999999957e+01 9.429999999999999147e-03
2.000000000000000000e+00 1.880000000000000004e-01 1.162284000000000006e+01 1.472000000000000045e-02
3.000000000000000000e+00 1.739999999999999880e-01 9.052630000000000621e+00 3.973999999999999755e-02
4.000000000000000000e+00 1.739999999999999880e-01 8.665179999999999438e+00 4.197000000000000036e-02
5.000000000000000000e+00 1.739999999999999880e-01 8.412119999999999820e+00 4.261999999999999816e-02
6.000000000000000000e+00 1.739999999999999880e-01 8.445830000000000837e+00 4.431999999999999829e-02
7.000000000000000000e+00 1.670000000000000095e-01 9.069950000000000401e+00 6.697999999999999787e-02
8.000000000000000000e+00 1.670000000000000095e-01 9.271509999999999252e+00 6.907000000000000639e-02
9.000000000000000000e+00 1.670000000000000095e-01 9.426170000000000826e+00 7.036000000000000587e-02
1.000000000000000000e+01 1.670000000000000095e-01 9.755770000000000053e+00 7.054000000000000548e-02
1.100000000000000000e+01 1.670000000000000095e-01 1.016173000000000037e+01 7.785999999999999865e-02
1.200000000000000000e+01 1.670000000000000095e-01 1.014303999999999917e+01 7.495000000000000273e-02
1.300000000000000000e+01 1.670000000000000095e-01 1.013560999999999979e+01 7.277999999999999747e-02
1.400000000000000000e+01 1.670000000000000095e-01 1.015544000000000047e+01 7.187000000000000333e-02
1.500000000000000000e+01 1.670000000000000095e-01 1.018018999999999963e+01 7.111000000000000654e-02
1.600000000000000000e+01 1.670000000000000095e-01 1.020157999999999987e+01 7.000000000000000666e-02
1.700000000000000000e+01 1.670000000000000095e-01 1.022521000000000058e+01 6.912000000000000088e-02
1.800000000000000000e+01 1.670000000000000095e-01 1.024684000000000061e+01 6.832000000000000572e-02
1.900000000000000000e+01 1.670000000000000095e-01 1.042802999999999969e+01 6.913999999999999313e-02
2.000000000000000000e+01 1.600000000000000033e-01 1.078975999999999935e+01 7.315000000000000668e-02
2.100000000000000000e+01 1.600000000000000033e-01 1.106708000000000069e+01 7.575999999999999401e-02
2.200000000000000000e+01 1.529999999999999971e-01 1.122005000000000052e+01 7.625999999999999446e-02
2.300000000000000000e+01 1.529999999999999971e-01 1.132178000000000040e+01 7.600999999999999424e-02
2.400000000000000000e+01 1.529999999999999971e-01 1.153584999999999994e+01 7.759000000000000619e-02
2.500000000000000000e+01 1.529999999999999971e-01 1.175486000000000075e+01 7.854999999999999483e-02
2.600000000000000000e+01 1.529999999999999971e-01 1.194613000000000014e+01 7.918000000000000038e-02
2.700000000000000000e+01 1.529999999999999971e-01 1.211131999999999920e+01 8.305999999999999495e-02
2.800000000000000000e+01 1.529999999999999971e-01 1.224698000000000064e+01 8.708000000000000462e-02
2.900000000000000000e+01 1.670000000000000095e-01 1.236670999999999943e+01 9.131999999999999840e-02
3.000000000000000000e+01 1.670000000000000095e-01 1.246016999999999975e+01 9.464999999999999802e-02
3.100000000000000000e+01 1.739999999999999880e-01 1.254016000000000020e+01 9.768999999999999906e-02
3.200000000000000000e+01 1.739999999999999880e-01 1.261312000000000033e+01 1.010100000000000026e-01
3.300000000000000000e+01 1.739999999999999880e-01 1.269533000000000023e+01 1.044199999999999989e-01
3.400000000000000000e+01 1.739999999999999880e-01 1.274515000000000065e+01 1.056799999999999962e-01
3.500000000000000000e+01 1.670000000000000095e-01 1.278301000000000087e+01 1.067700000000000038e-01
3.600000000000000000e+01 1.600000000000000033e-01 1.283454000000000050e+01 1.089100000000000068e-01
3.700000000000000000e+01 1.670000000000000095e-01 1.291019999999999968e+01 1.123900000000000038e-01
3.800000000000000000e+01 1.600000000000000033e-01 1.299261000000000088e+01 1.161999999999999977e-01
3.900000000000000000e+01 1.670000000000000095e-01 1.310833000000000048e+01 1.211399999999999977e-01
4.000000000000000000e+01 1.670000000000000095e-01 1.329214999999999947e+01 1.289299999999999891e-01
4.100000000000000000e+01 1.600000000000000033e-01 1.344785000000000075e+01 1.378900000000000126e-01
4.200000000000000000e+01 1.529999999999999971e-01 1.357372999999999941e+01 1.470400000000000040e-01
4.300000000000000000e+01 1.459999999999999909e-01 1.368300999999999945e+01 1.564399999999999957e-01
4.400000000000000000e+01 1.459999999999999909e-01 1.377075999999999922e+01 1.655800000000000050e-01
4.500000000000000000e+01 1.459999999999999909e-01 1.383895000000000053e+01 1.741000000000000048e-01
4.600000000000000000e+01 1.459999999999999909e-01 1.389645999999999937e+01 1.822300000000000031e-01
4.700000000000000000e+01 1.529999999999999971e-01 1.394059999999999988e+01 1.897000000000000075e-01
4.800000000000000000e+01 1.459999999999999909e-01 1.397818000000000005e+01 1.966600000000000015e-01
4.900000000000000000e+01 1.459999999999999909e-01 1.401201000000000008e+01 2.030599999999999905e-01
5.000000000000000000e+01 1.529999999999999971e-01 1.404067000000000043e+01 2.078899999999999915e-01
5.100000000000000000e+01 1.529999999999999971e-01 1.406227999999999945e+01 2.107799999999999951e-01
5.200000000000000000e+01 1.529999999999999971e-01 1.407948999999999984e+01 2.126599999999999879e-01
5.300000000000000000e+01 1.529999999999999971e-01 1.409193999999999924e+01 2.136800000000000088e-01
5.400000000000000000e+01 1.529999999999999971e-01 1.410027000000000008e+01 2.139300000000000090e-01
5.500000000000000000e+01 1.529999999999999971e-01 1.410918000000000028e+01 2.137199999999999933e-01
5.600000000000000000e+01 1.600000000000000033e-01 1.411567999999999934e+01 2.130299999999999971e-01
5.700000000000000000e+01 1.600000000000000033e-01 1.411562999999999946e+01 2.118899999999999950e-01
5.800000000000000000e+01 1.600000000000000033e-01 1.411378999999999984e+01 2.104199999999999959e-01
5.900000000000000000e+01 1.529999999999999971e-01 1.411159999999999926e+01 2.087199999999999889e-01
6.000000000000000000e+01 1.459999999999999909e-01 1.410773999999999972e+01 2.068899999999999906e-01
6.100000000000000000e+01 1.459999999999999909e-01 1.410234999999999950e+01 2.049600000000000033e-01
6.200000000000000000e+01 1.459999999999999909e-01 1.409545999999999921e+01 2.029299999999999993e-01
6.300000000000000000e+01 1.459999999999999909e-01 1.408583999999999925e+01 2.007799999999999863e-01
6.400000000000000000e+01 1.459999999999999909e-01 1.407521000000000022e+01 1.985699999999999965e-01
6.500000000000000000e+01 1.459999999999999909e-01 1.406441000000000052e+01 1.964200000000000113e-01
6.600000000000000000e+01 1.459999999999999909e-01 1.405320000000000036e+01 1.945099999999999885e-01
6.700000000000000000e+01 1.459999999999999909e-01 1.404030999999999985e+01 1.926900000000000002e-01
6.800000000000000000e+01 1.459999999999999909e-01 1.402513000000000076e+01 1.909500000000000086e-01
6.900000000000000000e+01 1.459999999999999909e-01 1.400905999999999985e+01 1.892300000000000093e-01
7.000000000000000000e+01 1.459999999999999909e-01 1.399328000000000038e+01 1.875400000000000122e-01
7.100000000000000000e+01 1.459999999999999909e-01 1.397760000000000069e+01 1.859099999999999919e-01
7.200000000000000000e+01 1.459999999999999909e-01 1.396194000000000024e+01 1.842999999999999916e-01
7.300000000000000000e+01 1.529999999999999971e-01 1.394590999999999958e+01 1.827100000000000113e-01
7.400000000000000000e+01 1.529999999999999971e-01 1.393069000000000024e+01 1.811699999999999977e-01
7.500000000000000000e+01 1.529999999999999971e-01 1.391682999999999915e+01 1.796099999999999919e-01
7.600000000000000000e+01 1.529999999999999971e-01 1.390288999999999930e+01 1.780500000000000138e-01
7.700000000000000000e+01 1.529999999999999971e-01 1.388899999999999935e+01 1.765299999999999925e-01
7.800000000000000000e+01 1.529999999999999971e-01 1.387505999999999950e+01 1.751000000000000056e-01
7.900000000000000000e+01 1.529999999999999971e-01 1.386128000000000071e+01 1.738200000000000023e-01
8.000000000000000000e+01 1.529999999999999971e-01 1.384778999999999982e+01 1.725899999999999934e-01
8.100000000000000000e+01 1.529999999999999971e-01 1.383440000000000047e+01 1.713899999999999868e-01
8.200000000000000000e+01 1.529999999999999971e-01 1.382109999999999950e+01 1.702100000000000002e-01
8.300000000000000000e+01 1.529999999999999971e-01 1.381010999999999989e+01 1.691600000000000048e-01
8.400000000000000000e+01 1.529999999999999971e-01 1.380157999999999952e+01 1.683199999999999974e-01
8.500000000000000000e+01 1.529999999999999971e-01 1.379317999999999955e+01 1.674900000000000000e-01
8.600000000000000000e+01 1.529999999999999971e-01 1.378491000000000000e+01 1.666799999999999948e-01
8.700000000000000000e+01 1.459999999999999909e-01 1.377679999999999971e+01 1.658900000000000097e-01
8.800000000000000000e+01 1.459999999999999909e-01 1.376778999999999975e+01 1.651100000000000068e-01
8.900000000000000000e+01 1.459999999999999909e-01 1.375707000000000058e+01 1.643300000000000038e-01
9.000000000000000000e+01 1.459999999999999909e-01 1.374666999999999994e+01 1.635900000000000132e-01
9.100000000000000000e+01 1.459999999999999909e-01 1.373752999999999957e+01 1.629200000000000093e-01
9.200000000000000000e+01 1.459999999999999909e-01 1.372859000000000052e+01 1.622699999999999976e-01
9.300000000000000000e+01 1.459999999999999909e-01 1.371982999999999997e+01 1.616400000000000059e-01
9.400000000000000000e+01 1.459999999999999909e-01 1.371124000000000009e+01 1.610199999999999965e-01
9.500000000000000000e+01 1.459999999999999909e-01 1.370283000000000051e+01 1.604200000000000070e-01
9.600000000000000000e+01 1.459999999999999909e-01 1.369458000000000020e+01 1.598199999999999898e-01
9.700000000000000000e+01 1.459999999999999909e-01 1.368651999999999980e+01 1.592399999999999927e-01
9.800000000000000000e+01 1.459999999999999909e-01 1.367957000000000001e+01 1.587099999999999900e-01
9.900000000000000000e+01 1.459999999999999909e-01 1.367285000000000039e+01 1.582000000000000073e-01
1.000000000000000000e+02 1.459999999999999909e-01 1.366601999999999961e+01 1.576200000000000101e-01
1.010000000000000000e+02 1.390000000000000124e-01 1.365906000000000020e+01 1.570499999999999952e-01
1.020000000000000000e+02 1.390000000000000124e-01 1.365225000000000044e+01 1.565199999999999925e-01
1.030000000000000000e+02 1.390000000000000124e-01 1.364555000000000007e+01 1.559999999999999998e-01
1.040000000000000000e+02 1.390000000000000124e-01 1.363898000000000010e+01 1.554800000000000071e-01
1.050000000000000000e+02 1.390000000000000124e-01 1.363245000000000040e+01 1.549699999999999966e-01
1.060000000000000000e+02 1.459999999999999909e-01 1.362603000000000009e+01 1.544699999999999962e-01
1.070000000000000000e+02 1.459999999999999909e-01 1.361971999999999916e+01 1.539800000000000058e-01
1.080000000000000000e+02 1.459999999999999909e-01 1.361332999999999949e+01 1.535100000000000076e-01
1.090000000000000000e+02 1.459999999999999909e-01 1.360721999999999987e+01 1.530299999999999994e-01
1.100000000000000000e+02 1.459999999999999909e-01 1.360124000000000066e+01 1.525700000000000112e-01
1.110000000000000000e+02 1.459999999999999909e-01 1.359552000000000049e+01 1.521699999999999997e-01
1.120000000000000000e+02 1.459999999999999909e-01 1.358986999999999945e+01 1.517699999999999882e-01
1.130000000000000000e+02 1.459999999999999909e-01 1.358435000000000059e+01 1.513799999999999868e-01
1.140000000000000000e+02 1.459999999999999909e-01 1.357891000000000048e+01 1.509999999999999953e-01
1.150000000000000000e+02 1.459999999999999909e-01 1.357352999999999987e+01 1.506200000000000039e-01
1.160000000000000000e+02 1.459999999999999909e-01 1.356819999999999915e+01 1.502499999999999947e-01
1.170000000000000000e+02 1.459999999999999909e-01 1.356291000000000047e+01 1.499000000000000055e-01
1.180000000000000000e+02 1.459999999999999909e-01 1.355837999999999965e+01 1.495700000000000085e-01
1.190000000000000000e+02 1.459999999999999909e-01 1.355394000000000077e+01 1.492600000000000038e-01
1.200000000000000000e+02 1.459999999999999909e-01 1.354958000000000062e+01 1.489499999999999991e-01
