1.000000000000000000e+00 1.390000000000000124e-01 3.496329999999999938e+00 6.707699999999999774e-01
2.000000000000000000e+00 1.390000000000000124e-01 3.496329999999999938e+00 6.707699999999999774e-01
3.000000000000000000e+00 1.459999999999999909e-01 3.133799999999999919e+00 1.484300000000000064e-01
4.000000000000000000e+00 1.459999999999999909e-01 3.133799999999999919e+00 1.484300000000000064e-01
5.000000000000000000e+00 1.459999999999999909e-01 3.133799999999999919e+00 1.484300000000000064e-01
6.000000000000000000e+00 1.459999999999999909e-01 3.133799999999999919e+00 1.484300000000000064e-01
7.000000000000000000e+00 1.869999999999999996e-01 6.647319999999999673e+00 1.663000000000000034e-01
8.000000000000000000e+00 1.459999999999999909e-01 5.262039999999999829e+00 4.495999999999999996e-01
9.000000000000000000e+00 1.529999999999999971e-01 6.656480000000000175e+00 6.739300000000000290e-01
1.000000000000000000e+01 1.459999999999999909e-01 6.008099999999999774e+00 3.859699999999999798e-01
1.100000000000000000e+01 1.459999999999999909e-01 6.662980000000000125e+00 1.389299999999999979e-01
1.200000000000000000e+01 1.459999999999999909e-01 6.662980000000000125e+00 1.389299999999999979e-01
1.300000000000000000e+01 1.459999999999999909e-01 6.662980000000000125e+00 1.389299999999999979e-01
1.400000000000000000e+01 1.459999999999999909e-01 6.008099999999999774e+00 3.859699999999999798e-01
1.500000000000000000e+01 1.809999999999999942e-01 7.683810000000000251e+00 1.126299999999999940e-01
1.600000000000000000e+01 1.809999999999999942e-01 7.683810000000000251e+00 1.126299999999999940e-01
1.700000000000000000e+01 1.809999999999999942e-01 7.683810000000000251e+00 1.126299999999999940e-01
1.800000000000000000e+01 1.809999999999999942e-01 7.683810000000000251e+00 1.126299999999999940e-01
1.900000000000000000e+01 1.809999999999999942e-01 7.683810000000000251e+00 1.126299999999999940e-01
2.000000000000000000e+01 1.809999999999999942e-01 7.683810000000000251e+00 1.126299999999999940e-01
2.100000000000000000e+01 1.739999999999999880e-01 7.988339999999999996e+00 1.031900000000000039e-01
2.200000000000000000e+01 1.739999999999999880e-01 7.988339999999999996e+00 1.031900000000000039e-01
2.300000000000000000e+01 1.739999999999999880e-01 7.988339999999999996e+00 1.031900000000000039e-01
2.400000000000000000e+01 1.739999999999999880e-01 8.064199999999999591e+00 1.073299999999999949e-01
2.500000000000000000e+01 1.809999999999999942e-01 7.683810000000000251e+00 1.126299999999999940e-01
2.600000000000000000e+01 1.739999999999999880e-01 8.064199999999999591e+00 1.073299999999999949e-01
2.700000000000000000e+01 1.809999999999999942e-01 7.683810000000000251e+00 1.126299999999999940e-01
2.800000000000000000e+01 1.809999999999999942e-01 7.683810000000000251e+00 1.126299999999999940e-01
2.900000000000000000e+01 1.809999999999999942e-01 7.683810000000000251e+00 1.126299999999999940e-01
3.000000000000000000e+01 1.809999999999999942e-01 7.683810000000000251e+00 1.126299999999999940e-01
3.100000000000000000e+01 1.809999999999999942e-01 7.683810000000000251e+00 1.126299999999999940e-01
3.200000000000000000e+01 1.880000000000000004e-01 7.289200000000000124e+00 1.132500000000000034e-01
3.300000000000000000e+01 1.880000000000000004e-01 7.289200000000000124e+00 1.132500000000000034e-01
3.400000000000000000e+01 1.600000000000000033e-01 5.815299999999999692e+00 1.113800000000000068e-01
3.500000000000000000e+01 1.600000000000000033e-01 5.764899999999999913e+00 1.004000000000000031e-01
3.600000000000000000e+01 1.600000000000000033e-01 5.764899999999999913e+00 1.004000000000000031e-01
3.700000000000000000e+01 1.600000000000000033e-01 5.764899999999999913e+00 1.004000000000000031e-01
3.800000000000000000e+01 1.600000000000000033e-01 5.764899999999999913e+00 1.004000000000000031e-01
3.900000000000000000e+01 1.600000000000000033e-01 5.764899999999999913e+00 1.004000000000000031e-01
4.000000000000000000e+01 1.600000000000000033e-01 5.764899999999999913e+00 1.004000000000000031e-01
4.100000000000000000e+01 1.600000000000000033e-01 5.764899999999999913e+00 1.004000000000000031e-01
4.200000000000000000e+01 1.600000000000000033e-01 5.764899999999999913e+00 1.004000000000000031e-01
4.300000000000000000e+01 1.600000000000000033e-01 4.592459999999999987e+00 1.022499999999999937e-01
4.400000000000000000e+01 1.600000000000000033e-01 4.592459999999999987e+00 1.022499999999999937e-01
4.500000000000000000e+01 1.600000000000000033e-01 4.592459999999999987e+00 1.022499999999999937e-01
4.600000000000000000e+01 1.600000000000000033e-01 4.592459999999999987e+00 1.022499999999999937e-01
4.700000000000000000e+01 1.600000000000000033e-01 4.592459999999999987e+00 1.022499999999999937e-01
4.800000000000000000e+01 1.600000000000000033e-01 4.592459999999999987e+00 1.022499999999999937e-01
4.900000000000000000e+01 1.600000000000000033e-01 4.592459999999999987e+00 1.022499999999999937e-01
5.000000000000000000e+01 1.600000000000000033e-01 4.592459999999999987e+00 1.022499999999999937e-01
5.100000000000000000e+01 1.600000000000000033e-01 4.592459999999999987e+00 1.022499999999999937e-01
5.200000000000000000e+01 1.600000000000000033e-01 4.592459999999999987e+00 1.022499999999999937e-01
5.300000000000000000e+01 1.600000000000000033e-01 4.592459999999999987e+00 1.022499999999999937e-01
5.400000000000000000e+01 1.600000000000000033e-01 4.592459999999999987e+00 1.022499999999999937e-01
5.500000000000000000e+01 1.600000000000000033e-01 4.592459999999999987e+00 1.022499999999999937e-01
5.600000000000000000e+01 1.600000000000000033e-01 4.592459999999999987e+00 1.022499999999999937e-01
5.700000000000000000e+01 1.600000000000000033e-01 4.592459999999999987e+00 1.022499999999999937e-01
5.800000000000000000e+01 1.600000000000000033e-01 4.592459999999999987e+00 1.022499999999999937e-01
5.900000000000000000e+01 1.600000000000000033e-01 4.592459999999999987e+00 1.022499999999999937e-01
6.000000000000000000e+01 1.600000000000000033e-01 4.592459999999999987e+00 1.022499999999999937e-01
6.100000000000000000e+01 1.600000000000000033e-01 4.592459999999999987e+00 1.022499999999999937e-01
6.200000000000000000e+01 1.600000000000000033e-01 4.592459999999999987e+00 1.022499999999999937e-01
6.300000000000000000e+01 1.600000000000000033e-01 4.592459999999999987e+00 1.022499999999999937e-01
6.400000000000000000e+01 1.600000000000000033e-01 4.592459999999999987e+00 1.022499999999999937e-01
6.500000000000000000e+01 1.600000000000000033e-01 4.592459999999999987e+00 1.022499999999999937e-01
6.600000000000000000e+01 1.600000000000000033e-01 4.592459999999999987e+00 1.022499999999999937e-01
6.700000000000000000e+01 1.600000000000000033e-01 4.592459999999999987e+00 1.022499999999999937e-01
6.800000000000000000e+01 1.600000000000000033e-01 4.592459999999999987e+00 1.022499999999999937e-01
6.900000000000000000e+01 1.600000000000000033e-01 4.592459999999999987e+00 1.022499999999999937e-01
7.000000000000000000e+01 1.600000000000000033e-01 4.592459999999999987e+00 1.022499999999999937e-01
7.100000000000000000e+01 1.600000000000000033e-01 4.592459999999999987e+00 1.022499999999999937e-01
7.200000000000000000e+01 1.600000000000000033e-01 4.592459999999999987e+00 1.022499999999999937e-01
7.300000000000000000e+01 1.600000000000000033e-01 4.592459999999999987e+00 1.022499999999999937e-01
7.400000000000000000e+01 1.600000000000000033e-01 4.592459999999999987e+00 1.022499999999999937e-01
7.500000000000000000e+01 1.600000000000000033e-01 4.592459999999999987e+00 1.022499999999999937e-01
7.600000000000000000e+01 1.600000000000000033e-01 4.592459999999999987e+00 1.022499999999999937e-01
7.700000000000000000e+01 1.600000000000000033e-01 4.592459999999999987e+00 1.022499999999999937e-01
7.800000000000000000e+01 1.600000000000000033e-01 4.592459999999999987e+00 1.022499999999999937e-01
7.900000000000000000e+01 1.600000000000000033e-01 4.592459999999999987e+00 1.022499999999999937e-01
8.000000000000000000e+01 1.600000000000000033e-01 4.592459999999999987e+00 1.022499999999999937e-01
8.100000000000000000e+01 1.600000000000000033e-01 4.592459999999999987e+00 1.022499999999999937e-01
8.200000000000000000e+01 1.600000000000000033e-01 4.592459999999999987e+00 1.022499999999999937e-01
8.300000000000000000e+01 1.600000000000000033e-01 4.592459999999999987e+00 1.022499999999999937e-01
8.400000000000000000e+01 1.600000000000000033e-01 4.592459999999999987e+00 1.022499999999999937e-01
8.500000000000000000e+01 1.600000000000000033e-01 4.592459999999999987e+00 1.022499999999999937e-01
8.600000000000000000e+01 1.600000000000000033e-01 4.592459999999999987e+00 1.022499999999999937e-01
8.700000000000000000e+01 1.600000000000000033e-01 4.592459999999999987e+00 1.022499999999999937e-01
8.800000000000000000e+01 1.600000000000000033e-01 4.592459999999999987e+00 1.022499999999999937e-01
8.900000000000000000e+01 1.600000000000000033e-01 4.592459999999999987e+00 1.022499999999999937e-01
9.000000000000000000e+01 1.600000000000000033e-01 4.592459999999999987e+00 1.022499999999999937e-01
9.100000000000000000e+01 1.600000000000000033e-01 4.592459999999999987e+00 1.022499999999999937e-01
9.200000000000000000e+01 1.600000000000000033e-01 4.592459999999999987e+00 1.022499999999999937e-01
9.300000000000000000e+01 1.600000000000000033e-01 4.592459999999999987e+00 1.022499999999999937e-01
9.400000000000000000e+01 1.600000000000000033e-01 4.592459999999999987e+00 1.022499999999999937e-01
9.500000000000000000e+01 1.600000000000000033e-01 4.592459999999999987e+00 1.022499999999999937e-01
9.600000000000000000e+01 1.600000000000000033e-01 4.592459999999999987e+00 1.022499999999999937e-01
9.700000000000000000e+01 1.600000000000000033e-01 4.592459999999999987e+00 1.022499999999999937e-01
9.800000000000000000e+01 1.600000000000000033e-01 4.592459999999999987e+00 1.022499999999999937e-01
9.900000000000000000e+01 1.600000000000000033e-01 4.592459999999999987e+00 1.022499999999999937e-01
1.000000000000000000e+02 1.600000000000000033e-01 4.592459999999999987e+00 1.022499999999999937e-01
1.010000000000000000e+02 1.600000000000000033e-01 4.592459999999999987e+00 1.022499999999999937e-01
1.020000000000000000e+02 1.600000000000000033e-01 4.592459999999999987e+00 1.022499999999999937e-01
1.030000000000000000e+02 1.600000000000000033e-01 4.592459999999999987e+00 1.022499999999999937e-01
1.040000000000000000e+02 1.600000000000000033e-01 4.592459999999999987e+00 1.022499999999999937e-01
1.050000000000000000e+02 1.600000000000000033e-01 4.592459999999999987e+00 1.022499999999999937e-01
1.060000000000000000e+02 1.600000000000000033e-01 4.592459999999999987e+00 1.022499999999999937e-01
1.070000000000000000e+02 1.600000000000000033e-01 4.592459999999999987e+00 1.022499999999999937e-01
1.080000000000000000e+02 1.600000000000000033e-01 4.592459999999999987e+00 1.022499999999999937e-01
1.090000000000000000e+02 1.600000000000000033e-01 4.592459999999999987e+00 1.022499999999999937e-01
1.100000000000000000e+02 1.600000000000000033e-01 4.592459999999999987e+00 1.022499999999999937e-01
1.110000000000000000e+02 1.600000000000000033e-01 4.592459999999999987e+00 1.022499999999999937e-01
1.120000000000000000e+02 1.600000000000000033e-01 4.592459999999999987e+00 1.022499999999999937e-01
1.130000000000000000e+02 1.600000000000000033e-01 4.592459999999999987e+00 1.022499999999999937e-01
1.140000000000000000e+02 1.600000000000000033e-01 4.592459999999999987e+00 1.022499999999999937e-01
1.150000000000000000e+02 1.600000000000000033e-01 4.592459999999999987e+00 1.022499999999999937e-01
1.160000000000000000e+02 1.600000000000000033e-01 4.592459999999999987e+00 1.022499999999999937e-01
1.170000000000000000e+02 1.600000000000000033e-01 4.592459999999999987e+00 1.022499999999999937e-01
1.180000000000000000e+02 1.600000000000000033e-01 4.592459999999999987e+00 1.022499999999999937e-01
1.190000000000000000e+02 1.600000000000000033e-01 4.592459999999999987e+00 1.022499999999999937e-01
1.200000000000000000e+02 1.600000000000000033e-01 4.592459999999999987e+00 1.022499999999999937e-01
