1.000000000000000000e+00 1.110000000000000014e-01 6.447040000000000326e+00 3.669000000000000039e-01
2.000000000000000000e+00 1.110000000000000014e-01 6.461969999999999992e+00 3.467199999999999727e-01
3.000000000000000000e+00 1.459999999999999909e-01 6.452210000000000001e+00 2.646100000000000119e-01
4.000000000000000000e+00 1.459999999999999909e-01 6.360629999999999562e+00 2.003600000000000103e-01
5.000000000000000000e+00 1.529999999999999971e-01 6.249399999999999622e+00 1.064900000000000013e-01
6.000000000000000000e+00 -1.000000000000000000e+00 -1.000000000000000000e+00 0.000000000000000000e+00
7.000000000000000000e+00 -1.000000000000000000e+00 -1.000000000000000000e+00 0.000000000000000000e+00
8.000000000000000000e+00 -1.000000000000000000e+00 -1.000000000000000000e+00 0.000000000000000000e+00
9.000000000000000000e+00 -1.000000000000000000e+00 -1.000000000000000000e+00 0.000000000000000000e+00
1.000000000000000000e+01 -1.000000000000000000e+00 -1.000000000000000000e+00 0.000000000000000000e+00
1.100000000000000000e+01 -1.000000000000000000e+00 -1.000000000000000000e+00 0.000000000000000000e+00
1.200000000000000000e+01 -1.000000000000000000e+00 -1.000000000000000000e+00 0.000000000000000000e+00
1.300000000000000000e+01 -1.000000000000000000e+00 -1.000000000000000000e+00 0.000000000000000000e+00
1.400000000000000000e+01 -1.000000000000000000e+00 -1.000000000000000000e+00 0.000000000000000000e+00
1.500000000000000000e+01 -1.000000000000000000e+00 -1.000000000000000000e+00 0.000000000000000000e+00
1.600000000000000000e+01 2.010000000000000120e-01 5.915180000000000327e+00 7.569399999999999462e-01
1.700000000000000000e+01 -1.000000000000000000e+00 -1.000000000000000000e+00 0.000000000000000000e+00
1.800000000000000000e+01 2.010000000000000120e-01 5.924610000000000376e+00 7.601200000000000179e-01
1.900000000000000000e+01 2.010000000000000120e-01 5.927909999999999791e+00 7.629200000000000426e-01
2.000000000000000000e+01 -1.000000000000000000e+00 -1.000000000000000000e+00 0.000000000000000000e+00
2.100000000000000000e+01 2.010000000000000120e-01 5.914620000000000211e+00 7.697599999999999998e-01
2.200000000000000000e+01 2.010000000000000120e-01 5.868450000000000166e+00 7.793400000000000327e-01
2.300000000000000000e+01 2.010000000000000120e-01 5.819230000000000125e+00 7.903599999999999515e-01
2.400000000000000000e+01 2.010000000000000120e-01 5.775999999999999801e+00 8.017800000000000482e-01
2.500000000000000000e+01 2.010000000000000120e-01 5.744139999999999802e+00 8.138499999999999623e-01
2.600000000000000000e+01 2.010000000000000120e-01 5.724330000000000140e+00 8.269999999999999574e-01
2.700000000000000000e+01 1.250000000000000000e-01 3.599580000000000002e+00 4.465100000000000180e-01
2.800000000000000000e+01 1.250000000000000000e-01 3.621929999999999872e+00 4.479000000000000203e-01
2.900000000000000000e+01 1.250000000000000000e-01 3.644299999999999873e+00 4.490899999999999892e-01
3.000000000000000000e+01 1.250000000000000000e-01 3.666049999999999809e+00 4.501899999999999791e-01
3.100000000000000000e+01 1.250000000000000000e-01 3.688509999999999955e+00 4.512900000000000245e-01
3.200000000000000000e+01 1.250000000000000000e-01 3.712969999999999882e+00 4.523900000000000143e-01
3.300000000000000000e+01 1.250000000000000000e-01 3.737039999999999917e+00 4.534199999999999897e-01
3.400000000000000000e+01 1.250000000000000000e-01 3.760800000000000143e+00 4.546799999999999731e-01
3.500000000000000000e+01 1.250000000000000000e-01 3.783570000000000100e+00 4.559199999999999919e-01
3.600000000000000000e+01 1.250000000000000000e-01 3.805689999999999795e+00 4.571100000000000163e-01
3.700000000000000000e+01 1.250000000000000000e-01 3.827479999999999993e+00 4.582300000000000262e-01
3.800000000000000000e+01 1.250000000000000000e-01 3.848399999999999821e+00 4.594799999999999995e-01
3.900000000000000000e+01 1.250000000000000000e-01 3.868520000000000181e+00 4.607999999999999874e-01
4.000000000000000000e+01 1.250000000000000000e-01 3.887319999999999887e+00 4.621500000000000052e-01
4.100000000000000000e+01 1.880000000000000004e-01 8.523009999999999309e+00 5.029900000000000482e-01
4.200000000000000000e+01 1.179999999999999938e-01 3.925120000000000164e+00 4.648100000000000009e-01
4.300000000000000000e+01 1.179999999999999938e-01 3.944209999999999994e+00 4.658399999999999763e-01
4.400000000000000000e+01 1.179999999999999938e-01 3.962549999999999795e+00 4.668300000000000227e-01
4.500000000000000000e+01 1.179999999999999938e-01 3.981460000000000221e+00 4.679300000000000126e-01
4.600000000000000000e+01 1.809999999999999942e-01 8.487719999999999487e+00 5.041900000000000270e-01
4.700000000000000000e+01 1.179999999999999938e-01 4.017430000000000057e+00 4.703700000000000103e-01
4.800000000000000000e+01 1.809999999999999942e-01 8.475749999999999673e+00 5.050099999999999589e-01
4.900000000000000000e+01 1.179999999999999938e-01 4.051820000000000199e+00 4.727399999999999936e-01
5.000000000000000000e+01 1.880000000000000004e-01 8.465020000000000877e+00 5.057599999999999874e-01
5.100000000000000000e+01 1.179999999999999938e-01 4.086479999999999890e+00 4.748999999999999888e-01
5.200000000000000000e+01 1.880000000000000004e-01 8.455420000000000158e+00 5.066300000000000248e-01
5.300000000000000000e+01 1.179999999999999938e-01 4.122139999999999915e+00 4.769900000000000251e-01
5.400000000000000000e+01 1.880000000000000004e-01 8.445589999999999264e+00 5.078000000000000291e-01
5.500000000000000000e+01 1.179999999999999938e-01 4.159189999999999721e+00 4.781599999999999739e-01
5.600000000000000000e+01 1.880000000000000004e-01 8.435340000000000060e+00 5.092299999999999605e-01
5.700000000000000000e+01 1.179999999999999938e-01 4.198030000000000150e+00 4.791000000000000258e-01
5.800000000000000000e+01 1.179999999999999938e-01 4.217600000000000016e+00 4.793600000000000083e-01
5.900000000000000000e+01 1.880000000000000004e-01 8.419549999999999201e+00 5.120999999999999996e-01
6.000000000000000000e+01 1.880000000000000004e-01 8.412839999999999208e+00 5.135300000000000420e-01
6.100000000000000000e+01 2.010000000000000120e-01 8.406340000000000146e+00 5.149399999999999533e-01
6.200000000000000000e+01 2.010000000000000120e-01 8.400169999999999249e+00 5.162700000000000067e-01
6.300000000000000000e+01 2.010000000000000120e-01 8.394230000000000302e+00 5.175800000000000400e-01
6.400000000000000000e+01 1.179999999999999938e-01 4.323170000000000179e+00 4.812199999999999811e-01
6.500000000000000000e+01 2.010000000000000120e-01 8.383599999999999497e+00 5.201700000000000212e-01
6.600000000000000000e+01 2.010000000000000120e-01 8.379009999999999181e+00 5.214400000000000146e-01
6.700000000000000000e+01 2.010000000000000120e-01 8.374620000000000175e+00 5.226800000000000335e-01
6.800000000000000000e+01 2.010000000000000120e-01 8.370329999999999160e+00 5.238800000000000123e-01
6.900000000000000000e+01 2.010000000000000120e-01 8.366220000000000212e+00 5.250599999999999712e-01
7.000000000000000000e+01 1.940000000000000058e-01 8.361919999999999575e+00 5.262700000000000156e-01
7.100000000000000000e+01 1.940000000000000058e-01 8.357229999999999492e+00 5.275699999999999834e-01
7.200000000000000000e+01 1.940000000000000058e-01 8.352790000000000603e+00 5.288100000000000023e-01
7.300000000000000000e+01 1.940000000000000058e-01 8.348390000000000200e+00 5.300200000000000466e-01
7.400000000000000000e+01 2.010000000000000120e-01 8.344129999999999825e+00 5.311900000000000510e-01
7.500000000000000000e+01 2.010000000000000120e-01 8.340889999999999915e+00 5.323400000000000354e-01
7.600000000000000000e+01 2.010000000000000120e-01 8.337220000000000297e+00 5.335800000000000542e-01
7.700000000000000000e+01 2.010000000000000120e-01 8.333429999999999893e+00 5.348399999999999821e-01
7.800000000000000000e+01 2.010000000000000120e-01 8.329959999999999809e+00 5.360000000000000320e-01
7.900000000000000000e+01 2.010000000000000120e-01 8.326470000000000482e+00 5.371599999999999708e-01
8.000000000000000000e+01 2.010000000000000120e-01 8.323050000000000281e+00 5.382799999999999807e-01
8.100000000000000000e+01 2.010000000000000120e-01 8.320259999999999323e+00 5.394700000000000051e-01
8.200000000000000000e+01 2.010000000000000120e-01 8.318669999999999121e+00 5.408100000000000129e-01
8.300000000000000000e+01 2.010000000000000120e-01 8.317629999999999413e+00 5.421599999999999753e-01
8.400000000000000000e+01 2.010000000000000120e-01 8.316570000000000462e+00 5.434999999999999831e-01
8.500000000000000000e+01 2.010000000000000120e-01 8.317880000000000607e+00 5.451099999999999834e-01
8.600000000000000000e+01 2.010000000000000120e-01 8.319829999999999615e+00 5.466999999999999638e-01
8.700000000000000000e+01 2.010000000000000120e-01 8.320479999999999876e+00 5.485700000000000021e-01
8.800000000000000000e+01 2.010000000000000120e-01 8.322279999999999234e+00 5.503500000000000059e-01
8.900000000000000000e+01 2.010000000000000120e-01 8.323890000000000455e+00 5.520899999999999697e-01
9.000000000000000000e+01 2.010000000000000120e-01 8.325150000000000716e+00 5.537499999999999645e-01
9.100000000000000000e+01 2.079999999999999905e-01 8.326259999999999550e+00 5.552899999999999503e-01
9.200000000000000000e+01 2.079999999999999905e-01 8.326909999999999812e+00 5.568400000000000016e-01
9.300000000000000000e+01 2.079999999999999905e-01 8.327830000000000510e+00 5.583500000000000130e-01
9.400000000000000000e+01 2.079999999999999905e-01 8.328659999999999286e+00 5.598699999999999788e-01
9.500000000000000000e+01 2.079999999999999905e-01 8.329750000000000654e+00 5.613500000000000156e-01
9.600000000000000000e+01 2.079999999999999905e-01 8.331569999999999254e+00 5.628999999999999559e-01
9.700000000000000000e+01 2.079999999999999905e-01 8.333209999999999340e+00 5.644200000000000328e-01
9.800000000000000000e+01 2.079999999999999905e-01 8.335169999999999746e+00 5.658499999999999641e-01
9.900000000000000000e+01 2.079999999999999905e-01 8.337410000000000210e+00 5.671899999999999720e-01
1.000000000000000000e+02 2.079999999999999905e-01 8.340120000000000644e+00 5.685700000000000198e-01
1.010000000000000000e+02 2.010000000000000120e-01 8.342560000000000642e+00 5.699800000000000422e-01
1.020000000000000000e+02 2.010000000000000120e-01 8.345200000000000173e+00 5.713300000000000045e-01
1.030000000000000000e+02 2.010000000000000120e-01 8.347500000000000142e+00 5.726499999999999924e-01
1.040000000000000000e+02 2.010000000000000120e-01 8.349750000000000227e+00 5.739300000000000512e-01
1.050000000000000000e+02 2.010000000000000120e-01 8.352240000000000109e+00 5.752800000000000136e-01
1.060000000000000000e+02 2.010000000000000120e-01 8.354649999999999466e+00 5.766000000000000014e-01
1.070000000000000000e+02 2.010000000000000120e-01 8.357169999999999987e+00 5.779100000000000348e-01
1.080000000000000000e+02 2.010000000000000120e-01 8.359809999999999519e+00 5.792000000000000481e-01
1.090000000000000000e+02 2.010000000000000120e-01 8.362360000000000682e+00 5.804899999999999505e-01
1.100000000000000000e+02 2.010000000000000120e-01 8.364779999999999660e+00 5.817700000000000093e-01
1.110000000000000000e+02 2.010000000000000120e-01 8.367449999999999832e+00 5.829999999999999627e-01
1.120000000000000000e+02 2.010000000000000120e-01 8.369970000000000354e+00 5.841600000000000126e-01
1.130000000000000000e+02 2.010000000000000120e-01 8.372410000000000352e+00 5.853199999999999514e-01
1.140000000000000000e+02 2.010000000000000120e-01 8.374589999999999534e+00 5.864800000000000013e-01
1.150000000000000000e+02 2.010000000000000120e-01 8.376749999999999474e+00 5.875700000000000367e-01
1.160000000000000000e+02 2.010000000000000120e-01 8.378959999999999297e+00 5.885899999999999466e-01
1.170000000000000000e+02 2.010000000000000120e-01 8.381000000000000227e+00 5.896099999999999675e-01
1.180000000000000000e+02 2.010000000000000120e-01 8.383599999999999497e+00 5.906500000000000083e-01
1.190000000000000000e+02 2.010000000000000120e-01 8.386200000000000543e+00 5.916000000000000147e-01
1.200000000000000000e+02 2.010000000000000120e-01 8.388719999999999288e+00 5.923800000000000177e-01
