1.000000000000000000e+00 1.880000000000000004e-01 6.563400000000000345e-01 2.137999999999999901e-01
2.000000000000000000e+00 1.809999999999999942e-01 7.225500000000000256e-01 2.349199999999999899e-01
3.000000000000000000e+00 1.940000000000000058e-01 7.255200000000000538e-01 3.195700000000000207e-01
4.000000000000000000e+00 1.940000000000000058e-01 7.130800000000000471e-01 3.921899999999999831e-01
5.000000000000000000e+00 1.320000000000000062e-01 6.023199999999999665e-01 4.424299999999999899e-01
6.000000000000000000e+00 1.250000000000000000e-01 6.162699999999999845e-01 4.064300000000000135e-01
7.000000000000000000e+00 1.250000000000000000e-01 6.453400000000000247e-01 3.453800000000000203e-01
8.000000000000000000e+00 1.250000000000000000e-01 6.754400000000000404e-01 2.987000000000000210e-01
9.000000000000000000e+00 1.250000000000000000e-01 7.012599999999999945e-01 2.698900000000000188e-01
1.000000000000000000e+01 1.320000000000000062e-01 7.224500000000000366e-01 2.534699999999999731e-01
1.100000000000000000e+01 1.320000000000000062e-01 7.407399999999999540e-01 2.432699999999999863e-01
1.200000000000000000e+01 -1.000000000000000000e+00 -1.000000000000000000e+00 0.000000000000000000e+00
1.300000000000000000e+01 1.320000000000000062e-01 7.698500000000000343e-01 2.336199999999999943e-01
1.400000000000000000e+01 1.320000000000000062e-01 7.931899999999999507e-01 2.465100000000000069e-01
1.500000000000000000e+01 1.250000000000000000e-01 8.491199999999999859e-01 2.896799999999999931e-01
1.600000000000000000e+01 1.250000000000000000e-01 9.506599999999999495e-01 3.536599999999999744e-01
1.700000000000000000e+01 1.179999999999999938e-01 1.066559999999999953e+00 4.157600000000000184e-01
1.800000000000000000e+01 1.179999999999999938e-01 1.188250000000000028e+00 4.762600000000000167e-01
1.900000000000000000e+01 1.179999999999999938e-01 1.305739999999999901e+00 5.331599999999999673e-01
2.000000000000000000e+01 1.179999999999999938e-01 1.416979999999999906e+00 5.866599999999999593e-01
2.100000000000000000e+01 1.179999999999999938e-01 1.521649999999999947e+00 6.361400000000000388e-01
2.200000000000000000e+01 1.250000000000000000e-01 1.619019999999999904e+00 6.815499999999999892e-01
2.300000000000000000e+01 1.250000000000000000e-01 1.709619999999999918e+00 7.248599999999999488e-01
2.400000000000000000e+01 1.250000000000000000e-01 1.793260000000000076e+00 7.658099999999999907e-01
2.500000000000000000e+01 1.250000000000000000e-01 1.870360000000000023e+00 8.045400000000000329e-01
2.600000000000000000e+01 1.179999999999999938e-01 1.941440000000000055e+00 8.402600000000000069e-01
2.700000000000000000e+01 1.179999999999999938e-01 2.007870000000000044e+00 8.720400000000000373e-01
2.800000000000000000e+01 1.250000000000000000e-01 2.067000000000000171e+00 9.016600000000000170e-01
2.900000000000000000e+01 1.250000000000000000e-01 2.118320000000000203e+00 9.288999999999999480e-01
3.000000000000000000e+01 1.250000000000000000e-01 2.161989999999999856e+00 9.529400000000000093e-01
3.100000000000000000e+01 1.320000000000000062e-01 2.201970000000000205e+00 9.731100000000000305e-01
3.200000000000000000e+01 1.320000000000000062e-01 2.238189999999999902e+00 9.809999999999999831e-01
3.300000000000000000e+01 1.320000000000000062e-01 2.271529999999999827e+00 9.708999999999999853e-01
3.400000000000000000e+01 1.320000000000000062e-01 2.302830000000000155e+00 9.557799999999999629e-01
3.500000000000000000e+01 1.320000000000000062e-01 2.332500000000000018e+00 9.412599999999999856e-01
3.600000000000000000e+01 1.320000000000000062e-01 2.362919999999999909e+00 9.282299999999999995e-01
3.700000000000000000e+01 1.390000000000000124e-01 2.397180000000000089e+00 9.172200000000000353e-01
3.800000000000000000e+01 1.390000000000000124e-01 2.430419999999999803e+00 9.074200000000000044e-01
3.900000000000000000e+01 1.390000000000000124e-01 2.461749999999999883e+00 8.990000000000000213e-01
4.000000000000000000e+01 1.390000000000000124e-01 2.491470000000000073e+00 8.919899999999999496e-01
4.100000000000000000e+01 1.390000000000000124e-01 2.519919999999999938e+00 8.854800000000000448e-01
4.200000000000000000e+01 1.459999999999999909e-01 2.549300000000000122e+00 8.798700000000000410e-01
4.300000000000000000e+01 1.459999999999999909e-01 2.577100000000000168e+00 8.749400000000000510e-01
4.400000000000000000e+01 1.459999999999999909e-01 2.603450000000000042e+00 8.704800000000000315e-01
4.500000000000000000e+01 1.459999999999999909e-01 2.629300000000000193e+00 8.663899999999999935e-01
4.600000000000000000e+01 1.459999999999999909e-01 2.653570000000000206e+00 8.626800000000000024e-01
4.700000000000000000e+01 1.459999999999999909e-01 2.676419999999999799e+00 8.594100000000000072e-01
4.800000000000000000e+01 1.459999999999999909e-01 2.697859999999999925e+00 8.562899999999999956e-01
4.900000000000000000e+01 1.459999999999999909e-01 2.718240000000000212e+00 8.535500000000000309e-01
5.000000000000000000e+01 1.459999999999999909e-01 2.737540000000000084e+00 8.509600000000000497e-01
5.100000000000000000e+01 1.459999999999999909e-01 2.756079999999999863e+00 8.485899999999999554e-01
5.200000000000000000e+01 1.459999999999999909e-01 2.772810000000000219e+00 8.465099999999999847e-01
5.300000000000000000e+01 1.459999999999999909e-01 2.788580000000000059e+00 8.445700000000000429e-01
5.400000000000000000e+01 1.459999999999999909e-01 2.803889999999999993e+00 8.427499999999999991e-01
5.500000000000000000e+01 1.459999999999999909e-01 2.818340000000000067e+00 8.410499999999999643e-01
5.600000000000000000e+01 1.459999999999999909e-01 2.832730000000000192e+00 8.394099999999999895e-01
5.700000000000000000e+01 1.459999999999999909e-01 2.846159999999999801e+00 8.378999999999999782e-01
5.800000000000000000e+01 1.459999999999999909e-01 2.858589999999999964e+00 8.365700000000000358e-01
5.900000000000000000e+01 1.459999999999999909e-01 2.870190000000000019e+00 8.353800000000000114e-01
6.000000000000000000e+01 1.459999999999999909e-01 2.881759999999999877e+00 8.341699999999999671e-01
6.100000000000000000e+01 1.459999999999999909e-01 2.892609999999999904e+00 8.330400000000000027e-01
6.200000000000000000e+01 1.459999999999999909e-01 2.903239999999999821e+00 8.318999999999999728e-01
6.300000000000000000e+01 1.459999999999999909e-01 2.912240000000000162e+00 8.308200000000000029e-01
6.400000000000000000e+01 1.459999999999999909e-01 2.920869999999999855e+00 8.297099999999999476e-01
6.500000000000000000e+01 1.459999999999999909e-01 2.929349999999999898e+00 8.287299999999999667e-01
6.600000000000000000e+01 1.459999999999999909e-01 2.936539999999999928e+00 8.277999999999999803e-01
6.700000000000000000e+01 1.459999999999999909e-01 2.944479999999999986e+00 8.268799999999999484e-01
6.800000000000000000e+01 1.459999999999999909e-01 2.951270000000000060e+00 8.260499999999999510e-01
6.900000000000000000e+01 1.459999999999999909e-01 2.957889999999999908e+00 8.253599999999999826e-01
7.000000000000000000e+01 1.459999999999999909e-01 2.964570000000000149e+00 8.247700000000000031e-01
7.100000000000000000e+01 1.459999999999999909e-01 2.971330000000000027e+00 8.241600000000000037e-01
7.200000000000000000e+01 1.459999999999999909e-01 2.977279999999999927e+00 8.237600000000000477e-01
7.300000000000000000e+01 1.459999999999999909e-01 2.982680000000000220e+00 8.234900000000000553e-01
7.400000000000000000e+01 1.459999999999999909e-01 2.988309999999999800e+00 8.231600000000000028e-01
7.500000000000000000e+01 1.459999999999999909e-01 2.993599999999999817e+00 8.228900000000000103e-01
7.600000000000000000e+01 1.459999999999999909e-01 2.998149999999999871e+00 8.227299999999999613e-01
7.700000000000000000e+01 1.459999999999999909e-01 3.002600000000000158e+00 8.225500000000000034e-01
7.800000000000000000e+01 1.459999999999999909e-01 3.007260000000000044e+00 8.223300000000000054e-01
7.900000000000000000e+01 1.459999999999999909e-01 3.011140000000000150e+00 8.222000000000000419e-01
8.000000000000000000e+01 1.459999999999999909e-01 3.015239999999999920e+00 8.220699999999999674e-01
8.100000000000000000e+01 1.459999999999999909e-01 3.019130000000000091e+00 8.219600000000000239e-01
8.200000000000000000e+01 1.459999999999999909e-01 3.023229999999999862e+00 8.218699999999999894e-01
8.300000000000000000e+01 1.459999999999999909e-01 3.027410000000000156e+00 8.217499999999999805e-01
8.400000000000000000e+01 1.459999999999999909e-01 3.031010000000000204e+00 8.217299999999999605e-01
8.500000000000000000e+01 1.459999999999999909e-01 3.034600000000000186e+00 8.217499999999999805e-01
8.600000000000000000e+01 1.459999999999999909e-01 3.037910000000000110e+00 8.218499999999999694e-01
8.700000000000000000e+01 1.459999999999999909e-01 3.041199999999999903e+00 8.219300000000000495e-01
8.800000000000000000e+01 1.459999999999999909e-01 3.043909999999999894e+00 8.220800000000000329e-01
8.900000000000000000e+01 1.459999999999999909e-01 3.047039999999999971e+00 8.221500000000000474e-01
9.000000000000000000e+01 1.459999999999999909e-01 3.049339999999999939e+00 8.223000000000000309e-01
9.100000000000000000e+01 1.459999999999999909e-01 3.051550000000000207e+00 8.224599999999999689e-01
9.200000000000000000e+01 1.459999999999999909e-01 3.053350000000000009e+00 8.227200000000000069e-01
9.300000000000000000e+01 1.459999999999999909e-01 3.055219999999999825e+00 8.229600000000000248e-01
9.400000000000000000e+01 1.459999999999999909e-01 3.056700000000000195e+00 8.232500000000000373e-01
9.500000000000000000e+01 1.459999999999999909e-01 3.057990000000000208e+00 8.235500000000000043e-01
9.600000000000000000e+01 1.459999999999999909e-01 3.059229999999999894e+00 8.238299999999999512e-01
9.700000000000000000e+01 1.459999999999999909e-01 3.060480000000000089e+00 8.240800000000000347e-01
9.800000000000000000e+01 1.459999999999999909e-01 3.061609999999999943e+00 8.243500000000000272e-01
9.900000000000000000e+01 1.459999999999999909e-01 3.062739999999999796e+00 8.246299999999999741e-01
1.000000000000000000e+02 1.459999999999999909e-01 3.063870000000000093e+00 8.249600000000000266e-01
1.010000000000000000e+02 1.459999999999999909e-01 3.064999999999999947e+00 8.252500000000000391e-01
1.020000000000000000e+02 1.459999999999999909e-01 3.065640000000000143e+00 8.256000000000000005e-01
1.030000000000000000e+02 1.459999999999999909e-01 3.066030000000000033e+00 8.259699999999999820e-01
1.040000000000000000e+02 1.459999999999999909e-01 3.066170000000000062e+00 8.263599999999999834e-01
1.050000000000000000e+02 1.459999999999999909e-01 3.066289999999999960e+00 8.267400000000000304e-01
1.060000000000000000e+02 1.459999999999999909e-01 3.065620000000000012e+00 8.271800000000000264e-01
1.070000000000000000e+02 1.459999999999999909e-01 3.063969999999999860e+00 8.276700000000000168e-01
1.080000000000000000e+02 1.459999999999999909e-01 3.061859999999999804e+00 8.282100000000000017e-01
1.090000000000000000e+02 1.459999999999999909e-01 3.059029999999999916e+00 8.287900000000000267e-01
1.100000000000000000e+02 1.459999999999999909e-01 3.055769999999999875e+00 8.293899999999999606e-01
1.110000000000000000e+02 1.459999999999999909e-01 3.052620000000000111e+00 8.299699999999999855e-01
1.120000000000000000e+02 1.459999999999999909e-01 3.049129999999999896e+00 8.305700000000000305e-01
1.130000000000000000e+02 1.459999999999999909e-01 3.045040000000000191e+00 8.311800000000000299e-01
1.140000000000000000e+02 1.459999999999999909e-01 3.041100000000000136e+00 8.317799999999999638e-01
1.150000000000000000e+02 1.459999999999999909e-01 3.037100000000000133e+00 8.323700000000000543e-01
1.160000000000000000e+02 1.459999999999999909e-01 3.033150000000000013e+00 8.329199999999999937e-01
1.170000000000000000e+02 1.459999999999999909e-01 3.028999999999999915e+00 8.333700000000000552e-01
1.180000000000000000e+02 1.390000000000000124e-01 3.024729999999999919e+00 8.338299999999999601e-01
1.190000000000000000e+02 1.390000000000000124e-01 3.020799999999999930e+00 8.342600000000000016e-01
1.200000000000000000e+02 1.390000000000000124e-01 3.016550000000000065e+00 8.347200000000000175e-01
