1.000000000000000000e+00 1.940000000000000058e-01 7.748269999999999769e+00 3.420799999999999952e-01
2.000000000000000000e+00 1.739999999999999880e-01 1.023400000000000087e+00 6.396699999999999608e-01
3.000000000000000000e+00 1.670000000000000095e-01 8.737300000000000066e-01 6.163399999999999990e-01
4.000000000000000000e+00 1.670000000000000095e-01 8.454800000000000093e-01 6.365499999999999492e-01
5.000000000000000000e+00 1.670000000000000095e-01 9.022900000000000365e-01 6.255199999999999649e-01
6.000000000000000000e+00 1.670000000000000095e-01 9.418100000000000360e-01 6.211799999999999544e-01
7.000000000000000000e+00 1.670000000000000095e-01 9.745200000000000529e-01 6.217899999999999539e-01
8.000000000000000000e+00 1.739999999999999880e-01 9.947300000000000031e-01 6.223100000000000298e-01
9.000000000000000000e+00 1.739999999999999880e-01 9.900299999999999656e-01 6.284999999999999476e-01
1.000000000000000000e+01 1.529999999999999971e-01 4.877799999999999914e-01 3.683100000000000263e-01
1.100000000000000000e+01 1.529999999999999971e-01 5.222200000000000175e-01 3.668899999999999939e-01
1.200000000000000000e+01 1.529999999999999971e-01 6.108299999999999841e-01 3.833400000000000141e-01
1.300000000000000000e+01 1.529999999999999971e-01 6.885099999999999554e-01 3.810200000000000253e-01
1.400000000000000000e+01 1.529999999999999971e-01 7.738500000000000378e-01 3.460099999999999842e-01
1.500000000000000000e+01 1.529999999999999971e-01 8.521400000000000086e-01 3.062799999999999967e-01
1.600000000000000000e+01 1.459999999999999909e-01 9.144700000000000051e-01 2.913100000000000134e-01
1.700000000000000000e+01 1.390000000000000124e-01 9.463200000000000500e-01 2.768800000000000150e-01
1.800000000000000000e+01 1.459999999999999909e-01 9.546099999999999586e-01 2.646600000000000064e-01
1.900000000000000000e+01 1.459999999999999909e-01 9.227199999999999847e-01 2.545399999999999885e-01
2.000000000000000000e+01 1.529999999999999971e-01 8.533500000000000529e-01 2.459699999999999942e-01
2.100000000000000000e+01 1.459999999999999909e-01 7.758800000000000141e-01 2.418200000000000072e-01
2.200000000000000000e+01 1.459999999999999909e-01 7.205700000000000438e-01 2.432600000000000040e-01
2.300000000000000000e+01 1.459999999999999909e-01 6.820300000000000251e-01 2.499399999999999955e-01
2.400000000000000000e+01 1.600000000000000033e-01 6.723700000000000232e-01 2.588300000000000045e-01
2.500000000000000000e+01 1.600000000000000033e-01 6.804400000000000448e-01 2.679900000000000060e-01
2.600000000000000000e+01 1.670000000000000095e-01 7.033700000000000507e-01 2.776000000000000134e-01
2.700000000000000000e+01 1.670000000000000095e-01 7.366800000000000015e-01 2.859200000000000075e-01
2.800000000000000000e+01 1.670000000000000095e-01 7.950500000000000345e-01 2.957299999999999929e-01
2.900000000000000000e+01 1.670000000000000095e-01 8.635800000000000143e-01 3.074100000000000166e-01
3.000000000000000000e+01 1.739999999999999880e-01 9.194600000000000550e-01 3.180399999999999894e-01
3.100000000000000000e+01 1.739999999999999880e-01 9.667599999999999527e-01 3.274799999999999933e-01
3.200000000000000000e+01 1.739999999999999880e-01 1.011409999999999920e+00 3.354099999999999859e-01
3.300000000000000000e+01 1.809999999999999942e-01 1.051309999999999967e+00 3.419699999999999962e-01
3.400000000000000000e+01 1.809999999999999942e-01 1.082710000000000061e+00 3.466000000000000192e-01
3.500000000000000000e+01 1.390000000000000124e-01 2.183469999999999800e+00 6.634999999999999787e-01
3.600000000000000000e+01 1.390000000000000124e-01 2.196419999999999817e+00 6.668699999999999628e-01
3.700000000000000000e+01 1.390000000000000124e-01 2.209020000000000206e+00 6.698100000000000165e-01
3.800000000000000000e+01 1.459999999999999909e-01 2.221099999999999852e+00 6.716400000000000148e-01
3.900000000000000000e+01 1.459999999999999909e-01 2.232660000000000089e+00 6.727199999999999847e-01
4.000000000000000000e+01 1.459999999999999909e-01 2.245179999999999954e+00 6.733900000000000441e-01
4.100000000000000000e+01 1.390000000000000124e-01 2.259759999999999991e+00 6.729199999999999626e-01
4.200000000000000000e+01 1.739999999999999880e-01 1.184809999999999919e+00 3.641300000000000092e-01
4.300000000000000000e+01 1.809999999999999942e-01 1.184749999999999970e+00 3.654399999999999871e-01
4.400000000000000000e+01 1.809999999999999942e-01 1.179230000000000000e+00 3.658100000000000240e-01
4.500000000000000000e+01 1.809999999999999942e-01 1.175759999999999916e+00 3.668299999999999894e-01
4.600000000000000000e+01 1.809999999999999942e-01 1.175990000000000091e+00 3.687099999999999822e-01
4.700000000000000000e+01 1.459999999999999909e-01 2.310270000000000046e+00 6.797299999999999454e-01
4.800000000000000000e+01 1.459999999999999909e-01 2.317740000000000133e+00 6.814999999999999947e-01
4.900000000000000000e+01 1.459999999999999909e-01 2.325769999999999893e+00 6.835099999999999509e-01
5.000000000000000000e+01 1.390000000000000124e-01 2.335799999999999876e+00 6.844700000000000228e-01
5.100000000000000000e+01 1.459999999999999909e-01 2.344949999999999868e+00 6.862200000000000522e-01
5.200000000000000000e+01 1.459999999999999909e-01 2.353340000000000209e+00 6.882099999999999884e-01
5.300000000000000000e+01 1.459999999999999909e-01 2.362190000000000012e+00 6.903299999999999992e-01
5.400000000000000000e+01 1.459999999999999909e-01 2.371059999999999945e+00 6.921599999999999975e-01
5.500000000000000000e+01 1.459999999999999909e-01 2.379710000000000214e+00 6.938999999999999613e-01
5.600000000000000000e+01 1.459999999999999909e-01 2.388710000000000111e+00 6.955200000000000271e-01
5.700000000000000000e+01 1.459999999999999909e-01 2.397219999999999906e+00 6.980899999999999883e-01
5.800000000000000000e+01 1.459999999999999909e-01 2.405400000000000205e+00 7.005000000000000115e-01
5.900000000000000000e+01 1.459999999999999909e-01 2.414930000000000021e+00 7.027299999999999658e-01
6.000000000000000000e+01 1.459999999999999909e-01 2.426309999999999967e+00 7.045099999999999696e-01
6.100000000000000000e+01 1.459999999999999909e-01 2.438130000000000130e+00 7.060999999999999499e-01
6.200000000000000000e+01 1.459999999999999909e-01 2.448910000000000142e+00 7.075099999999999723e-01
6.300000000000000000e+01 1.459999999999999909e-01 2.459849999999999870e+00 7.089999999999999636e-01
6.400000000000000000e+01 1.459999999999999909e-01 2.470540000000000180e+00 7.103899999999999659e-01
6.500000000000000000e+01 1.459999999999999909e-01 2.480630000000000113e+00 7.116799999999999793e-01
6.600000000000000000e+01 1.459999999999999909e-01 2.490310000000000024e+00 7.130999999999999561e-01
6.700000000000000000e+01 1.459999999999999909e-01 2.500160000000000160e+00 7.148400000000000309e-01
6.800000000000000000e+01 1.459999999999999909e-01 2.510269999999999779e+00 7.166000000000000147e-01
6.900000000000000000e+01 1.459999999999999909e-01 2.520169999999999799e+00 7.180900000000000061e-01
7.000000000000000000e+01 1.459999999999999909e-01 2.529879999999999907e+00 7.194000000000000394e-01
7.100000000000000000e+01 1.459999999999999909e-01 2.539390000000000036e+00 7.207000000000000073e-01
7.200000000000000000e+01 1.459999999999999909e-01 2.548360000000000181e+00 7.218900000000000317e-01
7.300000000000000000e+01 1.459999999999999909e-01 2.557690000000000019e+00 7.231199999999999850e-01
7.400000000000000000e+01 1.459999999999999909e-01 2.567200000000000149e+00 7.244000000000000439e-01
7.500000000000000000e+01 1.459999999999999909e-01 2.577090000000000103e+00 7.254599999999999937e-01
7.600000000000000000e+01 1.459999999999999909e-01 2.586699999999999999e+00 7.265099999999999891e-01
7.700000000000000000e+01 1.459999999999999909e-01 2.596210000000000129e+00 7.274800000000000155e-01
7.800000000000000000e+01 1.459999999999999909e-01 2.606050000000000200e+00 7.285000000000000364e-01
7.900000000000000000e+01 1.459999999999999909e-01 2.615639999999999965e+00 7.294500000000000428e-01
8.000000000000000000e+01 1.459999999999999909e-01 2.625609999999999999e+00 7.305199999999999472e-01
8.100000000000000000e+01 1.459999999999999909e-01 2.636239999999999917e+00 7.317599999999999660e-01
8.200000000000000000e+01 1.459999999999999909e-01 2.646329999999999849e+00 7.328900000000000414e-01
8.300000000000000000e+01 1.459999999999999909e-01 2.656600000000000072e+00 7.341999999999999638e-01
8.400000000000000000e+01 1.459999999999999909e-01 2.665309999999999846e+00 7.354199999999999626e-01
8.500000000000000000e+01 1.459999999999999909e-01 2.674170000000000158e+00 7.366700000000000470e-01
8.600000000000000000e+01 1.529999999999999971e-01 2.682510000000000172e+00 7.379000000000000004e-01
8.700000000000000000e+01 1.529999999999999971e-01 2.690809999999999924e+00 7.391199999999999992e-01
8.800000000000000000e+01 1.529999999999999971e-01 2.698890000000000011e+00 7.401999999999999691e-01
8.900000000000000000e+01 1.529999999999999971e-01 2.706749999999999989e+00 7.412300000000000555e-01
9.000000000000000000e+01 1.529999999999999971e-01 2.714659999999999851e+00 7.422600000000000309e-01
9.100000000000000000e+01 1.529999999999999971e-01 2.722360000000000113e+00 7.432299999999999462e-01
9.200000000000000000e+01 1.529999999999999971e-01 2.729969999999999786e+00 7.441799999999999526e-01
9.300000000000000000e+01 1.529999999999999971e-01 2.737340000000000106e+00 7.450599999999999445e-01
9.400000000000000000e+01 1.529999999999999971e-01 2.744629999999999903e+00 7.459000000000000075e-01
9.500000000000000000e+01 1.529999999999999971e-01 2.751580000000000137e+00 7.467200000000000504e-01
9.600000000000000000e+01 1.529999999999999971e-01 2.758399999999999963e+00 7.476300000000000168e-01
9.700000000000000000e+01 1.529999999999999971e-01 2.764559999999999906e+00 7.484600000000000142e-01
9.800000000000000000e+01 1.529999999999999971e-01 2.770579999999999821e+00 7.493199999999999861e-01
9.900000000000000000e+01 1.529999999999999971e-01 2.777060000000000084e+00 7.502600000000000380e-01
1.000000000000000000e+02 1.529999999999999971e-01 2.783259999999999845e+00 7.511700000000000044e-01
1.010000000000000000e+02 1.529999999999999971e-01 2.789330000000000087e+00 7.521999999999999797e-01
1.020000000000000000e+02 1.529999999999999971e-01 2.795409999999999950e+00 7.532299999999999551e-01
1.030000000000000000e+02 1.529999999999999971e-01 2.800889999999999880e+00 7.542200000000000015e-01
1.040000000000000000e+02 1.529999999999999971e-01 2.806659999999999933e+00 7.551900000000000279e-01
1.050000000000000000e+02 1.529999999999999971e-01 2.811580000000000190e+00 7.560700000000000198e-01
1.060000000000000000e+02 1.529999999999999971e-01 2.817169999999999952e+00 7.570200000000000262e-01
1.070000000000000000e+02 1.529999999999999971e-01 2.822270000000000056e+00 7.579200000000000381e-01
1.080000000000000000e+02 1.529999999999999971e-01 2.827379999999999782e+00 7.587599999999999900e-01
1.090000000000000000e+02 1.529999999999999971e-01 2.832570000000000032e+00 7.595800000000000329e-01
1.100000000000000000e+02 1.529999999999999971e-01 2.837800000000000100e+00 7.603999999999999648e-01
1.110000000000000000e+02 1.529999999999999971e-01 2.842799999999999994e+00 7.612600000000000477e-01
1.120000000000000000e+02 1.529999999999999971e-01 2.847409999999999997e+00 7.621400000000000396e-01
1.130000000000000000e+02 1.529999999999999971e-01 2.851599999999999913e+00 7.629899999999999460e-01
1.140000000000000000e+02 1.529999999999999971e-01 2.856189999999999785e+00 7.638899999999999579e-01
1.150000000000000000e+02 1.529999999999999971e-01 2.860289999999999999e+00 7.647199999999999553e-01
1.160000000000000000e+02 1.529999999999999971e-01 2.864879999999999871e+00 7.656199999999999672e-01
1.170000000000000000e+02 1.529999999999999971e-01 2.869180000000000064e+00 7.664800000000000502e-01
1.180000000000000000e+02 1.529999999999999971e-01 2.873769999999999936e+00 7.673699999999999966e-01
1.190000000000000000e+02 1.529999999999999971e-01 2.877679999999999794e+00 7.681799999999999740e-01
1.200000000000000000e+02 1.529999999999999971e-01 2.881810000000000205e+00 7.690200000000000369e-01
