1.000000000000000000e+00 1.600000000000000033e-01 5.613450000000000273e+00 5.947000000000000064e-01
2.000000000000000000e+00 8.999999999999999667e-02 3.300359999999999960e+00 3.813799999999999968e-01
3.000000000000000000e+00 1.250000000000000000e-01 4.455390000000000406e+00 6.566199999999999815e-01
4.000000000000000000e+00 4.900000000000000189e-02 4.215440000000000076e+00 4.954999999999999960e-01
5.000000000000000000e+00 5.600000000000000117e-02 4.545790000000000219e+00 5.345499999999999696e-01
6.000000000000000000e+00 5.600000000000000117e-02 4.600939999999999586e+00 5.430300000000000127e-01
7.000000000000000000e+00 4.200000000000000261e-02 4.489849999999999675e+00 5.652599999999999847e-01
8.000000000000000000e+00 3.500000000000000333e-02 4.339199999999999946e+00 5.856999999999999984e-01
9.000000000000000000e+00 4.200000000000000261e-02 4.360739999999999839e+00 5.691599999999999993e-01
1.000000000000000000e+01 8.300000000000000433e-02 4.385559999999999903e+00 5.493900000000000450e-01
1.100000000000000000e+01 8.300000000000000433e-02 4.364309999999999690e+00 5.433499999999999996e-01
1.200000000000000000e+01 8.300000000000000433e-02 4.345259999999999678e+00 5.385100000000000442e-01
1.300000000000000000e+01 8.300000000000000433e-02 4.359219999999999651e+00 5.334799999999999542e-01
1.400000000000000000e+01 8.300000000000000433e-02 4.374399999999999622e+00 5.261700000000000266e-01
1.500000000000000000e+01 8.300000000000000433e-02 4.381719999999999615e+00 5.214400000000000146e-01
1.600000000000000000e+01 8.999999999999999667e-02 4.350990000000000357e+00 5.143600000000000394e-01
1.700000000000000000e+01 8.999999999999999667e-02 4.324900000000000411e+00 5.072499999999999787e-01
1.800000000000000000e+01 8.999999999999999667e-02 4.308729999999999727e+00 5.016100000000000003e-01
1.900000000000000000e+01 8.999999999999999667e-02 4.296640000000000015e+00 4.969700000000000228e-01
2.000000000000000000e+01 8.999999999999999667e-02 4.290180000000000327e+00 4.926099999999999923e-01
2.100000000000000000e+01 8.999999999999999667e-02 4.291430000000000078e+00 4.892099999999999782e-01
2.200000000000000000e+01 8.999999999999999667e-02 4.289100000000000357e+00 4.868199999999999750e-01
2.300000000000000000e+01 8.999999999999999667e-02 4.277739999999999654e+00 4.844100000000000072e-01
2.400000000000000000e+01 8.999999999999999667e-02 4.265509999999999913e+00 4.820599999999999885e-01
2.500000000000000000e+01 8.999999999999999667e-02 4.260440000000000005e+00 4.786199999999999899e-01
2.600000000000000000e+01 9.700000000000000289e-02 4.255869999999999820e+00 4.731299999999999950e-01
2.700000000000000000e+01 1.039999999999999952e-01 4.274829999999999686e+00 4.656500000000000083e-01
2.800000000000000000e+01 1.039999999999999952e-01 4.276390000000000136e+00 4.577300000000000257e-01
2.900000000000000000e+01 1.039999999999999952e-01 4.275009999999999977e+00 4.496800000000000241e-01
3.000000000000000000e+01 1.039999999999999952e-01 4.281150000000000233e+00 4.421200000000000130e-01
3.100000000000000000e+01 1.039999999999999952e-01 4.275949999999999918e+00 4.366200000000000081e-01
3.200000000000000000e+01 1.039999999999999952e-01 4.263200000000000323e+00 4.326599999999999890e-01
3.300000000000000000e+01 1.039999999999999952e-01 4.238979999999999748e+00 4.291800000000000059e-01
3.400000000000000000e+01 1.039999999999999952e-01 4.213790000000000369e+00 4.263100000000000223e-01
3.500000000000000000e+01 1.039999999999999952e-01 4.180530000000000079e+00 4.234999999999999876e-01
3.600000000000000000e+01 1.039999999999999952e-01 4.139700000000000379e+00 4.209200000000000164e-01
3.700000000000000000e+01 9.700000000000000289e-02 4.096429999999999794e+00 4.176199999999999912e-01
3.800000000000000000e+01 1.250000000000000000e-01 4.489519999999999733e+00 6.408700000000000507e-01
3.900000000000000000e+01 1.250000000000000000e-01 4.523769999999999847e+00 6.489399999999999613e-01
4.000000000000000000e+01 1.250000000000000000e-01 4.560240000000000293e+00 6.574200000000000044e-01
4.100000000000000000e+01 1.250000000000000000e-01 4.607520000000000060e+00 6.683700000000000196e-01
4.200000000000000000e+01 1.250000000000000000e-01 4.648139999999999716e+00 6.780599999999999961e-01
4.300000000000000000e+01 1.320000000000000062e-01 4.686099999999999710e+00 6.862300000000000066e-01
4.400000000000000000e+01 1.390000000000000124e-01 4.730830000000000091e+00 6.953899999999999526e-01
4.500000000000000000e+01 1.390000000000000124e-01 4.762590000000000323e+00 7.020399999999999974e-01
4.600000000000000000e+01 1.390000000000000124e-01 4.795440000000000147e+00 7.082199999999999607e-01
4.700000000000000000e+01 1.390000000000000124e-01 4.831129999999999924e+00 7.140600000000000280e-01
4.800000000000000000e+01 1.390000000000000124e-01 4.876360000000000028e+00 7.208299999999999708e-01
4.900000000000000000e+01 1.390000000000000124e-01 4.932890000000000441e+00 7.277200000000000335e-01
5.000000000000000000e+01 1.390000000000000124e-01 4.969299999999999606e+00 7.314800000000000191e-01
5.100000000000000000e+01 1.459999999999999909e-01 5.003510000000000346e+00 7.346300000000000052e-01
5.200000000000000000e+01 1.459999999999999909e-01 5.031690000000000218e+00 7.369099999999999540e-01
5.300000000000000000e+01 1.459999999999999909e-01 5.056969999999999743e+00 7.386500000000000288e-01
5.400000000000000000e+01 1.459999999999999909e-01 5.080259999999999998e+00 7.399700000000000166e-01
5.500000000000000000e+01 1.459999999999999909e-01 5.102870000000000239e+00 7.410700000000000065e-01
5.600000000000000000e+01 1.459999999999999909e-01 5.125549999999999606e+00 7.420299999999999674e-01
5.700000000000000000e+01 1.459999999999999909e-01 5.149580000000000268e+00 7.431499999999999773e-01
5.800000000000000000e+01 1.459999999999999909e-01 5.171610000000000262e+00 7.440700000000000092e-01
5.900000000000000000e+01 1.459999999999999909e-01 5.192940000000000111e+00 7.449799999999999756e-01
6.000000000000000000e+01 1.459999999999999909e-01 5.213009999999999700e+00 7.457099999999999840e-01
6.100000000000000000e+01 1.459999999999999909e-01 5.233629999999999782e+00 7.464499999999999469e-01
6.200000000000000000e+01 1.459999999999999909e-01 5.255349999999999966e+00 7.471299999999999608e-01
6.300000000000000000e+01 1.459999999999999909e-01 5.275629999999999598e+00 7.476399999999999713e-01
6.400000000000000000e+01 1.459999999999999909e-01 5.296310000000000073e+00 7.481400000000000272e-01
6.500000000000000000e+01 1.390000000000000124e-01 5.315439999999999721e+00 7.484699999999999687e-01
6.600000000000000000e+01 1.390000000000000124e-01 5.332919999999999661e+00 7.487700000000000466e-01
6.700000000000000000e+01 1.390000000000000124e-01 5.349160000000000359e+00 7.490299999999999736e-01
6.800000000000000000e+01 1.390000000000000124e-01 5.363839999999999719e+00 7.490400000000000391e-01
6.900000000000000000e+01 1.390000000000000124e-01 5.377010000000000289e+00 7.488399999999999501e-01
7.000000000000000000e+01 1.390000000000000124e-01 5.388519999999999754e+00 7.485500000000000487e-01
7.100000000000000000e+01 1.390000000000000124e-01 5.399449999999999861e+00 7.482699999999999907e-01
7.200000000000000000e+01 1.390000000000000124e-01 5.409849999999999604e+00 7.479700000000000237e-01
7.300000000000000000e+01 1.390000000000000124e-01 5.419810000000000016e+00 7.476300000000000168e-01
7.400000000000000000e+01 1.390000000000000124e-01 5.429030000000000022e+00 7.473400000000000043e-01
7.500000000000000000e+01 1.390000000000000124e-01 5.437640000000000029e+00 7.469900000000000428e-01
7.600000000000000000e+01 1.320000000000000062e-01 5.445820000000000327e+00 7.466300000000000159e-01
7.700000000000000000e+01 1.320000000000000062e-01 5.453949999999999854e+00 7.463499999999999579e-01
7.800000000000000000e+01 1.320000000000000062e-01 5.461610000000000298e+00 7.459999999999999964e-01
7.900000000000000000e+01 1.320000000000000062e-01 5.469269999999999854e+00 7.456300000000000150e-01
8.000000000000000000e+01 1.320000000000000062e-01 5.476580000000000226e+00 7.452999999999999625e-01
8.100000000000000000e+01 1.320000000000000062e-01 5.484110000000000262e+00 7.449900000000000411e-01
8.200000000000000000e+01 1.320000000000000062e-01 5.491290000000000227e+00 7.446599999999999886e-01
8.300000000000000000e+01 1.320000000000000062e-01 5.498289999999999900e+00 7.443400000000000016e-01
8.400000000000000000e+01 1.320000000000000062e-01 5.505080000000000418e+00 7.440099999999999492e-01
8.500000000000000000e+01 1.320000000000000062e-01 5.511400000000000077e+00 7.436899999999999622e-01
8.600000000000000000e+01 1.320000000000000062e-01 5.517669999999999852e+00 7.433899999999999952e-01
8.700000000000000000e+01 1.320000000000000062e-01 5.523600000000000065e+00 7.430900000000000283e-01
8.800000000000000000e+01 1.320000000000000062e-01 5.529510000000000147e+00 7.428000000000000158e-01
8.900000000000000000e+01 1.320000000000000062e-01 5.536080000000000112e+00 7.425800000000000178e-01
9.000000000000000000e+01 1.320000000000000062e-01 5.542939999999999756e+00 7.423899999999999944e-01
9.100000000000000000e+01 1.320000000000000062e-01 5.550010000000000332e+00 7.422800000000000509e-01
9.200000000000000000e+01 1.320000000000000062e-01 5.557150000000000034e+00 7.420900000000000274e-01
9.300000000000000000e+01 1.320000000000000062e-01 5.564009999999999678e+00 7.418900000000000494e-01
9.400000000000000000e+01 1.320000000000000062e-01 5.570859999999999701e+00 7.416599999999999859e-01
9.500000000000000000e+01 1.320000000000000062e-01 5.577469999999999928e+00 7.413800000000000390e-01
9.600000000000000000e+01 1.320000000000000062e-01 5.583999999999999631e+00 7.410600000000000520e-01
9.700000000000000000e+01 1.320000000000000062e-01 5.590270000000000294e+00 7.407000000000000250e-01
9.800000000000000000e+01 1.320000000000000062e-01 5.596460000000000434e+00 7.403399999999999981e-01
9.900000000000000000e+01 1.320000000000000062e-01 5.602660000000000196e+00 7.399700000000000166e-01
1.000000000000000000e+02 1.320000000000000062e-01 5.608859999999999957e+00 7.395199999999999552e-01
1.010000000000000000e+02 1.320000000000000062e-01 5.614980000000000082e+00 7.390799999999999592e-01
1.020000000000000000e+02 1.320000000000000062e-01 5.621570000000000178e+00 7.386899999999999578e-01
1.030000000000000000e+02 1.320000000000000062e-01 5.628120000000000012e+00 7.383399999999999963e-01
1.040000000000000000e+02 1.390000000000000124e-01 5.634450000000000180e+00 7.379999999999999893e-01
1.050000000000000000e+02 1.390000000000000124e-01 5.640600000000000058e+00 7.376399999999999624e-01
1.060000000000000000e+02 1.390000000000000124e-01 5.646609999999999907e+00 7.372800000000000464e-01
1.070000000000000000e+02 1.390000000000000124e-01 5.652720000000000411e+00 7.369400000000000395e-01
1.080000000000000000e+02 1.390000000000000124e-01 5.658520000000000216e+00 7.365699999999999470e-01
1.090000000000000000e+02 1.390000000000000124e-01 5.664250000000000007e+00 7.361900000000000110e-01
1.100000000000000000e+02 1.390000000000000124e-01 5.669839999999999769e+00 7.358200000000000296e-01
1.110000000000000000e+02 1.390000000000000124e-01 5.675259999999999749e+00 7.354500000000000481e-01
1.120000000000000000e+02 1.390000000000000124e-01 5.680550000000000210e+00 7.350799999999999557e-01
1.130000000000000000e+02 1.390000000000000124e-01 5.685900000000000176e+00 7.346799999999999997e-01
1.140000000000000000e+02 1.390000000000000124e-01 5.691379999999999661e+00 7.342899999999999983e-01
1.150000000000000000e+02 1.390000000000000124e-01 5.696649999999999991e+00 7.338799999999999768e-01
1.160000000000000000e+02 1.390000000000000124e-01 5.702079999999999593e+00 7.334399999999999809e-01
1.170000000000000000e+02 1.390000000000000124e-01 5.707559999999999967e+00 7.330200000000000049e-01
1.180000000000000000e+02 1.390000000000000124e-01 5.713059999999999583e+00 7.326000000000000290e-01
1.190000000000000000e+02 1.390000000000000124e-01 5.718609999999999971e+00 7.321699999999999875e-01
1.200000000000000000e+02 1.390000000000000124e-01 5.724300000000000388e+00 7.317700000000000315e-01
