1.000000000000000000e+00 2.010000000000000120e-01 5.999060000000000059e+00 2.446599999999999886e-01
2.000000000000000000e+00 1.880000000000000004e-01 6.418590000000000018e+00 2.911299999999999999e-01
3.000000000000000000e+00 1.880000000000000004e-01 6.926800000000000068e+00 2.427300000000000013e-01
4.000000000000000000e+00 1.809999999999999942e-01 6.705269999999999619e+00 2.647200000000000109e-01
5.000000000000000000e+00 1.809999999999999942e-01 6.968149999999999622e+00 2.469000000000000083e-01
6.000000000000000000e+00 1.809999999999999942e-01 6.684660000000000046e+00 3.039200000000000235e-01
7.000000000000000000e+00 1.809999999999999942e-01 6.867740000000000400e+00 3.053199999999999803e-01
8.000000000000000000e+00 1.809999999999999942e-01 7.040049999999999919e+00 3.052199999999999913e-01
9.000000000000000000e+00 1.739999999999999880e-01 7.125960000000000072e+00 2.963100000000000178e-01
1.000000000000000000e+01 1.670000000000000095e-01 7.141939999999999955e+00 2.749599999999999822e-01
1.100000000000000000e+01 1.670000000000000095e-01 8.037919999999999732e+00 3.145700000000000163e-01
1.200000000000000000e+01 1.670000000000000095e-01 8.139519999999999200e+00 3.212700000000000000e-01
1.300000000000000000e+01 1.670000000000000095e-01 8.249790000000000845e+00 3.334300000000000042e-01
1.400000000000000000e+01 1.739999999999999880e-01 8.346370000000000289e+00 3.382200000000000206e-01
1.500000000000000000e+01 1.739999999999999880e-01 8.432499999999999218e+00 3.423999999999999821e-01
1.600000000000000000e+01 1.739999999999999880e-01 8.511530000000000484e+00 3.462299999999999822e-01
1.700000000000000000e+01 1.739999999999999880e-01 8.586560000000000414e+00 3.488399999999999834e-01
1.800000000000000000e+01 1.739999999999999880e-01 8.710520000000000707e+00 3.555099999999999927e-01
1.900000000000000000e+01 1.670000000000000095e-01 8.900729999999999364e+00 3.684499999999999997e-01
2.000000000000000000e+01 1.670000000000000095e-01 9.014079999999999870e+00 3.756300000000000194e-01
2.100000000000000000e+01 1.670000000000000095e-01 9.098390000000000200e+00 3.804600000000000204e-01
2.200000000000000000e+01 1.670000000000000095e-01 9.162850000000000605e+00 3.837499999999999800e-01
2.300000000000000000e+01 1.670000000000000095e-01 9.215469999999999828e+00 3.849000000000000199e-01
2.400000000000000000e+01 1.670000000000000095e-01 9.259690000000000865e+00 3.854799999999999893e-01
2.500000000000000000e+01 1.670000000000000095e-01 9.303190000000000737e+00 3.858900000000000108e-01
2.600000000000000000e+01 1.670000000000000095e-01 9.338879999999999626e+00 3.849899999999999989e-01
2.700000000000000000e+01 1.739999999999999880e-01 9.370010000000000616e+00 3.830999999999999961e-01
2.800000000000000000e+01 1.670000000000000095e-01 9.395099999999999341e+00 3.806499999999999884e-01
2.900000000000000000e+01 1.670000000000000095e-01 9.418139999999999290e+00 3.781800000000000161e-01
3.000000000000000000e+01 1.670000000000000095e-01 9.445439999999999614e+00 3.760499999999999954e-01
3.100000000000000000e+01 1.670000000000000095e-01 9.474230000000000373e+00 3.741999999999999771e-01
3.200000000000000000e+01 1.670000000000000095e-01 9.500370000000000203e+00 3.719600000000000128e-01
3.300000000000000000e+01 1.670000000000000095e-01 9.522679999999999367e+00 3.705399999999999805e-01
3.400000000000000000e+01 1.670000000000000095e-01 9.544050000000000367e+00 3.689399999999999902e-01
3.500000000000000000e+01 1.670000000000000095e-01 9.564249999999999474e+00 3.672000000000000264e-01
3.600000000000000000e+01 1.670000000000000095e-01 9.582580000000000098e+00 3.657400000000000095e-01
3.700000000000000000e+01 1.670000000000000095e-01 9.600139999999999674e+00 3.644100000000000117e-01
3.800000000000000000e+01 1.670000000000000095e-01 9.617100000000000648e+00 3.631900000000000128e-01
3.900000000000000000e+01 1.670000000000000095e-01 9.632709999999999440e+00 3.619999999999999885e-01
4.000000000000000000e+01 1.670000000000000095e-01 9.647790000000000532e+00 3.608600000000000141e-01
4.100000000000000000e+01 1.670000000000000095e-01 9.662060000000000315e+00 3.596099999999999852e-01
4.200000000000000000e+01 1.670000000000000095e-01 9.675530000000000186e+00 3.582699999999999774e-01
4.300000000000000000e+01 1.670000000000000095e-01 9.687979999999999592e+00 3.570300000000000140e-01
4.400000000000000000e+01 1.670000000000000095e-01 9.699270000000000280e+00 3.558499999999999996e-01
4.500000000000000000e+01 1.670000000000000095e-01 9.709319999999999951e+00 3.546900000000000053e-01
4.600000000000000000e+01 1.670000000000000095e-01 9.718750000000000000e+00 3.532899999999999929e-01
4.700000000000000000e+01 1.670000000000000095e-01 9.726770000000000138e+00 3.513100000000000112e-01
4.800000000000000000e+01 1.670000000000000095e-01 9.732689999999999841e+00 3.494200000000000084e-01
4.900000000000000000e+01 1.670000000000000095e-01 9.739850000000000563e+00 3.476400000000000046e-01
5.000000000000000000e+01 1.600000000000000033e-01 7.479250000000000398e+00 4.738899999999999779e-01
5.100000000000000000e+01 1.600000000000000033e-01 7.489279999999999937e+00 4.817699999999999760e-01
5.200000000000000000e+01 1.600000000000000033e-01 7.499060000000000059e+00 4.861900000000000110e-01
5.300000000000000000e+01 1.600000000000000033e-01 7.508090000000000153e+00 4.893000000000000127e-01
5.400000000000000000e+01 1.600000000000000033e-01 7.516379999999999839e+00 4.923299999999999899e-01
5.500000000000000000e+01 1.600000000000000033e-01 7.525590000000000224e+00 4.954600000000000115e-01
5.600000000000000000e+01 1.600000000000000033e-01 7.534119999999999706e+00 4.983799999999999897e-01
5.700000000000000000e+01 1.600000000000000033e-01 7.543420000000000236e+00 5.011900000000000244e-01
5.800000000000000000e+01 1.600000000000000033e-01 7.553250000000000242e+00 5.036699999999999511e-01
5.900000000000000000e+01 1.600000000000000033e-01 7.564309999999999867e+00 5.057000000000000384e-01
6.000000000000000000e+01 1.529999999999999971e-01 7.576900000000000190e+00 5.075199999999999712e-01
6.100000000000000000e+01 1.529999999999999971e-01 7.589769999999999683e+00 5.093999999999999639e-01
6.200000000000000000e+01 1.529999999999999971e-01 7.601960000000000051e+00 5.111799999999999677e-01
6.300000000000000000e+01 1.529999999999999971e-01 7.613360000000000127e+00 5.129399999999999515e-01
6.400000000000000000e+01 1.529999999999999971e-01 7.623910000000000409e+00 5.143999999999999684e-01
6.500000000000000000e+01 1.529999999999999971e-01 7.634579999999999700e+00 5.159099999999999797e-01
6.600000000000000000e+01 1.529999999999999971e-01 7.645179999999999865e+00 5.174800000000000511e-01
6.700000000000000000e+01 1.529999999999999971e-01 7.656410000000000160e+00 5.187599999999999989e-01
6.800000000000000000e+01 1.529999999999999971e-01 7.668490000000000251e+00 5.196100000000000163e-01
6.900000000000000000e+01 1.529999999999999971e-01 7.679129999999999789e+00 5.203799999999999537e-01
7.000000000000000000e+01 1.529999999999999971e-01 7.688600000000000101e+00 5.208899999999999642e-01
7.100000000000000000e+01 1.529999999999999971e-01 7.698249999999999815e+00 5.213999999999999746e-01
7.200000000000000000e+01 1.529999999999999971e-01 7.707589999999999719e+00 5.218699999999999450e-01
7.300000000000000000e+01 1.529999999999999971e-01 7.716859999999999609e+00 5.224199999999999955e-01
7.400000000000000000e+01 1.529999999999999971e-01 7.725760000000000183e+00 5.229200000000000514e-01
7.500000000000000000e+01 1.529999999999999971e-01 7.734600000000000364e+00 5.232999999999999874e-01
7.600000000000000000e+01 1.529999999999999971e-01 7.743400000000000283e+00 5.236699999999999688e-01
7.700000000000000000e+01 1.529999999999999971e-01 7.752030000000000420e+00 5.239700000000000468e-01
7.800000000000000000e+01 1.529999999999999971e-01 7.760390000000000121e+00 5.242700000000000138e-01
7.900000000000000000e+01 1.529999999999999971e-01 7.769569999999999865e+00 5.248300000000000187e-01
8.000000000000000000e+01 1.529999999999999971e-01 7.777750000000000163e+00 5.252499999999999947e-01
8.100000000000000000e+01 1.529999999999999971e-01 7.785319999999999574e+00 5.254100000000000437e-01
8.200000000000000000e+01 1.529999999999999971e-01 7.792239999999999611e+00 5.254199999999999982e-01
8.300000000000000000e+01 1.529999999999999971e-01 7.798429999999999751e+00 5.254400000000000182e-01
8.400000000000000000e+01 1.529999999999999971e-01 7.804229999999999556e+00 5.254199999999999982e-01
8.500000000000000000e+01 1.529999999999999971e-01 7.809870000000000090e+00 5.253700000000000037e-01
8.600000000000000000e+01 1.529999999999999971e-01 7.815360000000000085e+00 5.252900000000000347e-01
8.700000000000000000e+01 1.529999999999999971e-01 7.821049999999999613e+00 5.253400000000000292e-01
8.800000000000000000e+01 1.529999999999999971e-01 7.826880000000000059e+00 5.254199999999999982e-01
8.900000000000000000e+01 1.529999999999999971e-01 7.832300000000000040e+00 5.254600000000000382e-01
9.000000000000000000e+01 1.529999999999999971e-01 7.837320000000000064e+00 5.254999999999999671e-01
9.100000000000000000e+01 1.529999999999999971e-01 7.842150000000000176e+00 5.255400000000000071e-01
9.200000000000000000e+01 1.529999999999999971e-01 7.846829999999999750e+00 5.256100000000000216e-01
9.300000000000000000e+01 1.529999999999999971e-01 7.851230000000000153e+00 5.257399999999999851e-01
9.400000000000000000e+01 1.529999999999999971e-01 7.855319999999999858e+00 5.258699999999999486e-01
9.500000000000000000e+01 1.529999999999999971e-01 7.859420000000000073e+00 5.260000000000000231e-01
9.600000000000000000e+01 1.529999999999999971e-01 7.863509999999999778e+00 5.261700000000000266e-01
9.700000000000000000e+01 1.529999999999999971e-01 7.867549999999999599e+00 5.263799999999999590e-01
9.800000000000000000e+01 1.529999999999999971e-01 7.871470000000000411e+00 5.265699999999999825e-01
9.900000000000000000e+01 1.529999999999999971e-01 7.875530000000000364e+00 5.267699999999999605e-01
1.000000000000000000e+02 1.529999999999999971e-01 7.879509999999999792e+00 5.269500000000000295e-01
1.010000000000000000e+02 1.529999999999999971e-01 7.883169999999999789e+00 5.271500000000000075e-01
1.020000000000000000e+02 1.529999999999999971e-01 7.886470000000000091e+00 5.273099999999999454e-01
1.030000000000000000e+02 1.529999999999999971e-01 7.889540000000000219e+00 5.274600000000000399e-01
1.040000000000000000e+02 1.529999999999999971e-01 7.892590000000000217e+00 5.275800000000000489e-01
1.050000000000000000e+02 1.529999999999999971e-01 7.895550000000000068e+00 5.276899999999999924e-01
1.060000000000000000e+02 1.529999999999999971e-01 7.898299999999999876e+00 5.278100000000000014e-01
1.070000000000000000e+02 1.529999999999999971e-01 7.901010000000000311e+00 5.279199999999999449e-01
1.080000000000000000e+02 1.529999999999999971e-01 7.903559999999999697e+00 5.280099999999999794e-01
1.090000000000000000e+02 1.529999999999999971e-01 7.905890000000000306e+00 5.280899999999999483e-01
1.100000000000000000e+02 1.529999999999999971e-01 7.908070000000000377e+00 5.281400000000000539e-01
1.110000000000000000e+02 1.529999999999999971e-01 7.910190000000000055e+00 5.281900000000000484e-01
1.120000000000000000e+02 1.529999999999999971e-01 7.912359999999999616e+00 5.282400000000000428e-01
1.130000000000000000e+02 1.529999999999999971e-01 7.914699999999999847e+00 5.283200000000000118e-01
1.140000000000000000e+02 1.529999999999999971e-01 7.916990000000000194e+00 5.284100000000000463e-01
1.150000000000000000e+02 1.529999999999999971e-01 7.919209999999999638e+00 5.284799999999999498e-01
1.160000000000000000e+02 1.529999999999999971e-01 7.921380000000000088e+00 5.285499999999999643e-01
1.170000000000000000e+02 1.529999999999999971e-01 7.923580000000000290e+00 5.286300000000000443e-01
1.180000000000000000e+02 1.529999999999999971e-01 7.925839999999999996e+00 5.287300000000000333e-01
1.190000000000000000e+02 1.529999999999999971e-01 7.927920000000000300e+00 5.288599999999999968e-01
1.200000000000000000e+02 1.529999999999999971e-01 7.929929999999999701e+00 5.289899999999999602e-01
