1.000000000000000000e+00 1.459999999999999909e-01 4.607029999999999959e+00 5.350899999999999546e-01
2.000000000000000000e+00 1.320000000000000062e-01 3.793429999999999858e+00 6.846700000000000008e-01
3.000000000000000000e+00 1.179999999999999938e-01 4.165130000000000443e+00 5.524000000000000021e-01
4.000000000000000000e+00 1.400000000000000029e-02 1.453629999999999978e+00 6.578300000000000258e-01
5.000000000000000000e+00 1.390000000000000124e-01 6.541190000000000282e+00 5.632200000000000539e-01
6.000000000000000000e+00 1.459999999999999909e-01 6.393729999999999691e+00 5.593500000000000139e-01
7.000000000000000000e+00 1.459999999999999909e-01 6.233130000000000059e+00 5.557100000000000373e-01
8.000000000000000000e+00 1.390000000000000124e-01 6.083719999999999573e+00 5.699600000000000222e-01
9.000000000000000000e+00 1.459999999999999909e-01 5.976020000000000110e+00 5.856799999999999784e-01
1.000000000000000000e+01 1.459999999999999909e-01 5.898690000000000211e+00 5.973899999999999766e-01
1.100000000000000000e+01 1.390000000000000124e-01 5.823870000000000324e+00 6.034699999999999509e-01
1.200000000000000000e+01 1.390000000000000124e-01 5.772979999999999556e+00 6.039099999999999469e-01
1.300000000000000000e+01 1.320000000000000062e-01 5.746500000000000163e+00 6.025000000000000355e-01
1.400000000000000000e+01 1.250000000000000000e-01 1.087860000000000049e+00 5.585499999999999909e-01
1.500000000000000000e+01 1.320000000000000062e-01 1.250850000000000017e+00 5.656600000000000517e-01
1.600000000000000000e+01 1.320000000000000062e-01 1.392290000000000028e+00 4.814999999999999836e-01
1.700000000000000000e+01 1.320000000000000062e-01 1.527900000000000036e+00 4.371800000000000130e-01
1.800000000000000000e+01 1.250000000000000000e-01 1.647990000000000066e+00 4.073899999999999744e-01
1.900000000000000000e+01 1.250000000000000000e-01 1.755970000000000031e+00 3.879299999999999971e-01
2.000000000000000000e+01 1.250000000000000000e-01 1.830710000000000059e+00 3.729799999999999782e-01
2.100000000000000000e+01 1.250000000000000000e-01 1.907419999999999893e+00 3.604200000000000181e-01
2.200000000000000000e+01 1.320000000000000062e-01 1.989659999999999984e+00 3.499700000000000033e-01
2.300000000000000000e+01 1.320000000000000062e-01 2.069739999999999913e+00 3.416399999999999992e-01
2.400000000000000000e+01 1.320000000000000062e-01 2.128340000000000121e+00 3.378700000000000037e-01
2.500000000000000000e+01 1.320000000000000062e-01 2.180099999999999927e+00 3.337300000000000266e-01
2.600000000000000000e+01 1.250000000000000000e-01 2.239790000000000170e+00 3.288300000000000112e-01
2.700000000000000000e+01 1.250000000000000000e-01 2.306789999999999896e+00 3.261499999999999955e-01
2.800000000000000000e+01 1.250000000000000000e-01 2.387090000000000156e+00 3.249900000000000011e-01
2.900000000000000000e+01 1.250000000000000000e-01 2.442619999999999791e+00 3.235100000000000198e-01
3.000000000000000000e+01 1.250000000000000000e-01 2.500000000000000000e+00 3.225299999999999834e-01
3.100000000000000000e+01 1.250000000000000000e-01 2.550850000000000062e+00 3.220199999999999729e-01
3.200000000000000000e+01 1.250000000000000000e-01 2.597220000000000084e+00 3.223199999999999954e-01
3.300000000000000000e+01 1.250000000000000000e-01 2.626139999999999919e+00 3.234699999999999798e-01
3.400000000000000000e+01 1.250000000000000000e-01 2.656690000000000218e+00 3.254500000000000171e-01
3.500000000000000000e+01 1.250000000000000000e-01 2.697060000000000013e+00 3.282200000000000117e-01
3.600000000000000000e+01 1.250000000000000000e-01 2.746859999999999857e+00 3.310299999999999909e-01
3.700000000000000000e+01 1.250000000000000000e-01 2.796879999999999811e+00 3.341299999999999826e-01
3.800000000000000000e+01 1.250000000000000000e-01 2.839420000000000055e+00 3.369099999999999873e-01
3.900000000000000000e+01 1.250000000000000000e-01 2.889180000000000081e+00 3.393900000000000250e-01
4.000000000000000000e+01 1.250000000000000000e-01 2.939480000000000093e+00 3.416500000000000092e-01
4.100000000000000000e+01 1.250000000000000000e-01 2.989749999999999908e+00 3.434300000000000130e-01
4.200000000000000000e+01 1.250000000000000000e-01 3.035509999999999931e+00 3.447100000000000164e-01
4.300000000000000000e+01 1.250000000000000000e-01 3.077599999999999891e+00 3.461099999999999732e-01
4.400000000000000000e+01 1.250000000000000000e-01 3.119730000000000114e+00 3.474800000000000111e-01
4.500000000000000000e+01 1.250000000000000000e-01 3.161540000000000017e+00 3.486899999999999999e-01
4.600000000000000000e+01 1.250000000000000000e-01 3.202539999999999942e+00 3.500900000000000123e-01
4.700000000000000000e+01 1.250000000000000000e-01 3.241140000000000132e+00 3.513299999999999756e-01
4.800000000000000000e+01 1.250000000000000000e-01 3.281540000000000123e+00 3.524399999999999755e-01
4.900000000000000000e+01 1.250000000000000000e-01 3.325569999999999915e+00 3.533800000000000274e-01
5.000000000000000000e+01 1.179999999999999938e-01 3.371719999999999828e+00 3.544800000000000173e-01
5.100000000000000000e+01 1.179999999999999938e-01 3.411179999999999879e+00 3.552799999999999847e-01
5.200000000000000000e+01 1.179999999999999938e-01 3.446429999999999882e+00 3.556400000000000117e-01
5.300000000000000000e+01 1.179999999999999938e-01 3.476150000000000073e+00 3.558899999999999841e-01
5.400000000000000000e+01 1.179999999999999938e-01 3.503760000000000208e+00 3.560900000000000176e-01
5.500000000000000000e+01 1.179999999999999938e-01 3.533180000000000209e+00 3.560300000000000131e-01
5.600000000000000000e+01 1.179999999999999938e-01 3.567180000000000017e+00 3.556500000000000217e-01
5.700000000000000000e+01 1.179999999999999938e-01 3.597850000000000215e+00 3.552699999999999747e-01
5.800000000000000000e+01 1.179999999999999938e-01 3.629659999999999886e+00 3.547100000000000253e-01
5.900000000000000000e+01 1.179999999999999938e-01 3.671660000000000146e+00 3.536000000000000254e-01
6.000000000000000000e+01 1.179999999999999938e-01 3.715850000000000097e+00 3.521900000000000031e-01
6.100000000000000000e+01 1.110000000000000014e-01 3.753670000000000062e+00 3.508200000000000207e-01
6.200000000000000000e+01 1.110000000000000014e-01 3.787710000000000132e+00 3.496400000000000063e-01
6.300000000000000000e+01 1.110000000000000014e-01 3.821250000000000036e+00 3.486500000000000155e-01
6.400000000000000000e+01 1.110000000000000014e-01 3.852879999999999860e+00 3.474999999999999756e-01
6.500000000000000000e+01 1.110000000000000014e-01 3.879910000000000192e+00 3.462100000000000177e-01
6.600000000000000000e+01 1.110000000000000014e-01 3.906540000000000123e+00 3.447700000000000209e-01
6.700000000000000000e+01 1.110000000000000014e-01 3.932780000000000165e+00 3.433399999999999785e-01
6.800000000000000000e+01 1.110000000000000014e-01 3.955999999999999961e+00 3.418300000000000227e-01
6.900000000000000000e+01 1.110000000000000014e-01 3.976900000000000102e+00 3.404800000000000049e-01
7.000000000000000000e+01 1.110000000000000014e-01 3.994790000000000063e+00 3.395799999999999930e-01
7.100000000000000000e+01 1.110000000000000014e-01 4.011890000000000178e+00 3.388499999999999845e-01
7.200000000000000000e+01 1.110000000000000014e-01 4.026880000000000237e+00 3.381500000000000061e-01
7.300000000000000000e+01 1.110000000000000014e-01 4.040440000000000254e+00 3.374500000000000277e-01
7.400000000000000000e+01 1.110000000000000014e-01 4.052719999999999878e+00 3.367800000000000238e-01
7.500000000000000000e+01 1.110000000000000014e-01 4.066110000000000113e+00 3.359400000000000164e-01
7.600000000000000000e+01 1.110000000000000014e-01 4.076319999999999943e+00 3.356299999999999839e-01
7.700000000000000000e+01 1.110000000000000014e-01 4.086369999999999614e+00 3.352299999999999724e-01
7.800000000000000000e+01 1.110000000000000014e-01 4.095670000000000144e+00 3.348999999999999755e-01
7.900000000000000000e+01 1.110000000000000014e-01 4.103530000000000122e+00 3.346199999999999730e-01
8.000000000000000000e+01 1.110000000000000014e-01 4.110960000000000392e+00 3.343400000000000261e-01
8.100000000000000000e+01 1.110000000000000014e-01 4.118019999999999570e+00 3.342100000000000071e-01
8.200000000000000000e+01 1.110000000000000014e-01 4.124979999999999869e+00 3.340099999999999736e-01
8.300000000000000000e+01 1.110000000000000014e-01 4.131759999999999877e+00 3.339099999999999846e-01
8.400000000000000000e+01 1.110000000000000014e-01 4.141810000000000436e+00 3.337300000000000266e-01
8.500000000000000000e+01 1.110000000000000014e-01 4.153190000000000381e+00 3.333599999999999897e-01
8.600000000000000000e+01 1.110000000000000014e-01 4.164979999999999905e+00 3.330000000000000182e-01
8.700000000000000000e+01 1.110000000000000014e-01 4.177010000000000112e+00 3.326100000000000168e-01
8.800000000000000000e+01 1.110000000000000014e-01 4.189989999999999881e+00 3.321700000000000208e-01
8.900000000000000000e+01 1.110000000000000014e-01 4.202740000000000364e+00 3.319799999999999973e-01
9.000000000000000000e+01 1.110000000000000014e-01 4.214819999999999567e+00 3.320100000000000273e-01
9.100000000000000000e+01 1.110000000000000014e-01 4.227999999999999758e+00 3.321200000000000263e-01
9.200000000000000000e+01 1.110000000000000014e-01 4.241950000000000109e+00 3.323900000000000188e-01
9.300000000000000000e+01 1.110000000000000014e-01 4.255320000000000213e+00 3.327499999999999902e-01
9.400000000000000000e+01 1.039999999999999952e-01 4.270669999999999966e+00 3.326100000000000168e-01
9.500000000000000000e+01 1.039999999999999952e-01 4.285180000000000433e+00 3.325199999999999823e-01
9.600000000000000000e+01 1.039999999999999952e-01 4.298320000000000363e+00 3.323900000000000188e-01
9.700000000000000000e+01 1.039999999999999952e-01 4.312579999999999636e+00 3.322999999999999843e-01
9.800000000000000000e+01 1.039999999999999952e-01 4.328009999999999913e+00 3.323400000000000243e-01
9.900000000000000000e+01 1.039999999999999952e-01 4.343169999999999753e+00 3.326399999999999912e-01
1.000000000000000000e+02 1.039999999999999952e-01 4.356790000000000163e+00 3.327899999999999747e-01
1.010000000000000000e+02 1.039999999999999952e-01 4.370940000000000047e+00 3.329599999999999782e-01
1.020000000000000000e+02 1.039999999999999952e-01 4.383610000000000007e+00 3.331700000000000217e-01
1.030000000000000000e+02 1.039999999999999952e-01 4.395380000000000287e+00 3.333599999999999897e-01
1.040000000000000000e+02 1.039999999999999952e-01 4.407399999999999984e+00 3.334599999999999786e-01
1.050000000000000000e+02 1.039999999999999952e-01 4.420200000000000351e+00 3.336100000000000176e-01
1.060000000000000000e+02 1.039999999999999952e-01 4.433270000000000266e+00 3.338599999999999901e-01
1.070000000000000000e+02 1.039999999999999952e-01 4.445229999999999571e+00 3.341700000000000226e-01
1.080000000000000000e+02 1.039999999999999952e-01 4.456249999999999822e+00 3.345299999999999940e-01
1.090000000000000000e+02 1.039999999999999952e-01 4.468720000000000248e+00 3.348700000000000010e-01
1.100000000000000000e+02 1.039999999999999952e-01 4.480529999999999902e+00 3.349800000000000000e-01
1.110000000000000000e+02 1.039999999999999952e-01 4.491950000000000109e+00 3.349699999999999900e-01
1.120000000000000000e+02 1.039999999999999952e-01 4.503400000000000070e+00 3.350000000000000200e-01
1.130000000000000000e+02 1.039999999999999952e-01 4.512509999999999799e+00 3.350899999999999990e-01
1.140000000000000000e+02 1.039999999999999952e-01 4.521840000000000082e+00 3.351700000000000235e-01
1.150000000000000000e+02 1.039999999999999952e-01 4.529709999999999681e+00 3.353200000000000069e-01
1.160000000000000000e+02 1.039999999999999952e-01 4.538120000000000154e+00 3.355299999999999949e-01
1.170000000000000000e+02 1.039999999999999952e-01 4.547380000000000422e+00 3.360099999999999754e-01
1.180000000000000000e+02 1.039999999999999952e-01 4.555480000000000196e+00 3.367600000000000038e-01
1.190000000000000000e+02 1.039999999999999952e-01 4.563329999999999664e+00 3.376100000000000212e-01
1.200000000000000000e+02 1.110000000000000014e-01 4.571100000000000385e+00 3.387299999999999756e-01
