1.000000000000000000e+00 1.670000000000000095e-01 5.427830000000000155e+00 4.079900000000000193e-01
2.000000000000000000e+00 1.600000000000000033e-01 5.749419999999999753e+00 4.719999999999999751e-01
3.000000000000000000e+00 1.739999999999999880e-01 5.664880000000000138e+00 4.499000000000000221e-01
4.000000000000000000e+00 1.670000000000000095e-01 5.814720000000000333e+00 5.236600000000000144e-01
5.000000000000000000e+00 1.809999999999999942e-01 5.973099999999999632e+00 4.740099999999999869e-01
6.000000000000000000e+00 1.809999999999999942e-01 6.100270000000000081e+00 4.194399999999999795e-01
7.000000000000000000e+00 1.739999999999999880e-01 6.208330000000000126e+00 3.769700000000000273e-01
8.000000000000000000e+00 1.739999999999999880e-01 5.714109999999999800e+00 2.646600000000000064e-01
9.000000000000000000e+00 1.670000000000000095e-01 3.864730000000000221e+00 4.095400000000000151e-01
1.000000000000000000e+01 1.809999999999999942e-01 4.171529999999999738e+00 4.476499999999999924e-01
1.100000000000000000e+01 1.880000000000000004e-01 4.235920000000000130e+00 4.526000000000000023e-01
1.200000000000000000e+01 1.880000000000000004e-01 4.228620000000000267e+00 4.527300000000000213e-01
1.300000000000000000e+01 1.880000000000000004e-01 4.232689999999999841e+00 4.561999999999999944e-01
1.400000000000000000e+01 1.880000000000000004e-01 4.212799999999999656e+00 4.561600000000000099e-01
1.500000000000000000e+01 1.809999999999999942e-01 4.086470000000000269e+00 4.546600000000000086e-01
1.600000000000000000e+01 1.880000000000000004e-01 3.988739999999999952e+00 4.531000000000000028e-01
1.700000000000000000e+01 1.809999999999999942e-01 3.901510000000000034e+00 4.528200000000000003e-01
1.800000000000000000e+01 1.809999999999999942e-01 3.785439999999999916e+00 4.541399999999999881e-01
1.900000000000000000e+01 1.809999999999999942e-01 3.722119999999999873e+00 4.558599999999999874e-01
2.000000000000000000e+01 1.809999999999999942e-01 3.711730000000000196e+00 4.586000000000000076e-01
2.100000000000000000e+01 1.809999999999999942e-01 3.710649999999999782e+00 4.597600000000000020e-01
2.200000000000000000e+01 1.809999999999999942e-01 3.714910000000000156e+00 4.600000000000000200e-01
2.300000000000000000e+01 1.809999999999999942e-01 3.728909999999999947e+00 4.603800000000000114e-01
2.400000000000000000e+01 1.809999999999999942e-01 3.754010000000000069e+00 4.619900000000000118e-01
2.500000000000000000e+01 1.809999999999999942e-01 3.798430000000000195e+00 4.645099999999999785e-01
2.600000000000000000e+01 1.809999999999999942e-01 3.822610000000000063e+00 4.652700000000000169e-01
2.700000000000000000e+01 1.880000000000000004e-01 3.820510000000000073e+00 4.658399999999999763e-01
2.800000000000000000e+01 1.809999999999999942e-01 3.818020000000000191e+00 4.666899999999999937e-01
2.900000000000000000e+01 1.809999999999999942e-01 3.821940000000000115e+00 4.673300000000000232e-01
3.000000000000000000e+01 1.809999999999999942e-01 3.830350000000000144e+00 4.687799999999999745e-01
3.100000000000000000e+01 1.809999999999999942e-01 3.833829999999999849e+00 4.701299999999999923e-01
3.200000000000000000e+01 1.809999999999999942e-01 3.850659999999999972e+00 4.714999999999999747e-01
3.300000000000000000e+01 1.809999999999999942e-01 3.865450000000000053e+00 4.721099999999999741e-01
3.400000000000000000e+01 1.809999999999999942e-01 3.877159999999999940e+00 4.723399999999999821e-01
3.500000000000000000e+01 1.809999999999999942e-01 3.890260000000000051e+00 4.724499999999999811e-01
3.600000000000000000e+01 1.809999999999999942e-01 3.902130000000000098e+00 4.722500000000000031e-01
3.700000000000000000e+01 1.809999999999999942e-01 3.917089999999999961e+00 4.720099999999999851e-01
3.800000000000000000e+01 1.809999999999999942e-01 3.933180000000000121e+00 4.717199999999999727e-01
3.900000000000000000e+01 1.809999999999999942e-01 3.948440000000000172e+00 4.713600000000000012e-01
4.000000000000000000e+01 1.809999999999999942e-01 3.962380000000000013e+00 4.708499999999999908e-01
4.100000000000000000e+01 1.809999999999999942e-01 3.976999999999999869e+00 4.703600000000000003e-01
4.200000000000000000e+01 1.809999999999999942e-01 3.994260000000000144e+00 4.700900000000000079e-01
4.300000000000000000e+01 1.809999999999999942e-01 4.013760000000000439e+00 4.698499999999999899e-01
4.400000000000000000e+01 1.809999999999999942e-01 4.032070000000000043e+00 4.694599999999999884e-01
4.500000000000000000e+01 1.809999999999999942e-01 4.050629999999999953e+00 4.691600000000000215e-01
4.600000000000000000e+01 1.809999999999999942e-01 4.068019999999999747e+00 4.688599999999999990e-01
4.700000000000000000e+01 1.809999999999999942e-01 4.085119999999999862e+00 4.686400000000000010e-01
4.800000000000000000e+01 1.809999999999999942e-01 4.105380000000000251e+00 4.685500000000000220e-01
4.900000000000000000e+01 1.809999999999999942e-01 4.126999999999999780e+00 4.687999999999999945e-01
5.000000000000000000e+01 1.809999999999999942e-01 4.148819999999999730e+00 4.690799999999999970e-01
5.100000000000000000e+01 1.809999999999999942e-01 4.172679999999999723e+00 4.694599999999999884e-01
5.200000000000000000e+01 1.809999999999999942e-01 4.195050000000000168e+00 4.699900000000000189e-01
5.300000000000000000e+01 1.809999999999999942e-01 4.213390000000000413e+00 4.704599999999999893e-01
5.400000000000000000e+01 1.809999999999999942e-01 4.224440000000000417e+00 4.705099999999999838e-01
5.500000000000000000e+01 1.809999999999999942e-01 4.231320000000000192e+00 4.699200000000000044e-01
5.600000000000000000e+01 1.809999999999999942e-01 4.238920000000000243e+00 4.693300000000000249e-01
5.700000000000000000e+01 1.809999999999999942e-01 4.245569999999999844e+00 4.687100000000000155e-01
5.800000000000000000e+01 1.809999999999999942e-01 4.251400000000000290e+00 4.680300000000000016e-01
5.900000000000000000e+01 1.809999999999999942e-01 4.259420000000000428e+00 4.673499999999999877e-01
6.000000000000000000e+01 1.809999999999999942e-01 4.268889999999999851e+00 4.668200000000000127e-01
6.100000000000000000e+01 1.809999999999999942e-01 4.278069999999999595e+00 4.663800000000000168e-01
6.200000000000000000e+01 1.809999999999999942e-01 4.286550000000000082e+00 4.661299999999999888e-01
6.300000000000000000e+01 1.809999999999999942e-01 4.294699999999999740e+00 4.660400000000000098e-01
6.400000000000000000e+01 1.809999999999999942e-01 4.302620000000000111e+00 4.659499999999999753e-01
6.500000000000000000e+01 1.809999999999999942e-01 4.310670000000000002e+00 4.659800000000000053e-01
6.600000000000000000e+01 1.809999999999999942e-01 4.318629999999999747e+00 4.660799999999999943e-01
6.700000000000000000e+01 1.809999999999999942e-01 4.327099999999999724e+00 4.663100000000000023e-01
6.800000000000000000e+01 1.809999999999999942e-01 4.335350000000000037e+00 4.666600000000000192e-01
6.900000000000000000e+01 1.809999999999999942e-01 4.343549999999999578e+00 4.670900000000000052e-01
7.000000000000000000e+01 1.809999999999999942e-01 4.351379999999999804e+00 4.675099999999999811e-01
7.100000000000000000e+01 1.809999999999999942e-01 4.360100000000000087e+00 4.680300000000000016e-01
7.200000000000000000e+01 1.809999999999999942e-01 4.367880000000000429e+00 4.685199999999999920e-01
7.300000000000000000e+01 1.809999999999999942e-01 4.373730000000000118e+00 4.690300000000000025e-01
7.400000000000000000e+01 1.809999999999999942e-01 4.378239999999999910e+00 4.695400000000000129e-01
7.500000000000000000e+01 1.809999999999999942e-01 4.382810000000000095e+00 4.699800000000000089e-01
7.600000000000000000e+01 1.809999999999999942e-01 4.387109999999999843e+00 4.703200000000000158e-01
7.700000000000000000e+01 1.809999999999999942e-01 4.388630000000000031e+00 4.704699999999999993e-01
7.800000000000000000e+01 1.809999999999999942e-01 4.388219999999999565e+00 4.704400000000000248e-01
7.900000000000000000e+01 1.809999999999999942e-01 4.388429999999999609e+00 4.704200000000000048e-01
8.000000000000000000e+01 1.809999999999999942e-01 4.387710000000000221e+00 4.703999999999999848e-01
8.100000000000000000e+01 1.809999999999999942e-01 4.389190000000000147e+00 4.704999999999999738e-01
8.200000000000000000e+01 1.809999999999999942e-01 4.391130000000000422e+00 4.706799999999999873e-01
8.300000000000000000e+01 1.809999999999999942e-01 4.394129999999999647e+00 4.709099999999999953e-01
8.400000000000000000e+01 1.809999999999999942e-01 4.397599999999999731e+00 4.710799999999999987e-01
8.500000000000000000e+01 1.739999999999999880e-01 4.400369999999999671e+00 4.712000000000000077e-01
8.600000000000000000e+01 1.739999999999999880e-01 4.403369999999999784e+00 4.713300000000000267e-01
8.700000000000000000e+01 1.739999999999999880e-01 4.406530000000000058e+00 4.715099999999999847e-01
8.800000000000000000e+01 1.739999999999999880e-01 4.410790000000000433e+00 4.717600000000000127e-01
8.900000000000000000e+01 1.739999999999999880e-01 4.414819999999999744e+00 4.720500000000000251e-01
9.000000000000000000e+01 1.739999999999999880e-01 4.419130000000000003e+00 4.723800000000000221e-01
9.100000000000000000e+01 1.739999999999999880e-01 4.424179999999999779e+00 4.727000000000000091e-01
9.200000000000000000e+01 1.739999999999999880e-01 4.430640000000000356e+00 4.731500000000000150e-01
9.300000000000000000e+01 1.739999999999999880e-01 4.436670000000000336e+00 4.736500000000000155e-01
9.400000000000000000e+01 1.739999999999999880e-01 4.443579999999999863e+00 4.741099999999999759e-01
9.500000000000000000e+01 1.739999999999999880e-01 4.450919999999999987e+00 4.745500000000000274e-01
9.600000000000000000e+01 1.739999999999999880e-01 4.458639999999999937e+00 4.749300000000000188e-01
9.700000000000000000e+01 1.739999999999999880e-01 4.467850000000000321e+00 4.754499999999999837e-01
9.800000000000000000e+01 1.739999999999999880e-01 4.476619999999999600e+00 4.759399999999999742e-01
9.900000000000000000e+01 1.739999999999999880e-01 4.484950000000000436e+00 4.764200000000000101e-01
1.000000000000000000e+02 1.739999999999999880e-01 4.493439999999999657e+00 4.769399999999999751e-01
1.010000000000000000e+02 1.739999999999999880e-01 4.502830000000000332e+00 4.775499999999999745e-01
1.020000000000000000e+02 1.739999999999999880e-01 4.512880000000000003e+00 4.783200000000000229e-01
1.030000000000000000e+02 1.739999999999999880e-01 4.523629999999999818e+00 4.791599999999999748e-01
1.040000000000000000e+02 1.739999999999999880e-01 4.536159999999999748e+00 4.801699999999999857e-01
1.050000000000000000e+02 1.739999999999999880e-01 4.552579999999999849e+00 4.815800000000000081e-01
1.060000000000000000e+02 1.739999999999999880e-01 4.568800000000000416e+00 4.829399999999999804e-01
1.070000000000000000e+02 1.670000000000000095e-01 4.583949999999999747e+00 4.841500000000000248e-01
1.080000000000000000e+02 1.670000000000000095e-01 4.600170000000000314e+00 4.856099999999999861e-01
1.090000000000000000e+02 1.670000000000000095e-01 4.615409999999999791e+00 4.869800000000000240e-01
1.100000000000000000e+02 1.670000000000000095e-01 4.628689999999999749e+00 4.880999999999999783e-01
1.110000000000000000e+02 1.670000000000000095e-01 4.639630000000000365e+00 4.888700000000000268e-01
1.120000000000000000e+02 1.670000000000000095e-01 4.651040000000000063e+00 4.897400000000000087e-01
1.130000000000000000e+02 1.670000000000000095e-01 4.661480000000000068e+00 4.904899999999999816e-01
1.140000000000000000e+02 1.670000000000000095e-01 4.670469999999999899e+00 4.910499999999999865e-01
1.150000000000000000e+02 1.600000000000000033e-01 4.680369999999999919e+00 4.916900000000000159e-01
1.160000000000000000e+02 1.600000000000000033e-01 4.689829999999999721e+00 4.922799999999999954e-01
1.170000000000000000e+02 1.600000000000000033e-01 4.700199999999999712e+00 4.929999999999999938e-01
1.180000000000000000e+02 1.600000000000000033e-01 4.710460000000000313e+00 4.937000000000000277e-01
1.190000000000000000e+02 1.600000000000000033e-01 4.719920000000000115e+00 4.943500000000000116e-01
1.200000000000000000e+02 1.529999999999999971e-01 4.729390000000000427e+00 4.949899999999999856e-01
