1.000000000000000000e+00 1.739999999999999880e-01 5.272450000000000081e+00 1.108200000000000018e-01
2.000000000000000000e+00 1.670000000000000095e-01 4.802959999999999674e+00 2.508099999999999774e-01
3.000000000000000000e+00 1.739999999999999880e-01 4.674330000000000318e+00 2.657800000000000162e-01
4.000000000000000000e+00 1.739999999999999880e-01 5.084780000000000300e+00 2.953399999999999914e-01
5.000000000000000000e+00 1.670000000000000095e-01 5.175530000000000186e+00 3.438100000000000045e-01
6.000000000000000000e+00 1.670000000000000095e-01 5.583039999999999559e+00 3.613100000000000200e-01
7.000000000000000000e+00 1.670000000000000095e-01 5.749970000000000248e+00 3.678299999999999903e-01
8.000000000000000000e+00 1.600000000000000033e-01 5.462200000000000166e+00 3.415900000000000047e-01
9.000000000000000000e+00 1.600000000000000033e-01 5.350749999999999673e+00 3.358599999999999919e-01
1.000000000000000000e+01 1.600000000000000033e-01 5.241380000000000372e+00 3.317899999999999738e-01
1.100000000000000000e+01 1.529999999999999971e-01 5.105489999999999640e+00 3.292900000000000271e-01
1.200000000000000000e+01 1.670000000000000095e-01 4.265939999999999621e+00 4.804200000000000137e-01
1.300000000000000000e+01 1.670000000000000095e-01 4.185249999999999915e+00 4.852899999999999991e-01
1.400000000000000000e+01 1.600000000000000033e-01 4.184309999999999974e+00 4.845800000000000107e-01
1.500000000000000000e+01 1.179999999999999938e-01 3.127339999999999787e+00 7.809300000000000130e-01
1.600000000000000000e+01 1.250000000000000000e-01 3.075320000000000054e+00 7.773999999999999799e-01
1.700000000000000000e+01 1.179999999999999938e-01 3.039730000000000043e+00 7.743299999999999628e-01
1.800000000000000000e+01 1.179999999999999938e-01 3.016300000000000203e+00 7.717699999999999561e-01
1.900000000000000000e+01 1.179999999999999938e-01 3.002780000000000005e+00 7.694900000000000073e-01
2.000000000000000000e+01 1.179999999999999938e-01 2.989939999999999820e+00 7.673400000000000221e-01
2.100000000000000000e+01 1.179999999999999938e-01 2.970260000000000122e+00 7.640599999999999614e-01
2.200000000000000000e+01 1.179999999999999938e-01 2.946260000000000101e+00 7.613499999999999712e-01
2.300000000000000000e+01 1.179999999999999938e-01 2.928570000000000118e+00 7.584699999999999775e-01
2.400000000000000000e+01 1.179999999999999938e-01 2.916500000000000092e+00 7.561200000000000143e-01
2.500000000000000000e+01 1.179999999999999938e-01 2.906309999999999949e+00 7.539299999999999891e-01
2.600000000000000000e+01 1.179999999999999938e-01 2.895729999999999915e+00 7.511799999999999589e-01
2.700000000000000000e+01 1.179999999999999938e-01 2.883719999999999839e+00 7.482799999999999452e-01
2.800000000000000000e+01 1.179999999999999938e-01 2.863210000000000033e+00 7.449599999999999556e-01
2.900000000000000000e+01 1.179999999999999938e-01 2.839100000000000179e+00 7.405899999999999705e-01
3.000000000000000000e+01 1.179999999999999938e-01 2.818989999999999885e+00 7.357500000000000151e-01
3.100000000000000000e+01 1.179999999999999938e-01 2.805379999999999985e+00 7.315599999999999881e-01
3.200000000000000000e+01 1.809999999999999942e-01 6.206800000000000317e+00 5.746299999999999741e-01
3.300000000000000000e+01 1.809999999999999942e-01 6.191370000000000040e+00 5.719199999999999839e-01
3.400000000000000000e+01 1.809999999999999942e-01 6.173490000000000144e+00 5.689199999999999813e-01
3.500000000000000000e+01 1.809999999999999942e-01 6.152929999999999566e+00 5.654900000000000482e-01
3.600000000000000000e+01 1.809999999999999942e-01 6.129299999999999748e+00 5.617799999999999461e-01
3.700000000000000000e+01 1.809999999999999942e-01 6.103979999999999961e+00 5.576799999999999535e-01
3.800000000000000000e+01 1.809999999999999942e-01 6.075990000000000002e+00 5.534499999999999975e-01
3.900000000000000000e+01 1.809999999999999942e-01 6.048169999999999824e+00 5.495299999999999629e-01
4.000000000000000000e+01 1.809999999999999942e-01 6.023520000000000429e+00 5.457999999999999519e-01
4.100000000000000000e+01 1.809999999999999942e-01 6.001699999999999591e+00 5.420700000000000518e-01
4.200000000000000000e+01 1.809999999999999942e-01 5.977140000000000342e+00 5.381799999999999917e-01
4.300000000000000000e+01 1.809999999999999942e-01 5.954360000000000319e+00 5.343700000000000117e-01
4.400000000000000000e+01 1.809999999999999942e-01 5.930909999999999904e+00 5.305900000000000061e-01
4.500000000000000000e+01 1.809999999999999942e-01 5.907149999999999679e+00 5.267600000000000060e-01
4.600000000000000000e+01 1.809999999999999942e-01 5.886790000000000411e+00 5.231200000000000294e-01
4.700000000000000000e+01 1.809999999999999942e-01 5.867639999999999745e+00 5.193600000000000438e-01
4.800000000000000000e+01 1.809999999999999942e-01 5.851219999999999644e+00 5.158199999999999452e-01
4.900000000000000000e+01 1.809999999999999942e-01 5.836789999999999701e+00 5.124900000000000011e-01
5.000000000000000000e+01 1.809999999999999942e-01 5.820470000000000255e+00 5.090799999999999770e-01
5.100000000000000000e+01 1.809999999999999942e-01 5.804199999999999804e+00 5.057300000000000129e-01
5.200000000000000000e+01 1.809999999999999942e-01 5.786400000000000432e+00 5.023800000000000487e-01
5.300000000000000000e+01 1.809999999999999942e-01 5.768670000000000186e+00 4.991099999999999981e-01
5.400000000000000000e+01 1.809999999999999942e-01 5.752469999999999750e+00 4.958099999999999730e-01
5.500000000000000000e+01 1.809999999999999942e-01 5.736430000000000362e+00 4.925800000000000178e-01
5.600000000000000000e+01 1.809999999999999942e-01 5.720559999999999867e+00 4.893500000000000072e-01
5.700000000000000000e+01 1.809999999999999942e-01 5.704240000000000421e+00 4.862299999999999955e-01
5.800000000000000000e+01 1.809999999999999942e-01 5.687280000000000335e+00 4.832000000000000184e-01
5.900000000000000000e+01 1.809999999999999942e-01 5.674240000000000173e+00 4.802000000000000157e-01
6.000000000000000000e+01 1.809999999999999942e-01 5.665860000000000340e+00 4.771799999999999931e-01
6.100000000000000000e+01 1.809999999999999942e-01 5.659309999999999619e+00 4.741799999999999904e-01
6.200000000000000000e+01 1.809999999999999942e-01 5.654670000000000307e+00 4.711099999999999732e-01
6.300000000000000000e+01 1.809999999999999942e-01 5.648950000000000138e+00 4.682999999999999940e-01
6.400000000000000000e+01 1.739999999999999880e-01 5.641740000000000421e+00 4.656799999999999828e-01
6.500000000000000000e+01 1.739999999999999880e-01 5.633420000000000094e+00 4.630699999999999816e-01
6.600000000000000000e+01 1.739999999999999880e-01 5.624539999999999651e+00 4.604400000000000159e-01
6.700000000000000000e+01 1.670000000000000095e-01 5.613349999999999618e+00 4.578900000000000192e-01
6.800000000000000000e+01 1.670000000000000095e-01 5.600740000000000052e+00 4.554799999999999960e-01
6.900000000000000000e+01 1.670000000000000095e-01 5.586009999999999920e+00 4.530199999999999783e-01
7.000000000000000000e+01 1.670000000000000095e-01 5.571830000000000283e+00 4.505000000000000115e-01
7.100000000000000000e+01 1.670000000000000095e-01 5.558119999999999727e+00 4.479299999999999948e-01
7.200000000000000000e+01 1.739999999999999880e-01 5.543470000000000120e+00 4.452999999999999736e-01
7.300000000000000000e+01 1.739999999999999880e-01 5.526349999999999874e+00 4.427699999999999969e-01
7.400000000000000000e+01 1.739999999999999880e-01 5.508200000000000429e+00 4.403400000000000092e-01
7.500000000000000000e+01 1.739999999999999880e-01 5.489419999999999966e+00 4.379899999999999904e-01
7.600000000000000000e+01 1.739999999999999880e-01 5.470970000000000333e+00 4.356700000000000017e-01
7.700000000000000000e+01 1.739999999999999880e-01 5.451939999999999564e+00 4.334399999999999920e-01
7.800000000000000000e+01 1.739999999999999880e-01 5.433670000000000222e+00 4.311900000000000177e-01
7.900000000000000000e+01 1.739999999999999880e-01 5.414939999999999642e+00 4.289399999999999880e-01
8.000000000000000000e+01 1.739999999999999880e-01 5.397479999999999833e+00 4.267599999999999727e-01
8.100000000000000000e+01 1.670000000000000095e-01 5.381610000000000227e+00 4.246099999999999874e-01
8.200000000000000000e+01 1.670000000000000095e-01 5.365109999999999602e+00 4.224399999999999822e-01
8.300000000000000000e+01 1.670000000000000095e-01 5.347809999999999953e+00 4.202099999999999724e-01
8.400000000000000000e+01 1.670000000000000095e-01 5.331850000000000200e+00 4.179999999999999827e-01
8.500000000000000000e+01 1.670000000000000095e-01 5.316600000000000215e+00 4.158499999999999974e-01
8.600000000000000000e+01 1.670000000000000095e-01 5.301339999999999719e+00 4.137199999999999767e-01
8.700000000000000000e+01 1.670000000000000095e-01 5.287189999999999834e+00 4.116500000000000159e-01
8.800000000000000000e+01 1.670000000000000095e-01 5.272739999999999760e+00 4.096199999999999841e-01
8.900000000000000000e+01 1.670000000000000095e-01 5.259280000000000399e+00 4.076400000000000023e-01
9.000000000000000000e+01 1.670000000000000095e-01 5.247020000000000017e+00 4.058200000000000141e-01
9.100000000000000000e+01 1.670000000000000095e-01 5.236710000000000420e+00 4.040500000000000203e-01
9.200000000000000000e+01 1.670000000000000095e-01 5.225310000000000343e+00 4.022899999999999809e-01
9.300000000000000000e+01 1.670000000000000095e-01 5.216300000000000381e+00 4.003999999999999782e-01
9.400000000000000000e+01 1.670000000000000095e-01 5.208409999999999762e+00 3.985099999999999754e-01
9.500000000000000000e+01 1.670000000000000095e-01 5.198999999999999844e+00 3.966199999999999726e-01
9.600000000000000000e+01 1.670000000000000095e-01 5.191099999999999604e+00 3.946799999999999753e-01
9.700000000000000000e+01 1.739999999999999880e-01 5.182439999999999714e+00 3.925899999999999945e-01
9.800000000000000000e+01 1.739999999999999880e-01 5.174739999999999895e+00 3.904199999999999893e-01
9.900000000000000000e+01 1.739999999999999880e-01 5.169159999999999755e+00 3.881800000000000250e-01
1.000000000000000000e+02 1.739999999999999880e-01 5.163949999999999818e+00 3.858900000000000108e-01
1.010000000000000000e+02 1.739999999999999880e-01 5.157770000000000188e+00 3.833500000000000241e-01
1.020000000000000000e+02 1.739999999999999880e-01 5.153139999999999610e+00 3.806300000000000239e-01
1.030000000000000000e+02 1.739999999999999880e-01 5.147289999999999921e+00 3.779600000000000182e-01
1.040000000000000000e+02 1.739999999999999880e-01 5.143889999999999851e+00 3.754100000000000215e-01
1.050000000000000000e+02 1.739999999999999880e-01 5.182479999999999976e+00 4.375800000000000245e-01
1.060000000000000000e+02 1.739999999999999880e-01 5.164640000000000342e+00 4.407400000000000206e-01
1.070000000000000000e+02 1.739999999999999880e-01 5.168750000000000178e+00 4.407200000000000006e-01
1.080000000000000000e+02 1.739999999999999880e-01 5.173440000000000261e+00 4.406999999999999806e-01
1.090000000000000000e+02 1.670000000000000095e-01 5.178689999999999571e+00 4.406700000000000061e-01
1.100000000000000000e+02 1.670000000000000095e-01 5.184459999999999624e+00 4.406399999999999761e-01
1.110000000000000000e+02 1.670000000000000095e-01 5.190559999999999619e+00 4.406100000000000017e-01
1.120000000000000000e+02 1.670000000000000095e-01 5.196799999999999642e+00 4.406599999999999961e-01
1.130000000000000000e+02 1.670000000000000095e-01 5.203170000000000073e+00 4.407099999999999906e-01
1.140000000000000000e+02 1.670000000000000095e-01 5.209389999999999965e+00 4.407800000000000051e-01
1.150000000000000000e+02 1.670000000000000095e-01 5.214760000000000062e+00 4.408299999999999996e-01
1.160000000000000000e+02 1.670000000000000095e-01 5.220139999999999780e+00 4.408500000000000196e-01
1.170000000000000000e+02 1.670000000000000095e-01 5.225270000000000081e+00 4.408500000000000196e-01
1.180000000000000000e+02 1.670000000000000095e-01 5.229160000000000252e+00 4.407400000000000206e-01
1.190000000000000000e+02 1.670000000000000095e-01 5.232700000000000351e+00 4.405800000000000272e-01
1.200000000000000000e+02 1.670000000000000095e-01 5.236110000000000042e+00 4.404000000000000137e-01
