1.000000000000000000e+00 1.110000000000000014e-01 5.451699999999999768e+00 4.216699999999999893e-01
2.000000000000000000e+00 1.250000000000000000e-01 5.213059999999999583e+00 4.233999999999999986e-01
3.000000000000000000e+00 1.459999999999999909e-01 5.409469999999999779e+00 6.750300000000000189e-01
4.000000000000000000e+00 1.529999999999999971e-01 4.137380000000000280e+00 5.236800000000000344e-01
5.000000000000000000e+00 1.529999999999999971e-01 4.345340000000000202e+00 5.402799999999999825e-01
6.000000000000000000e+00 1.529999999999999971e-01 4.652370000000000339e+00 5.315600000000000325e-01
7.000000000000000000e+00 1.600000000000000033e-01 4.871269999999999989e+00 5.082400000000000251e-01
8.000000000000000000e+00 1.529999999999999971e-01 5.121769999999999712e+00 4.915399999999999769e-01
9.000000000000000000e+00 1.600000000000000033e-01 5.264280000000000292e+00 4.657700000000000173e-01
1.000000000000000000e+01 1.600000000000000033e-01 5.290980000000000238e+00 4.538800000000000057e-01
1.100000000000000000e+01 1.529999999999999971e-01 5.314180000000000348e+00 4.460399999999999920e-01
1.200000000000000000e+01 1.459999999999999909e-01 5.348629999999999995e+00 4.399700000000000277e-01
1.300000000000000000e+01 1.459999999999999909e-01 5.360330000000000261e+00 4.351599999999999913e-01
1.400000000000000000e+01 1.459999999999999909e-01 5.444480000000000430e+00 4.317699999999999871e-01
1.500000000000000000e+01 1.320000000000000062e-01 5.530280000000000307e+00 4.289999999999999925e-01
1.600000000000000000e+01 1.320000000000000062e-01 5.586389999999999745e+00 4.267299999999999982e-01
1.700000000000000000e+01 1.320000000000000062e-01 5.621109999999999829e+00 4.245999999999999774e-01
1.800000000000000000e+01 1.320000000000000062e-01 5.638490000000000002e+00 4.222799999999999887e-01
1.900000000000000000e+01 1.320000000000000062e-01 5.620790000000000397e+00 4.199300000000000255e-01
2.000000000000000000e+01 1.320000000000000062e-01 5.600900000000000212e+00 4.184300000000000241e-01
2.100000000000000000e+01 1.320000000000000062e-01 5.594699999999999562e+00 4.168100000000000138e-01
2.200000000000000000e+01 1.320000000000000062e-01 5.630010000000000403e+00 4.166199999999999903e-01
2.300000000000000000e+01 1.320000000000000062e-01 5.710329999999999906e+00 4.186799999999999966e-01
2.400000000000000000e+01 1.670000000000000095e-01 7.788850000000000051e+00 5.346600000000000241e-01
2.500000000000000000e+01 1.670000000000000095e-01 7.786599999999999966e+00 5.308199999999999585e-01
2.600000000000000000e+01 1.670000000000000095e-01 7.791220000000000034e+00 5.265199999999999880e-01
2.700000000000000000e+01 1.670000000000000095e-01 7.835919999999999774e+00 5.257399999999999851e-01
2.800000000000000000e+01 1.670000000000000095e-01 7.891930000000000334e+00 5.256499999999999506e-01
2.900000000000000000e+01 1.670000000000000095e-01 7.940570000000000128e+00 5.262200000000000211e-01
3.000000000000000000e+01 1.670000000000000095e-01 7.990689999999999849e+00 5.275199999999999889e-01
3.100000000000000000e+01 1.320000000000000062e-01 6.045679999999999943e+00 4.112299999999999844e-01
3.200000000000000000e+01 1.320000000000000062e-01 6.058489999999999931e+00 4.098399999999999821e-01
3.300000000000000000e+01 1.670000000000000095e-01 8.162430000000000518e+00 5.376900000000000013e-01
3.400000000000000000e+01 1.320000000000000062e-01 6.081529999999999880e+00 4.080300000000000038e-01
3.500000000000000000e+01 1.670000000000000095e-01 8.279579999999999274e+00 5.457800000000000429e-01
3.600000000000000000e+01 1.320000000000000062e-01 6.092749999999999666e+00 4.062500000000000000e-01
3.700000000000000000e+01 1.320000000000000062e-01 6.091960000000000264e+00 4.049699999999999966e-01
3.800000000000000000e+01 1.320000000000000062e-01 6.087069999999999759e+00 4.034800000000000053e-01
3.900000000000000000e+01 1.320000000000000062e-01 6.083520000000000039e+00 4.022100000000000120e-01
4.000000000000000000e+01 1.320000000000000062e-01 6.076069999999999638e+00 4.009699999999999931e-01
4.100000000000000000e+01 1.320000000000000062e-01 6.069340000000000401e+00 3.997299999999999742e-01
4.200000000000000000e+01 1.320000000000000062e-01 6.061670000000000336e+00 3.985799999999999899e-01
4.300000000000000000e+01 1.320000000000000062e-01 6.058159999999999989e+00 3.975799999999999890e-01
4.400000000000000000e+01 1.320000000000000062e-01 6.057299999999999685e+00 3.966799999999999771e-01
4.500000000000000000e+01 1.320000000000000062e-01 6.059630000000000294e+00 3.959099999999999842e-01
4.600000000000000000e+01 1.320000000000000062e-01 6.059910000000000352e+00 3.951799999999999757e-01
4.700000000000000000e+01 1.320000000000000062e-01 6.058419999999999916e+00 3.943300000000000138e-01
4.800000000000000000e+01 1.320000000000000062e-01 6.058609999999999829e+00 3.934099999999999819e-01
4.900000000000000000e+01 1.320000000000000062e-01 6.056309999999999860e+00 3.924699999999999855e-01
5.000000000000000000e+01 1.320000000000000062e-01 6.052509999999999835e+00 3.914699999999999847e-01
5.100000000000000000e+01 1.320000000000000062e-01 6.052159999999999762e+00 3.905199999999999783e-01
5.200000000000000000e+01 1.320000000000000062e-01 6.053939999999999877e+00 3.896499999999999964e-01
5.300000000000000000e+01 1.320000000000000062e-01 6.057280000000000442e+00 3.889099999999999779e-01
5.400000000000000000e+01 1.320000000000000062e-01 6.060270000000000046e+00 3.881899999999999795e-01
5.500000000000000000e+01 1.320000000000000062e-01 6.062689999999999912e+00 3.875100000000000211e-01
5.600000000000000000e+01 1.320000000000000062e-01 6.064169999999999838e+00 3.868900000000000117e-01
5.700000000000000000e+01 1.320000000000000062e-01 6.064070000000000071e+00 3.862099999999999977e-01
5.800000000000000000e+01 1.320000000000000062e-01 6.065549999999999997e+00 3.855899999999999883e-01
5.900000000000000000e+01 1.320000000000000062e-01 6.067400000000000126e+00 3.850500000000000034e-01
6.000000000000000000e+01 1.320000000000000062e-01 6.067510000000000403e+00 3.844799999999999884e-01
6.100000000000000000e+01 1.320000000000000062e-01 6.068500000000000227e+00 3.839500000000000135e-01
6.200000000000000000e+01 1.320000000000000062e-01 6.068459999999999965e+00 3.833900000000000086e-01
6.300000000000000000e+01 1.320000000000000062e-01 6.067870000000000097e+00 3.828199999999999936e-01
6.400000000000000000e+01 1.320000000000000062e-01 6.067389999999999617e+00 3.821999999999999842e-01
6.500000000000000000e+01 1.320000000000000062e-01 6.067009999999999792e+00 3.815700000000000203e-01
6.600000000000000000e+01 1.320000000000000062e-01 6.067350000000000243e+00 3.809899999999999953e-01
6.700000000000000000e+01 1.320000000000000062e-01 6.069790000000000241e+00 3.804899999999999949e-01
6.800000000000000000e+01 1.320000000000000062e-01 6.070879999999999832e+00 3.800299999999999789e-01
6.900000000000000000e+01 1.320000000000000062e-01 6.071369999999999933e+00 3.795200000000000240e-01
7.000000000000000000e+01 1.320000000000000062e-01 6.071449999999999569e+00 3.789600000000000191e-01
7.100000000000000000e+01 1.320000000000000062e-01 6.069810000000000372e+00 3.783900000000000041e-01
7.200000000000000000e+01 1.320000000000000062e-01 6.066600000000000215e+00 3.778199999999999892e-01
7.300000000000000000e+01 1.320000000000000062e-01 6.062400000000000233e+00 3.772099999999999898e-01
7.400000000000000000e+01 1.320000000000000062e-01 6.058099999999999596e+00 3.765899999999999803e-01
7.500000000000000000e+01 1.320000000000000062e-01 6.054549999999999876e+00 3.759899999999999909e-01
7.600000000000000000e+01 1.320000000000000062e-01 6.050010000000000332e+00 3.754100000000000215e-01
7.700000000000000000e+01 1.320000000000000062e-01 6.046409999999999840e+00 3.748600000000000265e-01
7.800000000000000000e+01 1.320000000000000062e-01 6.043549999999999756e+00 3.742900000000000116e-01
7.900000000000000000e+01 1.320000000000000062e-01 6.041610000000000369e+00 3.737599999999999811e-01
8.000000000000000000e+01 1.320000000000000062e-01 6.040079999999999671e+00 3.732400000000000162e-01
8.100000000000000000e+01 1.320000000000000062e-01 6.038649999999999629e+00 3.727199999999999958e-01
8.200000000000000000e+01 1.320000000000000062e-01 6.038479999999999848e+00 3.722099999999999853e-01
8.300000000000000000e+01 1.320000000000000062e-01 6.038319999999999688e+00 3.717099999999999849e-01
8.400000000000000000e+01 1.320000000000000062e-01 6.038140000000000285e+00 3.712199999999999944e-01
8.500000000000000000e+01 1.320000000000000062e-01 6.038929999999999687e+00 3.707099999999999840e-01
8.600000000000000000e+01 1.320000000000000062e-01 6.040289999999999715e+00 3.701900000000000190e-01
8.700000000000000000e+01 1.320000000000000062e-01 6.041920000000000179e+00 3.696999999999999731e-01
8.800000000000000000e+01 1.320000000000000062e-01 6.043319999999999581e+00 3.692099999999999826e-01
8.900000000000000000e+01 1.320000000000000062e-01 6.043859999999999566e+00 3.687199999999999922e-01
9.000000000000000000e+01 1.320000000000000062e-01 6.043779999999999930e+00 3.682300000000000018e-01
9.100000000000000000e+01 1.320000000000000062e-01 6.043709999999999916e+00 3.677300000000000013e-01
9.200000000000000000e+01 1.320000000000000062e-01 6.044290000000000163e+00 3.672599999999999754e-01
9.300000000000000000e+01 1.320000000000000062e-01 6.045560000000000045e+00 3.668100000000000249e-01
9.400000000000000000e+01 1.320000000000000062e-01 6.047060000000000102e+00 3.663899999999999935e-01
9.500000000000000000e+01 1.320000000000000062e-01 6.049240000000000173e+00 3.659999999999999920e-01
9.600000000000000000e+01 1.320000000000000062e-01 6.050600000000000200e+00 3.656200000000000006e-01
9.700000000000000000e+01 1.320000000000000062e-01 6.051929999999999588e+00 3.652099999999999791e-01
9.800000000000000000e+01 1.320000000000000062e-01 6.052940000000000431e+00 3.647799999999999931e-01
9.900000000000000000e+01 1.320000000000000062e-01 6.052999999999999936e+00 3.643500000000000072e-01
1.000000000000000000e+02 1.320000000000000062e-01 6.053580000000000183e+00 3.639600000000000057e-01
1.010000000000000000e+02 1.320000000000000062e-01 6.054330000000000211e+00 3.635900000000000243e-01
1.020000000000000000e+02 1.320000000000000062e-01 6.054190000000000182e+00 3.632199999999999873e-01
1.030000000000000000e+02 1.320000000000000062e-01 6.054570000000000007e+00 3.628299999999999859e-01
1.040000000000000000e+02 1.320000000000000062e-01 6.055130000000000123e+00 3.624399999999999844e-01
1.050000000000000000e+02 1.320000000000000062e-01 6.054940000000000211e+00 3.620700000000000029e-01
1.060000000000000000e+02 1.320000000000000062e-01 6.054630000000000400e+00 3.616900000000000115e-01
1.070000000000000000e+02 1.320000000000000062e-01 6.055150000000000254e+00 3.612900000000000000e-01
1.080000000000000000e+02 1.320000000000000062e-01 6.054179999999999673e+00 3.609399999999999831e-01
1.090000000000000000e+02 1.320000000000000062e-01 6.051300000000000345e+00 3.605900000000000216e-01
1.100000000000000000e+02 1.320000000000000062e-01 6.049439999999999706e+00 3.602299999999999947e-01
1.110000000000000000e+02 1.320000000000000062e-01 6.048140000000000072e+00 3.598899999999999877e-01
1.120000000000000000e+02 1.320000000000000062e-01 6.047259999999999636e+00 3.595499999999999807e-01
1.130000000000000000e+02 1.320000000000000062e-01 6.046660000000000146e+00 3.592199999999999838e-01
1.140000000000000000e+02 1.320000000000000062e-01 6.046759999999999913e+00 3.588999999999999968e-01
1.150000000000000000e+02 1.320000000000000062e-01 6.047480000000000189e+00 3.585800000000000098e-01
1.160000000000000000e+02 1.320000000000000062e-01 6.049809999999999910e+00 3.582899999999999974e-01
1.170000000000000000e+02 1.320000000000000062e-01 6.052570000000000228e+00 3.580200000000000049e-01
1.180000000000000000e+02 1.320000000000000062e-01 6.055500000000000327e+00 3.577600000000000224e-01
1.190000000000000000e+02 1.320000000000000062e-01 6.058840000000000003e+00 3.574999999999999845e-01
1.200000000000000000e+02 1.320000000000000062e-01 6.063089999999999868e+00 3.572600000000000220e-01
