1.000000000000000000e+00 1.869999999999999996e-01 4.156240000000000379e+00 1.401000000000000023e-01
2.000000000000000000e+00 1.809999999999999942e-01 4.628000000000000114e+00 2.302599999999999925e-01
3.000000000000000000e+00 1.809999999999999942e-01 4.541299999999999670e+00 2.054600000000000037e-01
4.000000000000000000e+00 1.880000000000000004e-01 4.278380000000000294e+00 1.784100000000000130e-01
5.000000000000000000e+00 1.880000000000000004e-01 4.147969999999999935e+00 1.623699999999999866e-01
6.000000000000000000e+00 1.869999999999999996e-01 4.087130000000000152e+00 1.522399999999999864e-01
7.000000000000000000e+00 1.940000000000000058e-01 4.041240000000000165e+00 1.442400000000000071e-01
8.000000000000000000e+00 1.809999999999999942e-01 3.945600000000000218e+00 1.374100000000000044e-01
9.000000000000000000e+00 1.809999999999999942e-01 3.784159999999999968e+00 1.315000000000000058e-01
1.000000000000000000e+01 1.809999999999999942e-01 3.700460000000000083e+00 1.263700000000000101e-01
1.100000000000000000e+01 1.739999999999999880e-01 3.643209999999999837e+00 1.232100000000000001e-01
1.200000000000000000e+01 1.600000000000000033e-01 3.569129999999999914e+00 1.202799999999999980e-01
1.300000000000000000e+01 1.600000000000000033e-01 3.493240000000000123e+00 1.124700000000000005e-01
1.400000000000000000e+01 1.600000000000000033e-01 3.416230000000000100e+00 1.064699999999999952e-01
1.500000000000000000e+01 1.600000000000000033e-01 3.353159999999999918e+00 1.022200000000000053e-01
1.600000000000000000e+01 1.670000000000000095e-01 3.387589999999999879e+00 1.008000000000000007e-01
1.700000000000000000e+01 1.670000000000000095e-01 3.407550000000000079e+00 9.947999999999999898e-02
1.800000000000000000e+01 1.670000000000000095e-01 3.368990000000000151e+00 9.815000000000000113e-02
1.900000000000000000e+01 1.670000000000000095e-01 3.325769999999999893e+00 9.775999999999999968e-02
2.000000000000000000e+01 1.670000000000000095e-01 3.183739999999999792e+00 9.675999999999999879e-02
2.100000000000000000e+01 1.600000000000000033e-01 3.022149999999999892e+00 9.615999999999999548e-02
2.200000000000000000e+01 1.529999999999999971e-01 2.908269999999999911e+00 9.668000000000000205e-02
2.300000000000000000e+01 1.600000000000000033e-01 2.848460000000000214e+00 9.844999999999999585e-02
2.400000000000000000e+01 1.670000000000000095e-01 2.817369999999999930e+00 1.008099999999999968e-01
2.500000000000000000e+01 1.670000000000000095e-01 2.821810000000000151e+00 1.039400000000000046e-01
2.600000000000000000e+01 1.670000000000000095e-01 2.838799999999999990e+00 1.074200000000000016e-01
2.700000000000000000e+01 1.670000000000000095e-01 2.864230000000000054e+00 1.107800000000000035e-01
2.800000000000000000e+01 1.600000000000000033e-01 2.903099999999999792e+00 1.140199999999999964e-01
2.900000000000000000e+01 1.529999999999999971e-01 2.941009999999999902e+00 1.166999999999999982e-01
3.000000000000000000e+01 1.529999999999999971e-01 2.964749999999999996e+00 1.193099999999999994e-01
3.100000000000000000e+01 1.529999999999999971e-01 2.977889999999999926e+00 1.213499999999999995e-01
3.200000000000000000e+01 1.529999999999999971e-01 2.991509999999999891e+00 1.230200000000000043e-01
3.300000000000000000e+01 1.529999999999999971e-01 2.988300000000000178e+00 1.240300000000000014e-01
3.400000000000000000e+01 1.529999999999999971e-01 2.975359999999999783e+00 1.247899999999999981e-01
3.500000000000000000e+01 1.600000000000000033e-01 2.961899999999999977e+00 1.255400000000000127e-01
3.600000000000000000e+01 1.670000000000000095e-01 2.933580000000000076e+00 1.260600000000000054e-01
3.700000000000000000e+01 1.600000000000000033e-01 2.887570000000000192e+00 1.262000000000000066e-01
3.800000000000000000e+01 1.529999999999999971e-01 2.862299999999999844e+00 1.276599999999999957e-01
3.900000000000000000e+01 1.529999999999999971e-01 2.864520000000000177e+00 1.303799999999999959e-01
4.000000000000000000e+01 1.320000000000000062e-01 3.627159999999999940e+00 8.037400000000000100e-01
4.100000000000000000e+01 1.320000000000000062e-01 3.636649999999999938e+00 8.086100000000000509e-01
4.200000000000000000e+01 1.320000000000000062e-01 3.648260000000000058e+00 8.144799999999999818e-01
4.300000000000000000e+01 1.320000000000000062e-01 3.660000000000000142e+00 8.206200000000000161e-01
4.400000000000000000e+01 1.320000000000000062e-01 3.671619999999999884e+00 8.270699999999999719e-01
4.500000000000000000e+01 1.320000000000000062e-01 3.683139999999999858e+00 8.334700000000000442e-01
4.600000000000000000e+01 1.320000000000000062e-01 3.694599999999999884e+00 8.398200000000000109e-01
4.700000000000000000e+01 1.320000000000000062e-01 3.705929999999999946e+00 8.461999999999999522e-01
4.800000000000000000e+01 1.320000000000000062e-01 3.717089999999999783e+00 8.523899999999999810e-01
4.900000000000000000e+01 1.320000000000000062e-01 3.728289999999999882e+00 8.582899999999999974e-01
5.000000000000000000e+01 1.320000000000000062e-01 3.740639999999999965e+00 8.643300000000000427e-01
5.100000000000000000e+01 1.320000000000000062e-01 3.752450000000000063e+00 8.698399999999999466e-01
5.200000000000000000e+01 1.320000000000000062e-01 3.763840000000000074e+00 8.750799999999999690e-01
5.300000000000000000e+01 1.320000000000000062e-01 3.774360000000000159e+00 8.799400000000000555e-01
5.400000000000000000e+01 1.320000000000000062e-01 3.784250000000000114e+00 8.845499999999999474e-01
5.500000000000000000e+01 1.320000000000000062e-01 3.793460000000000054e+00 8.886899999999999800e-01
5.600000000000000000e+01 1.320000000000000062e-01 3.802130000000000010e+00 8.924299999999999455e-01
5.700000000000000000e+01 1.320000000000000062e-01 3.814309999999999867e+00 8.952299999999999702e-01
5.800000000000000000e+01 1.320000000000000062e-01 3.827949999999999964e+00 8.974199999999999955e-01
5.900000000000000000e+01 1.320000000000000062e-01 3.841000000000000192e+00 8.995199999999999863e-01
6.000000000000000000e+01 1.320000000000000062e-01 3.853330000000000144e+00 9.015600000000000280e-01
6.100000000000000000e+01 1.250000000000000000e-01 3.865099999999999980e+00 9.035100000000000353e-01
6.200000000000000000e+01 1.250000000000000000e-01 3.876040000000000152e+00 9.052999999999999936e-01
6.300000000000000000e+01 1.250000000000000000e-01 3.886610000000000120e+00 9.070899999999999519e-01
6.400000000000000000e+01 1.250000000000000000e-01 3.896729999999999805e+00 9.088399999999999812e-01
6.500000000000000000e+01 1.250000000000000000e-01 3.906519999999999992e+00 9.104799999999999560e-01
6.600000000000000000e+01 1.250000000000000000e-01 3.915880000000000027e+00 9.119199999999999529e-01
6.700000000000000000e+01 1.250000000000000000e-01 3.924900000000000055e+00 9.132000000000000117e-01
6.800000000000000000e+01 1.250000000000000000e-01 3.933530000000000193e+00 9.143099999999999561e-01
6.900000000000000000e+01 1.250000000000000000e-01 3.941660000000000164e+00 9.153000000000000025e-01
7.000000000000000000e+01 1.250000000000000000e-01 3.949749999999999872e+00 9.162299999999999889e-01
7.100000000000000000e+01 1.250000000000000000e-01 3.957380000000000120e+00 9.170199999999999463e-01
7.200000000000000000e+01 1.250000000000000000e-01 3.964729999999999865e+00 9.176999999999999602e-01
7.300000000000000000e+01 1.250000000000000000e-01 3.971690000000000165e+00 9.182799999999999851e-01
7.400000000000000000e+01 1.250000000000000000e-01 3.978029999999999955e+00 9.187400000000000011e-01
7.500000000000000000e+01 1.250000000000000000e-01 3.984259999999999913e+00 9.191200000000000481e-01
7.600000000000000000e+01 1.250000000000000000e-01 3.990450000000000053e+00 9.194299999999999695e-01
7.700000000000000000e+01 1.250000000000000000e-01 3.996550000000000047e+00 9.196499999999999675e-01
7.800000000000000000e+01 1.250000000000000000e-01 4.002530000000000143e+00 9.197300000000000475e-01
7.900000000000000000e+01 1.250000000000000000e-01 4.008460000000000356e+00 9.196900000000000075e-01
8.000000000000000000e+01 1.250000000000000000e-01 4.014310000000000045e+00 9.195100000000000495e-01
8.100000000000000000e+01 1.320000000000000062e-01 4.020369999999999777e+00 9.191399999999999570e-01
8.200000000000000000e+01 1.320000000000000062e-01 4.026220000000000354e+00 9.186499999999999666e-01
8.300000000000000000e+01 1.320000000000000062e-01 4.032180000000000319e+00 9.179800000000000182e-01
8.400000000000000000e+01 1.320000000000000062e-01 4.037889999999999979e+00 9.171899999999999498e-01
8.500000000000000000e+01 1.320000000000000062e-01 4.043400000000000105e+00 9.163200000000000234e-01
8.600000000000000000e+01 1.320000000000000062e-01 4.048759999999999692e+00 9.153400000000000425e-01
8.700000000000000000e+01 1.320000000000000062e-01 4.054109999999999658e+00 9.142400000000000526e-01
8.800000000000000000e+01 1.250000000000000000e-01 4.059260000000000090e+00 9.130700000000000482e-01
8.900000000000000000e+01 1.250000000000000000e-01 4.064210000000000100e+00 9.118199999999999639e-01
9.000000000000000000e+01 1.250000000000000000e-01 4.069119999999999848e+00 9.104700000000000015e-01
9.100000000000000000e+01 1.250000000000000000e-01 4.074080000000000368e+00 9.090000000000000302e-01
9.200000000000000000e+01 1.250000000000000000e-01 4.078839999999999577e+00 9.075100000000000389e-01
9.300000000000000000e+01 1.250000000000000000e-01 4.083420000000000272e+00 9.060099999999999820e-01
9.400000000000000000e+01 1.250000000000000000e-01 4.087780000000000413e+00 9.044200000000000017e-01
9.500000000000000000e+01 1.250000000000000000e-01 4.091940000000000133e+00 9.026600000000000179e-01
9.600000000000000000e+01 1.250000000000000000e-01 4.096040000000000347e+00 9.006800000000000361e-01
9.700000000000000000e+01 1.250000000000000000e-01 4.099890000000000256e+00 8.986600000000000144e-01
9.800000000000000000e+01 1.250000000000000000e-01 4.103769999999999918e+00 8.965300000000000491e-01
9.900000000000000000e+01 1.250000000000000000e-01 4.107470000000000176e+00 8.944199999999999928e-01
1.000000000000000000e+02 1.250000000000000000e-01 4.111100000000000421e+00 8.923100000000000476e-01
1.010000000000000000e+02 1.250000000000000000e-01 4.114620000000000388e+00 8.901900000000000368e-01
1.020000000000000000e+02 1.250000000000000000e-01 4.118120000000000225e+00 8.880400000000000515e-01
1.030000000000000000e+02 1.250000000000000000e-01 4.121610000000000440e+00 8.858700000000000463e-01
1.040000000000000000e+02 1.250000000000000000e-01 4.125049999999999883e+00 8.837099999999999955e-01
1.050000000000000000e+02 1.250000000000000000e-01 4.128459999999999575e+00 8.815300000000000358e-01
1.060000000000000000e+02 1.250000000000000000e-01 4.131820000000000270e+00 8.793299999999999450e-01
1.070000000000000000e+02 1.250000000000000000e-01 4.135159999999999947e+00 8.771700000000000053e-01
1.080000000000000000e+02 1.250000000000000000e-01 4.138429999999999609e+00 8.750599999999999490e-01
1.090000000000000000e+02 1.250000000000000000e-01 4.141650000000000276e+00 8.729500000000000037e-01
1.100000000000000000e+02 1.250000000000000000e-01 4.144860000000000433e+00 8.708799999999999875e-01
1.110000000000000000e+02 1.250000000000000000e-01 4.148170000000000357e+00 8.687500000000000222e-01
1.120000000000000000e+02 1.250000000000000000e-01 4.151340000000000252e+00 8.666199999999999459e-01
1.130000000000000000e+02 1.250000000000000000e-01 4.154499999999999638e+00 8.645599999999999952e-01
1.140000000000000000e+02 1.250000000000000000e-01 4.157530000000000392e+00 8.625399999999999734e-01
1.150000000000000000e+02 1.250000000000000000e-01 4.160440000000000360e+00 8.604800000000000226e-01
1.160000000000000000e+02 1.250000000000000000e-01 4.163199999999999790e+00 8.584100000000000064e-01
1.170000000000000000e+02 1.250000000000000000e-01 4.165849999999999831e+00 8.562800000000000411e-01
1.180000000000000000e+02 1.250000000000000000e-01 4.168230000000000324e+00 8.541199999999999903e-01
1.190000000000000000e+02 1.250000000000000000e-01 4.170429999999999637e+00 8.520400000000000196e-01
1.200000000000000000e+02 1.250000000000000000e-01 4.172399999999999665e+00 8.499900000000000233e-01
