1.000000000000000000e+00 2.800000000000000058e-02 1.827800000000000091e+00 3.010999999999999788e-01
2.000000000000000000e+00 3.500000000000000333e-02 2.292920000000000069e+00 3.372399999999999842e-01
3.000000000000000000e+00 3.500000000000000333e-02 2.131930000000000103e+00 2.935599999999999876e-01
4.000000000000000000e+00 2.800000000000000058e-02 2.057399999999999896e+00 2.957400000000000029e-01
5.000000000000000000e+00 2.800000000000000058e-02 1.934430000000000094e+00 2.867500000000000049e-01
6.000000000000000000e+00 2.100000000000000130e-02 1.785600000000000076e+00 2.868200000000000194e-01
7.000000000000000000e+00 2.100000000000000130e-02 1.719039999999999901e+00 2.911400000000000099e-01
8.000000000000000000e+00 1.400000000000000029e-02 1.462639999999999940e+00 2.993100000000000205e-01
9.000000000000000000e+00 1.400000000000000029e-02 1.220639999999999947e+00 3.030900000000000261e-01
1.000000000000000000e+01 1.400000000000000029e-02 1.022429999999999950e+00 3.124600000000000155e-01
1.100000000000000000e+01 1.400000000000000029e-02 9.327400000000000135e-01 3.158500000000000196e-01
1.200000000000000000e+01 1.400000000000000029e-02 8.230499999999999483e-01 3.135499999999999954e-01
1.300000000000000000e+01 1.400000000000000029e-02 6.506600000000000161e-01 3.364800000000000013e-01
1.400000000000000000e+01 1.400000000000000029e-02 5.830300000000000482e-01 3.451400000000000023e-01
1.500000000000000000e+01 1.400000000000000029e-02 5.563500000000000112e-01 3.436699999999999755e-01
1.600000000000000000e+01 1.400000000000000029e-02 5.379800000000000137e-01 3.420000000000000262e-01
1.700000000000000000e+01 1.400000000000000029e-02 5.319199999999999484e-01 3.397899999999999809e-01
1.800000000000000000e+01 1.400000000000000029e-02 5.369199999999999529e-01 3.371100000000000207e-01
1.900000000000000000e+01 1.400000000000000029e-02 5.410500000000000309e-01 3.341100000000000181e-01
2.000000000000000000e+01 1.400000000000000029e-02 5.442299999999999915e-01 3.313099999999999934e-01
2.100000000000000000e+01 1.400000000000000029e-02 5.447300000000000475e-01 3.304199999999999915e-01
2.200000000000000000e+01 1.400000000000000029e-02 5.420099999999999918e-01 3.310500000000000109e-01
2.300000000000000000e+01 1.400000000000000029e-02 5.390000000000000346e-01 3.321299999999999808e-01
2.400000000000000000e+01 1.400000000000000029e-02 5.390599999999999836e-01 3.327499999999999902e-01
2.500000000000000000e+01 1.400000000000000029e-02 5.429399999999999782e-01 3.325799999999999867e-01
2.600000000000000000e+01 1.400000000000000029e-02 5.516299999999999537e-01 3.309400000000000119e-01
2.700000000000000000e+01 1.400000000000000029e-02 5.610600000000000032e-01 3.292900000000000271e-01
2.800000000000000000e+01 1.400000000000000029e-02 5.615200000000000191e-01 3.303699999999999970e-01
2.900000000000000000e+01 1.400000000000000029e-02 5.617299999999999516e-01 3.317999999999999838e-01
3.000000000000000000e+01 1.400000000000000029e-02 5.649399999999999977e-01 3.331500000000000017e-01
3.100000000000000000e+01 1.400000000000000029e-02 5.656999999999999806e-01 3.348200000000000065e-01
3.200000000000000000e+01 1.400000000000000029e-02 5.678699999999999859e-01 3.360099999999999754e-01
3.300000000000000000e+01 1.400000000000000029e-02 5.703700000000000436e-01 3.370400000000000063e-01
3.400000000000000000e+01 1.400000000000000029e-02 5.737299999999999622e-01 3.377399999999999847e-01
3.500000000000000000e+01 1.400000000000000029e-02 5.768299999999999539e-01 3.388100000000000001e-01
3.600000000000000000e+01 1.400000000000000029e-02 5.815299999999999914e-01 3.395099999999999785e-01
3.700000000000000000e+01 1.400000000000000029e-02 5.865200000000000413e-01 3.402700000000000169e-01
3.800000000000000000e+01 1.400000000000000029e-02 5.893300000000000205e-01 3.410400000000000098e-01
3.900000000000000000e+01 1.400000000000000029e-02 5.930299999999999461e-01 3.416399999999999992e-01
4.000000000000000000e+01 1.400000000000000029e-02 5.983600000000000030e-01 3.421000000000000152e-01
4.100000000000000000e+01 1.400000000000000029e-02 6.028599999999999515e-01 3.429800000000000071e-01
4.200000000000000000e+01 1.400000000000000029e-02 6.057000000000000162e-01 3.439499999999999780e-01
4.300000000000000000e+01 1.400000000000000029e-02 6.073100000000000165e-01 3.449200000000000044e-01
4.400000000000000000e+01 1.400000000000000029e-02 6.076099999999999834e-01 3.459800000000000098e-01
4.500000000000000000e+01 1.400000000000000029e-02 6.077299999999999924e-01 3.471199999999999841e-01
4.600000000000000000e+01 1.400000000000000029e-02 6.084800000000000209e-01 3.482399999999999940e-01
4.700000000000000000e+01 1.400000000000000029e-02 6.084100000000000064e-01 3.494099999999999984e-01
4.800000000000000000e+01 1.400000000000000029e-02 6.096799999999999997e-01 3.505099999999999882e-01
4.900000000000000000e+01 1.400000000000000029e-02 6.107000000000000206e-01 3.515300000000000091e-01
5.000000000000000000e+01 1.400000000000000029e-02 6.111900000000000110e-01 3.524800000000000155e-01
5.100000000000000000e+01 1.400000000000000029e-02 6.119400000000000395e-01 3.534399999999999764e-01
5.200000000000000000e+01 1.400000000000000029e-02 6.122900000000000009e-01 3.545499999999999763e-01
5.300000000000000000e+01 1.400000000000000029e-02 6.118799999999999795e-01 3.557600000000000207e-01
5.400000000000000000e+01 1.400000000000000029e-02 6.107200000000000406e-01 3.570200000000000040e-01
5.500000000000000000e+01 1.400000000000000029e-02 6.101900000000000102e-01 3.583100000000000174e-01
5.600000000000000000e+01 1.400000000000000029e-02 6.105599999999999916e-01 3.594300000000000272e-01
5.700000000000000000e+01 1.400000000000000029e-02 6.106300000000000061e-01 3.604899999999999771e-01
5.800000000000000000e+01 1.400000000000000029e-02 6.101799999999999446e-01 3.615499999999999825e-01
5.900000000000000000e+01 1.400000000000000029e-02 6.098200000000000287e-01 3.625999999999999779e-01
6.000000000000000000e+01 1.400000000000000029e-02 6.096099999999999852e-01 3.635700000000000043e-01
6.100000000000000000e+01 1.400000000000000029e-02 6.097799999999999887e-01 3.645800000000000152e-01
6.200000000000000000e+01 1.400000000000000029e-02 6.097799999999999887e-01 3.655900000000000261e-01
6.300000000000000000e+01 1.400000000000000029e-02 6.097500000000000142e-01 3.666699999999999959e-01
6.400000000000000000e+01 1.400000000000000029e-02 6.107299999999999951e-01 3.677699999999999858e-01
6.500000000000000000e+01 7.000000000000000146e-03 6.115199999999999525e-01 3.688500000000000112e-01
6.600000000000000000e+01 7.000000000000000146e-03 6.122199999999999864e-01 3.698600000000000221e-01
6.700000000000000000e+01 7.000000000000000146e-03 6.141100000000000447e-01 3.707699999999999885e-01
6.800000000000000000e+01 7.000000000000000146e-03 6.173899999999999944e-01 3.716499999999999804e-01
6.900000000000000000e+01 7.000000000000000146e-03 6.209900000000000420e-01 3.724700000000000233e-01
7.000000000000000000e+01 7.000000000000000146e-03 6.254199999999999759e-01 3.732099999999999862e-01
7.100000000000000000e+01 7.000000000000000146e-03 6.296599999999999975e-01 3.738600000000000256e-01
7.200000000000000000e+01 7.000000000000000146e-03 6.332600000000000451e-01 3.745100000000000096e-01
7.300000000000000000e+01 7.000000000000000146e-03 6.367699999999999472e-01 3.751099999999999990e-01
7.400000000000000000e+01 7.000000000000000146e-03 6.407399999999999762e-01 3.756700000000000039e-01
7.500000000000000000e+01 7.000000000000000146e-03 6.445499999999999563e-01 3.762300000000000089e-01
7.600000000000000000e+01 7.000000000000000146e-03 6.479500000000000259e-01 3.768099999999999783e-01
7.700000000000000000e+01 7.000000000000000146e-03 6.516699999999999715e-01 3.773500000000000187e-01
7.800000000000000000e+01 7.000000000000000146e-03 6.547500000000000542e-01 3.779199999999999782e-01
7.900000000000000000e+01 7.000000000000000146e-03 6.576300000000000479e-01 3.784699999999999731e-01
8.000000000000000000e+01 7.000000000000000146e-03 6.623200000000000198e-01 3.789000000000000146e-01
8.100000000000000000e+01 7.000000000000000146e-03 6.670000000000000373e-01 3.793500000000000205e-01
8.200000000000000000e+01 7.000000000000000146e-03 6.717100000000000293e-01 3.798199999999999910e-01
8.300000000000000000e+01 7.000000000000000146e-03 6.757100000000000328e-01 3.803599999999999759e-01
8.400000000000000000e+01 7.000000000000000146e-03 6.789399999999999880e-01 3.809500000000000108e-01
8.500000000000000000e+01 7.000000000000000146e-03 6.820199999999999596e-01 3.815000000000000058e-01
8.600000000000000000e+01 7.000000000000000146e-03 6.839199999999999724e-01 3.821300000000000252e-01
8.700000000000000000e+01 7.000000000000000146e-03 6.852899999999999547e-01 3.828199999999999936e-01
8.800000000000000000e+01 7.000000000000000146e-03 6.873200000000000420e-01 3.835200000000000276e-01
8.900000000000000000e+01 7.000000000000000146e-03 6.889800000000000368e-01 3.842800000000000105e-01
9.000000000000000000e+01 7.000000000000000146e-03 6.899999999999999467e-01 3.850600000000000134e-01
9.100000000000000000e+01 7.000000000000000146e-03 6.913700000000000401e-01 3.858599999999999808e-01
9.200000000000000000e+01 7.000000000000000146e-03 6.927799999999999514e-01 3.866600000000000037e-01
9.300000000000000000e+01 7.000000000000000146e-03 6.942199999999999482e-01 3.874500000000000166e-01
9.400000000000000000e+01 7.000000000000000146e-03 6.959699999999999775e-01 3.882099999999999995e-01
9.500000000000000000e+01 7.000000000000000146e-03 6.976900000000000324e-01 3.889400000000000079e-01
9.600000000000000000e+01 7.000000000000000146e-03 6.987499999999999822e-01 3.897200000000000109e-01
9.700000000000000000e+01 7.000000000000000146e-03 7.000100000000000211e-01 3.905000000000000138e-01
9.800000000000000000e+01 7.000000000000000146e-03 7.021199999999999664e-01 3.912399999999999767e-01
9.900000000000000000e+01 7.000000000000000146e-03 7.046499999999999986e-01 3.919199999999999906e-01
1.000000000000000000e+02 7.000000000000000146e-03 7.073199999999999488e-01 3.926100000000000145e-01
1.010000000000000000e+02 7.000000000000000146e-03 7.100899999999999990e-01 3.932999999999999829e-01
1.020000000000000000e+02 7.000000000000000146e-03 7.130800000000000471e-01 3.939799999999999969e-01
1.030000000000000000e+02 7.000000000000000146e-03 7.160600000000000298e-01 3.946500000000000008e-01
1.040000000000000000e+02 7.000000000000000146e-03 7.193800000000000194e-01 3.952600000000000002e-01
1.050000000000000000e+02 7.000000000000000146e-03 7.227299999999999836e-01 3.958599999999999897e-01
1.060000000000000000e+02 7.000000000000000146e-03 7.262699999999999712e-01 3.964199999999999946e-01
1.070000000000000000e+02 7.000000000000000146e-03 7.296599999999999753e-01 3.969799999999999995e-01
1.080000000000000000e+02 7.000000000000000146e-03 7.327200000000000379e-01 3.975500000000000145e-01
1.090000000000000000e+02 7.000000000000000146e-03 7.356099999999999861e-01 3.980799999999999894e-01
1.100000000000000000e+02 7.000000000000000146e-03 7.381100000000000438e-01 3.986199999999999743e-01
1.110000000000000000e+02 7.000000000000000146e-03 7.407200000000000450e-01 3.991399999999999948e-01
1.120000000000000000e+02 7.000000000000000146e-03 7.434300000000000352e-01 3.996399999999999952e-01
1.130000000000000000e+02 7.000000000000000146e-03 7.462999999999999634e-01 4.001000000000000112e-01
1.140000000000000000e+02 7.000000000000000146e-03 7.494499999999999496e-01 4.005199999999999871e-01
1.150000000000000000e+02 7.000000000000000146e-03 7.521999999999999797e-01 4.009699999999999931e-01
1.160000000000000000e+02 7.000000000000000146e-03 7.551400000000000334e-01 4.013700000000000045e-01
1.170000000000000000e+02 7.000000000000000146e-03 7.582799999999999541e-01 4.017299999999999760e-01
1.180000000000000000e+02 7.000000000000000146e-03 7.611299999999999732e-01 4.020900000000000030e-01
1.190000000000000000e+02 7.000000000000000146e-03 7.635699999999999710e-01 4.024800000000000044e-01
1.200000000000000000e+02 7.000000000000000146e-03 7.658800000000000052e-01 4.028999999999999804e-01
