1.000000000000000000e+00 5.600000000000000117e-02 1.682549999999999990e+00 6.108400000000000496e-01
2.000000000000000000e+00 4.900000000000000189e-02 1.526950000000000029e+00 6.317300000000000137e-01
3.000000000000000000e+00 4.900000000000000189e-02 1.299849999999999950e+00 5.637999999999999678e-01
4.000000000000000000e+00 4.200000000000000261e-02 1.166230000000000100e+00 5.533900000000000485e-01
5.000000000000000000e+00 2.800000000000000058e-02 1.247169999999999890e+00 4.873700000000000254e-01
6.000000000000000000e+00 3.500000000000000333e-02 1.461030000000000051e+00 4.287199999999999900e-01
7.000000000000000000e+00 2.800000000000000058e-02 1.586090000000000000e+00 4.183000000000000052e-01
8.000000000000000000e+00 2.100000000000000130e-02 1.673049999999999926e+00 4.180499999999999772e-01
9.000000000000000000e+00 2.100000000000000130e-02 1.726620000000000044e+00 4.201799999999999979e-01
1.000000000000000000e+01 2.100000000000000130e-02 1.749109999999999943e+00 4.272299999999999986e-01
1.100000000000000000e+01 2.100000000000000130e-02 1.723549999999999915e+00 4.355800000000000227e-01
1.200000000000000000e+01 2.100000000000000130e-02 1.705349999999999921e+00 4.413099999999999801e-01
1.300000000000000000e+01 2.100000000000000130e-02 1.701370000000000049e+00 4.486600000000000033e-01
1.400000000000000000e+01 2.800000000000000058e-02 1.719079999999999941e+00 4.578099999999999947e-01
1.500000000000000000e+01 3.500000000000000333e-02 1.741460000000000008e+00 4.678700000000000081e-01
1.600000000000000000e+01 3.500000000000000333e-02 1.798280000000000101e+00 4.782399999999999984e-01
1.700000000000000000e+01 3.500000000000000333e-02 1.869159999999999933e+00 4.891099999999999892e-01
1.800000000000000000e+01 3.500000000000000333e-02 1.950469999999999926e+00 4.982800000000000007e-01
1.900000000000000000e+01 3.500000000000000333e-02 1.993300000000000072e+00 5.049000000000000155e-01
2.000000000000000000e+01 3.500000000000000333e-02 2.041469999999999896e+00 5.111299999999999732e-01
2.100000000000000000e+01 3.500000000000000333e-02 2.103720000000000034e+00 5.174600000000000311e-01
2.200000000000000000e+01 3.500000000000000333e-02 2.166589999999999794e+00 5.231900000000000439e-01
2.300000000000000000e+01 3.500000000000000333e-02 2.228460000000000107e+00 5.288899999999999713e-01
2.400000000000000000e+01 3.500000000000000333e-02 2.282430000000000181e+00 5.342900000000000427e-01
2.500000000000000000e+01 3.500000000000000333e-02 2.339850000000000207e+00 5.395499999999999741e-01
2.600000000000000000e+01 3.500000000000000333e-02 2.398550000000000182e+00 5.451599999999999779e-01
2.700000000000000000e+01 3.500000000000000333e-02 2.448560000000000070e+00 5.505600000000000493e-01
2.800000000000000000e+01 2.800000000000000058e-02 2.499940000000000051e+00 5.554700000000000193e-01
2.900000000000000000e+01 2.800000000000000058e-02 2.535559999999999814e+00 5.585799999999999654e-01
3.000000000000000000e+01 2.800000000000000058e-02 2.563569999999999904e+00 5.608699999999999797e-01
3.100000000000000000e+01 2.800000000000000058e-02 2.586120000000000196e+00 5.631699999999999484e-01
3.200000000000000000e+01 2.800000000000000058e-02 2.601550000000000029e+00 5.648600000000000287e-01
3.300000000000000000e+01 2.800000000000000058e-02 2.617579999999999796e+00 5.668299999999999450e-01
3.400000000000000000e+01 2.800000000000000058e-02 2.629440000000000222e+00 5.685200000000000253e-01
3.500000000000000000e+01 2.800000000000000058e-02 2.635429999999999939e+00 5.699100000000000277e-01
3.600000000000000000e+01 3.500000000000000333e-02 2.632620000000000182e+00 5.718100000000000405e-01
3.700000000000000000e+01 3.500000000000000333e-02 2.624550000000000161e+00 5.744000000000000217e-01
3.800000000000000000e+01 3.500000000000000333e-02 2.635339999999999794e+00 5.763000000000000345e-01
3.900000000000000000e+01 2.800000000000000058e-02 2.651050000000000129e+00 5.775000000000000133e-01
4.000000000000000000e+01 2.800000000000000058e-02 2.670830000000000037e+00 5.784299999999999997e-01
4.100000000000000000e+01 2.100000000000000130e-02 2.689999999999999947e+00 5.796099999999999586e-01
4.200000000000000000e+01 2.100000000000000130e-02 2.699199999999999822e+00 5.807600000000000540e-01
4.300000000000000000e+01 2.100000000000000130e-02 2.710799999999999876e+00 5.819800000000000528e-01
4.400000000000000000e+01 2.100000000000000130e-02 2.705709999999999837e+00 5.837099999999999511e-01
4.500000000000000000e+01 2.100000000000000130e-02 2.697589999999999932e+00 5.852899999999999769e-01
4.600000000000000000e+01 2.800000000000000058e-02 2.668140000000000178e+00 5.869499999999999718e-01
4.700000000000000000e+01 2.800000000000000058e-02 2.648579999999999934e+00 5.886400000000000521e-01
4.800000000000000000e+01 2.800000000000000058e-02 2.611019999999999897e+00 5.904800000000000049e-01
4.900000000000000000e+01 2.800000000000000058e-02 2.496449999999999836e+00 5.938999999999999835e-01
5.000000000000000000e+01 2.800000000000000058e-02 2.380430000000000046e+00 5.976900000000000546e-01
5.100000000000000000e+01 2.800000000000000058e-02 2.312019999999999964e+00 6.005899999999999572e-01
5.200000000000000000e+01 2.800000000000000058e-02 2.279999999999999805e+00 6.023699999999999610e-01
5.300000000000000000e+01 2.800000000000000058e-02 2.267009999999999970e+00 6.035000000000000364e-01
5.400000000000000000e+01 2.800000000000000058e-02 2.256089999999999929e+00 6.044500000000000428e-01
5.500000000000000000e+01 2.800000000000000058e-02 2.244559999999999889e+00 6.053500000000000547e-01
5.600000000000000000e+01 2.800000000000000058e-02 2.231069999999999887e+00 6.062300000000000466e-01
5.700000000000000000e+01 2.800000000000000058e-02 2.218550000000000022e+00 6.071199999999999930e-01
5.800000000000000000e+01 2.800000000000000058e-02 2.175629999999999953e+00 6.087200000000000388e-01
5.900000000000000000e+01 2.800000000000000058e-02 2.149659999999999904e+00 6.098799999999999777e-01
6.000000000000000000e+01 2.800000000000000058e-02 2.137100000000000222e+00 6.106300000000000061e-01
6.100000000000000000e+01 2.800000000000000058e-02 2.127629999999999910e+00 6.116099999999999870e-01
6.200000000000000000e+01 2.800000000000000058e-02 2.126389999999999780e+00 6.122800000000000464e-01
6.300000000000000000e+01 2.800000000000000058e-02 2.130409999999999915e+00 6.126800000000000024e-01
6.400000000000000000e+01 2.800000000000000058e-02 2.134419999999999984e+00 6.130799999999999583e-01
6.500000000000000000e+01 2.800000000000000058e-02 2.138100000000000112e+00 6.134500000000000508e-01
6.600000000000000000e+01 2.800000000000000058e-02 2.126570000000000071e+00 6.143899999999999917e-01
6.700000000000000000e+01 2.800000000000000058e-02 2.111470000000000180e+00 6.154500000000000526e-01
6.800000000000000000e+01 2.800000000000000058e-02 2.093830000000000080e+00 6.166300000000000114e-01
6.900000000000000000e+01 2.800000000000000058e-02 2.084950000000000081e+00 6.173699999999999743e-01
7.000000000000000000e+01 2.800000000000000058e-02 2.081960000000000033e+00 6.177599999999999758e-01
7.100000000000000000e+01 2.800000000000000058e-02 2.067979999999999929e+00 6.185500000000000442e-01
7.200000000000000000e+01 2.800000000000000058e-02 2.053620000000000001e+00 6.191799999999999526e-01
7.300000000000000000e+01 2.800000000000000058e-02 2.042400000000000215e+00 6.197300000000000031e-01
7.400000000000000000e+01 2.800000000000000058e-02 2.030660000000000132e+00 6.203800000000000425e-01
7.500000000000000000e+01 2.800000000000000058e-02 2.017310000000000159e+00 6.212400000000000144e-01
7.600000000000000000e+01 2.800000000000000058e-02 2.006019999999999914e+00 6.220700000000000118e-01
7.700000000000000000e+01 2.800000000000000058e-02 1.996820000000000039e+00 6.227700000000000458e-01
7.800000000000000000e+01 2.800000000000000058e-02 1.991079999999999961e+00 6.233199999999999852e-01
7.900000000000000000e+01 2.800000000000000058e-02 1.989190000000000014e+00 6.236699999999999466e-01
8.000000000000000000e+01 2.800000000000000058e-02 1.983680000000000110e+00 6.242199999999999971e-01
8.100000000000000000e+01 2.800000000000000058e-02 1.980199999999999960e+00 6.246599999999999930e-01
8.200000000000000000e+01 2.800000000000000058e-02 1.977540000000000076e+00 6.250000000000000000e-01
8.300000000000000000e+01 2.800000000000000058e-02 1.971589999999999954e+00 6.254800000000000360e-01
8.400000000000000000e+01 2.800000000000000058e-02 1.963589999999999947e+00 6.260499999999999954e-01
8.500000000000000000e+01 2.800000000000000058e-02 1.952509999999999968e+00 6.268399999999999528e-01
8.600000000000000000e+01 2.800000000000000058e-02 1.943899999999999961e+00 6.275300000000000322e-01
8.700000000000000000e+01 2.800000000000000058e-02 1.936590000000000034e+00 6.282699999999999951e-01
8.800000000000000000e+01 2.800000000000000058e-02 1.931629999999999958e+00 6.288500000000000201e-01
8.900000000000000000e+01 2.800000000000000058e-02 1.929159999999999986e+00 6.293299999999999450e-01
9.000000000000000000e+01 2.800000000000000058e-02 1.928230000000000111e+00 6.297700000000000520e-01
9.100000000000000000e+01 2.800000000000000058e-02 1.928560000000000052e+00 6.301600000000000534e-01
9.200000000000000000e+01 2.800000000000000058e-02 1.929179999999999895e+00 6.305100000000000149e-01
9.300000000000000000e+01 2.800000000000000058e-02 1.928889999999999993e+00 6.309399999999999453e-01
9.400000000000000000e+01 2.800000000000000058e-02 1.929000000000000048e+00 6.313400000000000123e-01
9.500000000000000000e+01 2.800000000000000058e-02 1.930439999999999934e+00 6.317000000000000393e-01
9.600000000000000000e+01 2.800000000000000058e-02 1.932039999999999980e+00 6.320900000000000407e-01
9.700000000000000000e+01 2.800000000000000058e-02 1.932700000000000085e+00 6.324899999999999967e-01
9.800000000000000000e+01 2.800000000000000058e-02 1.932609999999999939e+00 6.329299999999999926e-01
9.900000000000000000e+01 2.800000000000000058e-02 1.932609999999999939e+00 6.334300000000000486e-01
1.000000000000000000e+02 2.800000000000000058e-02 1.933869999999999978e+00 6.339000000000000190e-01
1.010000000000000000e+02 2.800000000000000058e-02 1.936139999999999972e+00 6.343100000000000405e-01
1.020000000000000000e+02 2.800000000000000058e-02 1.938919999999999977e+00 6.346600000000000019e-01
1.030000000000000000e+02 2.800000000000000058e-02 1.940390000000000059e+00 6.351099999999999524e-01
1.040000000000000000e+02 2.800000000000000058e-02 1.942390000000000061e+00 6.355199999999999738e-01
1.050000000000000000e+02 2.800000000000000058e-02 1.945619999999999905e+00 6.357699999999999463e-01
1.060000000000000000e+02 2.800000000000000058e-02 1.949230000000000018e+00 6.360299999999999843e-01
1.070000000000000000e+02 2.800000000000000058e-02 1.951950000000000074e+00 6.363400000000000167e-01
1.080000000000000000e+02 2.800000000000000058e-02 1.955480000000000107e+00 6.366399999999999837e-01
1.090000000000000000e+02 2.800000000000000058e-02 1.959589999999999943e+00 6.369500000000000162e-01
1.100000000000000000e+02 2.800000000000000058e-02 1.962380000000000013e+00 6.373699999999999921e-01
1.110000000000000000e+02 2.800000000000000058e-02 1.962849999999999984e+00 6.379599999999999715e-01
1.120000000000000000e+02 2.800000000000000058e-02 1.964239999999999986e+00 6.384699999999999820e-01
1.130000000000000000e+02 2.800000000000000058e-02 1.965719999999999912e+00 6.389899999999999469e-01
1.140000000000000000e+02 2.800000000000000058e-02 1.967780000000000085e+00 6.394800000000000484e-01
1.150000000000000000e+02 2.800000000000000058e-02 1.971049999999999969e+00 6.399299999999999988e-01
1.160000000000000000e+02 2.100000000000000130e-02 1.975610000000000088e+00 6.402900000000000258e-01
1.170000000000000000e+02 2.100000000000000130e-02 1.981239999999999890e+00 6.405699999999999728e-01
1.180000000000000000e+02 2.100000000000000130e-02 1.986879999999999979e+00 6.408500000000000307e-01
1.190000000000000000e+02 2.100000000000000130e-02 1.992019999999999902e+00 6.411799999999999722e-01
1.200000000000000000e+02 2.100000000000000130e-02 1.996150000000000091e+00 6.415800000000000392e-01
