1.000000000000000000e+00 1.529999999999999971e-01 5.996330000000000382e+00 5.991999999999999549e-01
2.000000000000000000e+00 1.390000000000000124e-01 4.325269999999999726e+00 1.621900000000000008e-01
3.000000000000000000e+00 1.529999999999999971e-01 4.048029999999999795e+00 1.485100000000000031e-01
4.000000000000000000e+00 1.670000000000000095e-01 4.479490000000000194e+00 1.555600000000000038e-01
5.000000000000000000e+00 1.739999999999999880e-01 4.570929999999999715e+00 1.568400000000000072e-01
6.000000000000000000e+00 1.809999999999999942e-01 4.660409999999999719e+00 1.579899999999999916e-01
7.000000000000000000e+00 1.739999999999999880e-01 4.841700000000000337e+00 1.589599999999999902e-01
8.000000000000000000e+00 1.739999999999999880e-01 4.950450000000000017e+00 1.555499999999999938e-01
9.000000000000000000e+00 1.739999999999999880e-01 4.922670000000000101e+00 1.473200000000000065e-01
1.000000000000000000e+01 1.869999999999999996e-01 4.843810000000000393e+00 1.366300000000000014e-01
1.100000000000000000e+01 1.809999999999999942e-01 4.735529999999999795e+00 1.295399999999999885e-01
1.200000000000000000e+01 1.809999999999999942e-01 4.764380000000000059e+00 1.269699999999999995e-01
1.300000000000000000e+01 1.809999999999999942e-01 4.868640000000000079e+00 1.264099999999999946e-01
1.400000000000000000e+01 1.739999999999999880e-01 4.946180000000000021e+00 1.260900000000000076e-01
1.500000000000000000e+01 1.809999999999999942e-01 5.013150000000000439e+00 1.249099999999999933e-01
1.600000000000000000e+01 1.809999999999999942e-01 5.054170000000000051e+00 1.233599999999999974e-01
1.700000000000000000e+01 1.809999999999999942e-01 5.057349999999999568e+00 1.196600000000000025e-01
1.800000000000000000e+01 1.880000000000000004e-01 5.009920000000000151e+00 1.141199999999999992e-01
1.900000000000000000e+01 1.880000000000000004e-01 5.005519999999999747e+00 1.080499999999999933e-01
2.000000000000000000e+01 1.880000000000000004e-01 5.039320000000000022e+00 1.027300000000000019e-01
2.100000000000000000e+01 1.880000000000000004e-01 5.102170000000000094e+00 9.819999999999999563e-02
2.200000000000000000e+01 1.880000000000000004e-01 5.169719999999999871e+00 9.440999999999999392e-02
2.300000000000000000e+01 1.880000000000000004e-01 5.251389999999999780e+00 9.120999999999999941e-02
2.400000000000000000e+01 1.880000000000000004e-01 5.361869999999999692e+00 8.896999999999999353e-02
2.500000000000000000e+01 1.880000000000000004e-01 5.505880000000000329e+00 8.737999999999999934e-02
2.600000000000000000e+01 1.880000000000000004e-01 5.672539999999999694e+00 8.598000000000000087e-02
2.700000000000000000e+01 1.880000000000000004e-01 5.820429999999999993e+00 8.502999999999999448e-02
2.800000000000000000e+01 1.880000000000000004e-01 5.984989999999999810e+00 8.434999999999999443e-02
2.900000000000000000e+01 1.880000000000000004e-01 6.153190000000000381e+00 8.368000000000000438e-02
3.000000000000000000e+01 1.880000000000000004e-01 6.331150000000000055e+00 8.308999999999999719e-02
3.100000000000000000e+01 1.739999999999999880e-01 6.499130000000000074e+00 8.261000000000000287e-02
3.200000000000000000e+01 1.809999999999999942e-01 6.653389999999999915e+00 8.219999999999999529e-02
3.300000000000000000e+01 1.809999999999999942e-01 6.801549999999999763e+00 8.219999999999999529e-02
3.400000000000000000e+01 1.809999999999999942e-01 6.967530000000000001e+00 8.250000000000000389e-02
3.500000000000000000e+01 1.809999999999999942e-01 7.120400000000000063e+00 8.278000000000000635e-02
3.600000000000000000e+01 1.809999999999999942e-01 7.263810000000000322e+00 8.283999999999999697e-02
3.700000000000000000e+01 1.809999999999999942e-01 7.396270000000000344e+00 8.268999999999999961e-02
3.800000000000000000e+01 1.809999999999999942e-01 7.513810000000000322e+00 8.240999999999999714e-02
3.900000000000000000e+01 1.809999999999999942e-01 7.619229999999999947e+00 8.212999999999999468e-02
4.000000000000000000e+01 1.809999999999999942e-01 7.716649999999999565e+00 8.200999999999999956e-02
4.100000000000000000e+01 1.809999999999999942e-01 7.794990000000000308e+00 8.179999999999999771e-02
4.200000000000000000e+01 1.809999999999999942e-01 7.861469999999999736e+00 8.157000000000000361e-02
4.300000000000000000e+01 1.739999999999999880e-01 3.039579999999999949e+00 4.097000000000000086e-01
4.400000000000000000e+01 1.739999999999999880e-01 3.037009999999999987e+00 4.092399999999999927e-01
4.500000000000000000e+01 1.739999999999999880e-01 3.034749999999999837e+00 4.087500000000000022e-01
4.600000000000000000e+01 1.739999999999999880e-01 3.032869999999999955e+00 4.083399999999999808e-01
4.700000000000000000e+01 1.739999999999999880e-01 3.031140000000000168e+00 4.079800000000000093e-01
4.800000000000000000e+01 1.739999999999999880e-01 3.029500000000000082e+00 4.076299999999999923e-01
4.900000000000000000e+01 1.739999999999999880e-01 3.027989999999999959e+00 4.073399999999999799e-01
5.000000000000000000e+01 1.739999999999999880e-01 3.026510000000000034e+00 4.071600000000000219e-01
5.100000000000000000e+01 1.739999999999999880e-01 3.024979999999999780e+00 4.069999999999999729e-01
5.200000000000000000e+01 1.739999999999999880e-01 3.023390000000000022e+00 4.068700000000000094e-01
5.300000000000000000e+01 1.739999999999999880e-01 3.022219999999999906e+00 4.067899999999999849e-01
5.400000000000000000e+01 1.739999999999999880e-01 3.022279999999999855e+00 4.068700000000000094e-01
5.500000000000000000e+01 1.670000000000000095e-01 3.022440000000000015e+00 4.070099999999999829e-01
5.600000000000000000e+01 1.670000000000000095e-01 3.022499999999999964e+00 4.072000000000000064e-01
5.700000000000000000e+01 1.670000000000000095e-01 3.022530000000000161e+00 4.073599999999999999e-01
5.800000000000000000e+01 1.670000000000000095e-01 3.022639999999999993e+00 4.075400000000000134e-01
5.900000000000000000e+01 1.670000000000000095e-01 3.022889999999999855e+00 4.077100000000000168e-01
6.000000000000000000e+01 1.670000000000000095e-01 3.023379999999999956e+00 4.079599999999999893e-01
6.100000000000000000e+01 1.670000000000000095e-01 3.023859999999999992e+00 4.082500000000000018e-01
6.200000000000000000e+01 1.670000000000000095e-01 3.024160000000000181e+00 4.085099999999999842e-01
6.300000000000000000e+01 1.739999999999999880e-01 3.024659999999999904e+00 4.087600000000000122e-01
6.400000000000000000e+01 1.739999999999999880e-01 3.025020000000000042e+00 4.089900000000000202e-01
6.500000000000000000e+01 1.739999999999999880e-01 3.025490000000000013e+00 4.092500000000000027e-01
6.600000000000000000e+01 1.739999999999999880e-01 3.026050000000000129e+00 4.095099999999999851e-01
6.700000000000000000e+01 1.739999999999999880e-01 3.026670000000000194e+00 4.097799999999999776e-01
6.800000000000000000e+01 1.739999999999999880e-01 3.027169999999999916e+00 4.100300000000000056e-01
6.900000000000000000e+01 1.739999999999999880e-01 3.027590000000000003e+00 4.102600000000000136e-01
7.000000000000000000e+01 1.739999999999999880e-01 3.027969999999999828e+00 4.104499999999999815e-01
7.100000000000000000e+01 1.739999999999999880e-01 3.028439999999999799e+00 4.106099999999999750e-01
7.200000000000000000e+01 1.739999999999999880e-01 3.028950000000000031e+00 4.107799999999999785e-01
7.300000000000000000e+01 1.739999999999999880e-01 3.029570000000000096e+00 4.109499999999999820e-01
7.400000000000000000e+01 1.739999999999999880e-01 3.030250000000000110e+00 4.111299999999999955e-01
7.500000000000000000e+01 1.739999999999999880e-01 3.031010000000000204e+00 4.113200000000000189e-01
7.600000000000000000e+01 1.739999999999999880e-01 3.031839999999999868e+00 4.115300000000000069e-01
7.700000000000000000e+01 1.739999999999999880e-01 3.032840000000000202e+00 4.117299999999999849e-01
7.800000000000000000e+01 1.739999999999999880e-01 3.033980000000000121e+00 4.119800000000000129e-01
7.900000000000000000e+01 1.739999999999999880e-01 3.035120000000000040e+00 4.122199999999999753e-01
8.000000000000000000e+01 1.739999999999999880e-01 3.036239999999999828e+00 4.124200000000000088e-01
8.100000000000000000e+01 1.739999999999999880e-01 3.037479999999999958e+00 4.126299999999999968e-01
8.200000000000000000e+01 1.739999999999999880e-01 3.038749999999999840e+00 4.128299999999999748e-01
8.300000000000000000e+01 1.739999999999999880e-01 3.040309999999999846e+00 4.130300000000000082e-01
8.400000000000000000e+01 1.739999999999999880e-01 3.042079999999999895e+00 4.132199999999999762e-01
8.500000000000000000e+01 1.739999999999999880e-01 3.043960000000000221e+00 4.134300000000000197e-01
8.600000000000000000e+01 1.739999999999999880e-01 3.045790000000000219e+00 4.136500000000000177e-01
8.700000000000000000e+01 1.739999999999999880e-01 3.047629999999999839e+00 4.138499999999999956e-01
8.800000000000000000e+01 1.739999999999999880e-01 3.049510000000000165e+00 4.140599999999999836e-01
8.900000000000000000e+01 1.739999999999999880e-01 3.051320000000000032e+00 4.142600000000000171e-01
9.000000000000000000e+01 1.739999999999999880e-01 3.053199999999999914e+00 4.144800000000000151e-01
9.100000000000000000e+01 1.739999999999999880e-01 3.054969999999999963e+00 4.147100000000000231e-01
9.200000000000000000e+01 1.739999999999999880e-01 3.056529999999999969e+00 4.149300000000000210e-01
9.300000000000000000e+01 1.739999999999999880e-01 3.058190000000000186e+00 4.151599999999999735e-01
9.400000000000000000e+01 1.739999999999999880e-01 3.059800000000000075e+00 4.153999999999999915e-01
9.500000000000000000e+01 1.739999999999999880e-01 3.061319999999999819e+00 4.156299999999999994e-01
9.600000000000000000e+01 1.739999999999999880e-01 3.062720000000000109e+00 4.158700000000000174e-01
9.700000000000000000e+01 1.739999999999999880e-01 3.064150000000000151e+00 4.161000000000000254e-01
9.800000000000000000e+01 1.739999999999999880e-01 3.065589999999999815e+00 4.163100000000000134e-01
9.900000000000000000e+01 1.739999999999999880e-01 3.067029999999999923e+00 4.165200000000000014e-01
1.000000000000000000e+02 1.739999999999999880e-01 3.068420000000000147e+00 4.167500000000000093e-01
1.010000000000000000e+02 1.739999999999999880e-01 3.069809999999999928e+00 4.169599999999999973e-01
1.020000000000000000e+02 1.739999999999999880e-01 3.071149999999999824e+00 4.171799999999999953e-01
1.030000000000000000e+02 1.739999999999999880e-01 3.072389999999999954e+00 4.173899999999999832e-01
1.040000000000000000e+02 1.739999999999999880e-01 3.073609999999999953e+00 4.176000000000000267e-01
1.050000000000000000e+02 1.739999999999999880e-01 3.074809999999999821e+00 4.178100000000000147e-01
1.060000000000000000e+02 1.739999999999999880e-01 3.076119999999999965e+00 4.180300000000000127e-01
1.070000000000000000e+02 1.739999999999999880e-01 3.077479999999999993e+00 4.182500000000000107e-01
1.080000000000000000e+02 1.739999999999999880e-01 3.078819999999999890e+00 4.184800000000000186e-01
1.090000000000000000e+02 1.739999999999999880e-01 3.080130000000000035e+00 4.186900000000000066e-01
1.100000000000000000e+02 1.739999999999999880e-01 3.081409999999999982e+00 4.189300000000000246e-01
1.110000000000000000e+02 1.739999999999999880e-01 3.082650000000000112e+00 4.191699999999999871e-01
1.120000000000000000e+02 1.739999999999999880e-01 3.083800000000000097e+00 4.194200000000000150e-01
1.130000000000000000e+02 1.739999999999999880e-01 3.084970000000000212e+00 4.196799999999999975e-01
1.140000000000000000e+02 1.739999999999999880e-01 3.086129999999999818e+00 4.199200000000000155e-01
1.150000000000000000e+02 1.739999999999999880e-01 3.087299999999999933e+00 4.201799999999999979e-01
1.160000000000000000e+02 1.739999999999999880e-01 3.088480000000000114e+00 4.204499999999999904e-01
1.170000000000000000e+02 1.739999999999999880e-01 3.089620000000000033e+00 4.207299999999999929e-01
1.180000000000000000e+02 1.739999999999999880e-01 3.090759999999999952e+00 4.210200000000000053e-01
1.190000000000000000e+02 1.739999999999999880e-01 3.091779999999999973e+00 4.213100000000000178e-01
1.200000000000000000e+02 1.739999999999999880e-01 3.092769999999999797e+00 4.215599999999999903e-01
