1.000000000000000000e+00 1.869999999999999996e-01 7.332539999999999836e+00 7.554499999999999549e-01
2.000000000000000000e+00 -1.000000000000000000e+00 -1.000000000000000000e+00 0.000000000000000000e+00
3.000000000000000000e+00 -1.000000000000000000e+00 -1.000000000000000000e+00 0.000000000000000000e+00
4.000000000000000000e+00 -1.000000000000000000e+00 -1.000000000000000000e+00 0.000000000000000000e+00
5.000000000000000000e+00 -1.000000000000000000e+00 -1.000000000000000000e+00 0.000000000000000000e+00
6.000000000000000000e+00 -1.000000000000000000e+00 -1.000000000000000000e+00 0.000000000000000000e+00
7.000000000000000000e+00 -1.000000000000000000e+00 -1.000000000000000000e+00 0.000000000000000000e+00
8.000000000000000000e+00 -1.000000000000000000e+00 -1.000000000000000000e+00 0.000000000000000000e+00
9.000000000000000000e+00 -1.000000000000000000e+00 -1.000000000000000000e+00 0.000000000000000000e+00
1.000000000000000000e+01 -1.000000000000000000e+00 -1.000000000000000000e+00 0.000000000000000000e+00
1.100000000000000000e+01 -1.000000000000000000e+00 -1.000000000000000000e+00 0.000000000000000000e+00
1.200000000000000000e+01 -1.000000000000000000e+00 -1.000000000000000000e+00 0.000000000000000000e+00
1.300000000000000000e+01 -1.000000000000000000e+00 -1.000000000000000000e+00 0.000000000000000000e+00
1.400000000000000000e+01 -1.000000000000000000e+00 -1.000000000000000000e+00 0.000000000000000000e+00
1.500000000000000000e+01 -1.000000000000000000e+00 -1.000000000000000000e+00 0.000000000000000000e+00
1.600000000000000000e+01 -1.000000000000000000e+00 -1.000000000000000000e+00 0.000000000000000000e+00
1.700000000000000000e+01 -1.000000000000000000e+00 -1.000000000000000000e+00 0.000000000000000000e+00
1.800000000000000000e+01 -1.000000000000000000e+00 -1.000000000000000000e+00 0.000000000000000000e+00
1.900000000000000000e+01 -1.000000000000000000e+00 -1.000000000000000000e+00 0.000000000000000000e+00
2.000000000000000000e+01 -1.000000000000000000e+00 -1.000000000000000000e+00 0.000000000000000000e+00
2.100000000000000000e+01 -1.000000000000000000e+00 -1.000000000000000000e+00 0.000000000000000000e+00
2.200000000000000000e+01 -1.000000000000000000e+00 -1.000000000000000000e+00 0.000000000000000000e+00
2.300000000000000000e+01 -1.000000000000000000e+00 -1.000000000000000000e+00 0.000000000000000000e+00
2.400000000000000000e+01 -1.000000000000000000e+00 -1.000000000000000000e+00 0.000000000000000000e+00
2.500000000000000000e+01 -1.000000000000000000e+00 -1.000000000000000000e+00 0.000000000000000000e+00
2.600000000000000000e+01 -1.000000000000000000e+00 -1.000000000000000000e+00 0.000000000000000000e+00
2.700000000000000000e+01 -1.000000000000000000e+00 -1.000000000000000000e+00 0.000000000000000000e+00
2.800000000000000000e+01 1.529999999999999971e-01 6.989300000000000512e-01 1.850199999999999900e-01
2.900000000000000000e+01 1.529999999999999971e-01 7.015900000000000469e-01 2.369799999999999962e-01
3.000000000000000000e+01 1.529999999999999971e-01 7.082000000000000517e-01 2.605999999999999983e-01
3.100000000000000000e+01 1.529999999999999971e-01 7.073000000000000398e-01 2.722600000000000020e-01
3.200000000000000000e+01 1.529999999999999971e-01 6.933799999999999963e-01 2.760099999999999776e-01
3.300000000000000000e+01 1.529999999999999971e-01 6.852599999999999802e-01 2.771899999999999920e-01
3.400000000000000000e+01 1.529999999999999971e-01 6.794900000000000384e-01 2.754800000000000026e-01
3.500000000000000000e+01 1.529999999999999971e-01 6.659300000000000219e-01 2.767000000000000015e-01
3.600000000000000000e+01 1.529999999999999971e-01 6.538800000000000168e-01 2.795000000000000262e-01
3.700000000000000000e+01 1.529999999999999971e-01 6.321200000000000152e-01 2.774699999999999944e-01
3.800000000000000000e+01 1.529999999999999971e-01 6.052400000000000002e-01 2.780699999999999839e-01
3.900000000000000000e+01 1.529999999999999971e-01 5.823000000000000398e-01 2.826899999999999968e-01
4.000000000000000000e+01 1.529999999999999971e-01 5.589300000000000379e-01 2.900800000000000045e-01
4.100000000000000000e+01 1.529999999999999971e-01 5.369699999999999473e-01 2.982099999999999751e-01
4.200000000000000000e+01 1.529999999999999971e-01 5.149299999999999988e-01 3.042599999999999749e-01
4.300000000000000000e+01 1.529999999999999971e-01 4.882500000000000173e-01 3.141800000000000148e-01
4.400000000000000000e+01 1.529999999999999971e-01 4.632899999999999796e-01 3.242300000000000182e-01
4.500000000000000000e+01 1.529999999999999971e-01 4.419299999999999895e-01 3.332399999999999807e-01
4.600000000000000000e+01 1.529999999999999971e-01 4.235400000000000276e-01 3.383599999999999941e-01
4.700000000000000000e+01 1.529999999999999971e-01 4.080500000000000238e-01 3.429900000000000171e-01
4.800000000000000000e+01 1.529999999999999971e-01 3.935699999999999754e-01 3.465599999999999792e-01
4.900000000000000000e+01 1.529999999999999971e-01 3.828099999999999836e-01 3.498100000000000098e-01
5.000000000000000000e+01 1.529999999999999971e-01 3.751099999999999990e-01 3.542000000000000148e-01
5.100000000000000000e+01 1.529999999999999971e-01 3.700999999999999845e-01 3.593399999999999928e-01
5.200000000000000000e+01 1.529999999999999971e-01 3.651200000000000001e-01 3.624899999999999789e-01
5.300000000000000000e+01 1.529999999999999971e-01 3.587000000000000188e-01 3.646300000000000097e-01
5.400000000000000000e+01 1.529999999999999971e-01 3.511900000000000022e-01 3.683699999999999752e-01
5.500000000000000000e+01 1.529999999999999971e-01 3.446699999999999764e-01 3.721700000000000008e-01
5.600000000000000000e+01 1.529999999999999971e-01 3.397499999999999964e-01 3.751700000000000035e-01
5.700000000000000000e+01 1.529999999999999971e-01 3.355699999999999794e-01 3.781599999999999961e-01
5.800000000000000000e+01 1.529999999999999971e-01 3.307200000000000140e-01 3.814000000000000168e-01
5.900000000000000000e+01 1.529999999999999971e-01 3.254400000000000071e-01 3.845000000000000084e-01
6.000000000000000000e+01 1.529999999999999971e-01 3.206399999999999806e-01 3.876399999999999846e-01
6.100000000000000000e+01 1.529999999999999971e-01 3.152300000000000102e-01 3.897200000000000109e-01
6.200000000000000000e+01 1.529999999999999971e-01 3.110800000000000232e-01 3.906999999999999917e-01
6.300000000000000000e+01 1.529999999999999971e-01 3.068400000000000016e-01 3.910899999999999932e-01
6.400000000000000000e+01 1.529999999999999971e-01 3.033699999999999730e-01 3.908099999999999907e-01
6.500000000000000000e+01 1.529999999999999971e-01 2.998799999999999799e-01 3.895199999999999774e-01
6.600000000000000000e+01 1.529999999999999971e-01 2.958600000000000119e-01 3.848199999999999954e-01
6.700000000000000000e+01 1.529999999999999971e-01 2.917699999999999738e-01 3.802200000000000024e-01
6.800000000000000000e+01 1.529999999999999971e-01 2.879399999999999737e-01 3.749500000000000055e-01
6.900000000000000000e+01 1.529999999999999971e-01 2.844599999999999906e-01 3.690300000000000247e-01
7.000000000000000000e+01 1.529999999999999971e-01 2.820699999999999874e-01 3.643000000000000127e-01
7.100000000000000000e+01 1.529999999999999971e-01 2.801699999999999746e-01 3.599600000000000022e-01
7.200000000000000000e+01 1.529999999999999971e-01 2.762399999999999856e-01 3.567299999999999915e-01
7.300000000000000000e+01 1.529999999999999971e-01 2.718700000000000006e-01 3.532199999999999784e-01
7.400000000000000000e+01 1.529999999999999971e-01 2.675100000000000255e-01 3.495500000000000274e-01
7.500000000000000000e+01 1.529999999999999971e-01 2.629400000000000071e-01 3.429200000000000026e-01
7.600000000000000000e+01 1.529999999999999971e-01 2.585600000000000120e-01 3.381000000000000116e-01
7.700000000000000000e+01 1.529999999999999971e-01 2.545399999999999885e-01 3.328999999999999737e-01
7.800000000000000000e+01 1.529999999999999971e-01 2.508299999999999974e-01 3.270100000000000229e-01
7.900000000000000000e+01 1.529999999999999971e-01 2.474399999999999933e-01 3.202300000000000146e-01
8.000000000000000000e+01 1.529999999999999971e-01 2.448099999999999998e-01 3.094299999999999828e-01
8.100000000000000000e+01 1.529999999999999971e-01 2.430799999999999905e-01 3.002199999999999869e-01
8.200000000000000000e+01 1.529999999999999971e-01 2.416000000000000092e-01 2.902699999999999725e-01
8.300000000000000000e+01 1.529999999999999971e-01 2.404900000000000093e-01 2.776699999999999724e-01
8.400000000000000000e+01 1.529999999999999971e-01 2.399000000000000021e-01 2.612599999999999922e-01
8.500000000000000000e+01 1.529999999999999971e-01 2.400799999999999879e-01 2.439099999999999879e-01
8.600000000000000000e+01 1.529999999999999971e-01 2.405500000000000138e-01 2.287899999999999934e-01
8.700000000000000000e+01 1.529999999999999971e-01 2.412700000000000122e-01 2.119300000000000073e-01
8.800000000000000000e+01 1.529999999999999971e-01 2.419300000000000062e-01 1.933300000000000018e-01
8.900000000000000000e+01 1.529999999999999971e-01 2.426399999999999946e-01 1.706100000000000116e-01
9.000000000000000000e+01 1.529999999999999971e-01 2.433500000000000107e-01 1.420099999999999973e-01
9.100000000000000000e+01 1.529999999999999971e-01 2.438800000000000134e-01 1.081400000000000000e-01
9.200000000000000000e+01 1.529999999999999971e-01 2.452000000000000013e-01 3.674999999999999795e-02
9.300000000000000000e+01 -1.000000000000000000e+00 -1.000000000000000000e+00 0.000000000000000000e+00
9.400000000000000000e+01 -1.000000000000000000e+00 -1.000000000000000000e+00 0.000000000000000000e+00
9.500000000000000000e+01 -1.000000000000000000e+00 -1.000000000000000000e+00 0.000000000000000000e+00
9.600000000000000000e+01 -1.000000000000000000e+00 -1.000000000000000000e+00 0.000000000000000000e+00
9.700000000000000000e+01 -1.000000000000000000e+00 -1.000000000000000000e+00 0.000000000000000000e+00
9.800000000000000000e+01 -1.000000000000000000e+00 -1.000000000000000000e+00 0.000000000000000000e+00
9.900000000000000000e+01 -1.000000000000000000e+00 -1.000000000000000000e+00 0.000000000000000000e+00
1.000000000000000000e+02 -1.000000000000000000e+00 -1.000000000000000000e+00 0.000000000000000000e+00
1.010000000000000000e+02 -1.000000000000000000e+00 -1.000000000000000000e+00 0.000000000000000000e+00
1.020000000000000000e+02 -1.000000000000000000e+00 -1.000000000000000000e+00 0.000000000000000000e+00
1.030000000000000000e+02 -1.000000000000000000e+00 -1.000000000000000000e+00 0.000000000000000000e+00
1.040000000000000000e+02 -1.000000000000000000e+00 -1.000000000000000000e+00 0.000000000000000000e+00
1.050000000000000000e+02 -1.000000000000000000e+00 -1.000000000000000000e+00 0.000000000000000000e+00
1.060000000000000000e+02 -1.000000000000000000e+00 -1.000000000000000000e+00 0.000000000000000000e+00
1.070000000000000000e+02 -1.000000000000000000e+00 -1.000000000000000000e+00 0.000000000000000000e+00
1.080000000000000000e+02 -1.000000000000000000e+00 -1.000000000000000000e+00 0.000000000000000000e+00
1.090000000000000000e+02 -1.000000000000000000e+00 -1.000000000000000000e+00 0.000000000000000000e+00
1.100000000000000000e+02 -1.000000000000000000e+00 -1.000000000000000000e+00 0.000000000000000000e+00
1.110000000000000000e+02 -1.000000000000000000e+00 -1.000000000000000000e+00 0.000000000000000000e+00
1.120000000000000000e+02 -1.000000000000000000e+00 -1.000000000000000000e+00 0.000000000000000000e+00
1.130000000000000000e+02 -1.000000000000000000e+00 -1.000000000000000000e+00 0.000000000000000000e+00
1.140000000000000000e+02 -1.000000000000000000e+00 -1.000000000000000000e+00 0.000000000000000000e+00
1.150000000000000000e+02 -1.000000000000000000e+00 -1.000000000000000000e+00 0.000000000000000000e+00
1.160000000000000000e+02 -1.000000000000000000e+00 -1.000000000000000000e+00 0.000000000000000000e+00
1.170000000000000000e+02 -1.000000000000000000e+00 -1.000000000000000000e+00 0.000000000000000000e+00
1.180000000000000000e+02 -1.000000000000000000e+00 -1.000000000000000000e+00 0.000000000000000000e+00
1.190000000000000000e+02 -1.000000000000000000e+00 -1.000000000000000000e+00 0.000000000000000000e+00
1.200000000000000000e+02 -1.000000000000000000e+00 -1.000000000000000000e+00 0.000000000000000000e+00
