1.000000000000000000e+00 2.149999999999999967e-01 1.045476000000000028e+01 1.391600000000000059e-01
2.000000000000000000e+00 2.010000000000000120e-01 7.374810000000000088e+00 3.422999999999999654e-02
3.000000000000000000e+00 1.940000000000000058e-01 8.221970000000000667e+00 6.085999999999999743e-02
4.000000000000000000e+00 1.940000000000000058e-01 7.538960000000000328e+00 2.530899999999999817e-01
5.000000000000000000e+00 -1.000000000000000000e+00 -1.000000000000000000e+00 0.000000000000000000e+00
6.000000000000000000e+00 -1.000000000000000000e+00 -1.000000000000000000e+00 0.000000000000000000e+00
7.000000000000000000e+00 -1.000000000000000000e+00 -1.000000000000000000e+00 0.000000000000000000e+00
8.000000000000000000e+00 -1.000000000000000000e+00 -1.000000000000000000e+00 0.000000000000000000e+00
9.000000000000000000e+00 -1.000000000000000000e+00 -1.000000000000000000e+00 0.000000000000000000e+00
1.000000000000000000e+01 -1.000000000000000000e+00 -1.000000000000000000e+00 0.000000000000000000e+00
1.100000000000000000e+01 -1.000000000000000000e+00 -1.000000000000000000e+00 0.000000000000000000e+00
1.200000000000000000e+01 -1.000000000000000000e+00 -1.000000000000000000e+00 0.000000000000000000e+00
1.300000000000000000e+01 -1.000000000000000000e+00 -1.000000000000000000e+00 0.000000000000000000e+00
1.400000000000000000e+01 -1.000000000000000000e+00 -1.000000000000000000e+00 0.000000000000000000e+00
1.500000000000000000e+01 -1.000000000000000000e+00 -1.000000000000000000e+00 0.000000000000000000e+00
1.600000000000000000e+01 1.940000000000000058e-01 9.705859999999999488e+00 1.271500000000000130e-01
1.700000000000000000e+01 -1.000000000000000000e+00 -1.000000000000000000e+00 0.000000000000000000e+00
1.800000000000000000e+01 -1.000000000000000000e+00 -1.000000000000000000e+00 0.000000000000000000e+00
1.900000000000000000e+01 -1.000000000000000000e+00 -1.000000000000000000e+00 0.000000000000000000e+00
2.000000000000000000e+01 -1.000000000000000000e+00 -1.000000000000000000e+00 0.000000000000000000e+00
2.100000000000000000e+01 -1.000000000000000000e+00 -1.000000000000000000e+00 0.000000000000000000e+00
2.200000000000000000e+01 -1.000000000000000000e+00 -1.000000000000000000e+00 0.000000000000000000e+00
2.300000000000000000e+01 -1.000000000000000000e+00 -1.000000000000000000e+00 0.000000000000000000e+00
2.400000000000000000e+01 -1.000000000000000000e+00 -1.000000000000000000e+00 0.000000000000000000e+00
2.500000000000000000e+01 -1.000000000000000000e+00 -1.000000000000000000e+00 0.000000000000000000e+00
2.600000000000000000e+01 -1.000000000000000000e+00 -1.000000000000000000e+00 0.000000000000000000e+00
2.700000000000000000e+01 -1.000000000000000000e+00 -1.000000000000000000e+00 0.000000000000000000e+00
2.800000000000000000e+01 -1.000000000000000000e+00 -1.000000000000000000e+00 0.000000000000000000e+00
2.900000000000000000e+01 1.809999999999999942e-01 7.476539999999999964e+00 5.816799999999999748e-01
3.000000000000000000e+01 1.809999999999999942e-01 7.476759999999999629e+00 5.789100000000000357e-01
3.100000000000000000e+01 1.809999999999999942e-01 7.476639999999999731e+00 5.765500000000000069e-01
3.200000000000000000e+01 1.809999999999999942e-01 7.474630000000000329e+00 5.746499999999999941e-01
3.300000000000000000e+01 1.809999999999999942e-01 7.470710000000000406e+00 5.729800000000000448e-01
3.400000000000000000e+01 1.809999999999999942e-01 7.466789999999999594e+00 5.710499999999999465e-01
3.500000000000000000e+01 1.809999999999999942e-01 7.463189999999999991e+00 5.688499999999999668e-01
3.600000000000000000e+01 1.809999999999999942e-01 7.462049999999999628e+00 5.670600000000000085e-01
3.700000000000000000e+01 1.809999999999999942e-01 7.460309999999999775e+00 5.657400000000000206e-01
3.800000000000000000e+01 1.809999999999999942e-01 7.456730000000000302e+00 5.648400000000000087e-01
3.900000000000000000e+01 1.809999999999999942e-01 7.452899999999999636e+00 5.639199999999999768e-01
4.000000000000000000e+01 1.809999999999999942e-01 7.448940000000000339e+00 5.626100000000000545e-01
4.100000000000000000e+01 1.809999999999999942e-01 7.444440000000000168e+00 5.613099999999999756e-01
4.200000000000000000e+01 1.809999999999999942e-01 7.439720000000000333e+00 5.598899999999999988e-01
4.300000000000000000e+01 1.809999999999999942e-01 7.435220000000000162e+00 5.583900000000000530e-01
4.400000000000000000e+01 1.809999999999999942e-01 7.430839999999999890e+00 5.569699999999999651e-01
4.500000000000000000e+01 1.809999999999999942e-01 7.426269999999999705e+00 5.557900000000000063e-01
4.600000000000000000e+01 1.809999999999999942e-01 7.421640000000000015e+00 5.546600000000000419e-01
4.700000000000000000e+01 1.809999999999999942e-01 7.417639999999999567e+00 5.536499999999999755e-01
4.800000000000000000e+01 1.809999999999999942e-01 7.413999999999999702e+00 5.525600000000000511e-01
4.900000000000000000e+01 1.739999999999999880e-01 8.530519999999999214e+00 5.631099999999999994e-01
5.000000000000000000e+01 1.739999999999999880e-01 8.567719999999999558e+00 5.635900000000000354e-01
5.100000000000000000e+01 1.739999999999999880e-01 8.598440000000000083e+00 5.636200000000000099e-01
5.200000000000000000e+01 1.739999999999999880e-01 8.624959999999999738e+00 5.635299999999999754e-01
5.300000000000000000e+01 1.739999999999999880e-01 8.649190000000000822e+00 5.634400000000000519e-01
5.400000000000000000e+01 1.739999999999999880e-01 8.673629999999999285e+00 5.633899999999999464e-01
5.500000000000000000e+01 1.739999999999999880e-01 8.695790000000000575e+00 5.631800000000000139e-01
5.600000000000000000e+01 1.739999999999999880e-01 8.715690000000000381e+00 5.629800000000000360e-01
5.700000000000000000e+01 1.739999999999999880e-01 8.733840000000000714e+00 5.628800000000000470e-01
5.800000000000000000e+01 1.739999999999999880e-01 8.750619999999999621e+00 5.630199999999999649e-01
5.900000000000000000e+01 1.809999999999999942e-01 8.766619999999999635e+00 5.632700000000000484e-01
6.000000000000000000e+01 1.809999999999999942e-01 8.782120000000000815e+00 5.634000000000000119e-01
6.100000000000000000e+01 1.809999999999999942e-01 8.796519999999999229e+00 5.635999999999999899e-01
6.200000000000000000e+01 1.809999999999999942e-01 8.810209999999999653e+00 5.638499999999999623e-01
6.300000000000000000e+01 1.809999999999999942e-01 8.823050000000000281e+00 5.641300000000000203e-01
6.400000000000000000e+01 1.809999999999999942e-01 8.835449999999999804e+00 5.644299999999999873e-01
6.500000000000000000e+01 1.809999999999999942e-01 8.847269999999999968e+00 5.647999999999999687e-01
6.600000000000000000e+01 1.809999999999999942e-01 8.858409999999999229e+00 5.652000000000000357e-01
6.700000000000000000e+01 1.809999999999999942e-01 8.869249999999999190e+00 5.655900000000000372e-01
6.800000000000000000e+01 1.809999999999999942e-01 8.879699999999999704e+00 5.660899999999999821e-01
6.900000000000000000e+01 1.809999999999999942e-01 8.890100000000000335e+00 5.665799999999999725e-01
7.000000000000000000e+01 1.809999999999999942e-01 8.900240000000000151e+00 5.670199999999999685e-01
7.100000000000000000e+01 1.809999999999999942e-01 8.910069999999999268e+00 5.674500000000000099e-01
7.200000000000000000e+01 1.809999999999999942e-01 8.919629999999999725e+00 5.678600000000000314e-01
7.300000000000000000e+01 1.809999999999999942e-01 8.928530000000000300e+00 5.681800000000000184e-01
7.400000000000000000e+01 1.809999999999999942e-01 8.937210000000000321e+00 5.684799999999999853e-01
7.500000000000000000e+01 1.809999999999999942e-01 8.945439999999999614e+00 5.687900000000000178e-01
7.600000000000000000e+01 1.809999999999999942e-01 8.954069999999999752e+00 5.690699999999999648e-01
7.700000000000000000e+01 1.809999999999999942e-01 8.962540000000000617e+00 5.693700000000000427e-01
7.800000000000000000e+01 1.809999999999999942e-01 8.970700000000000784e+00 5.696400000000000352e-01
7.900000000000000000e+01 1.809999999999999942e-01 8.978450000000000486e+00 5.699400000000000022e-01
8.000000000000000000e+01 1.809999999999999942e-01 8.986169999999999547e+00 5.702599999999999891e-01
8.100000000000000000e+01 1.809999999999999942e-01 8.993639999999999191e+00 5.705599999999999561e-01
8.200000000000000000e+01 1.880000000000000004e-01 9.000890000000000057e+00 5.708600000000000341e-01
8.300000000000000000e+01 1.880000000000000004e-01 9.008039999999999381e+00 5.711300000000000265e-01
8.400000000000000000e+01 1.880000000000000004e-01 9.014960000000000306e+00 5.713799999999999990e-01
8.500000000000000000e+01 1.880000000000000004e-01 9.021620000000000417e+00 5.716299999999999715e-01
8.600000000000000000e+01 1.880000000000000004e-01 9.027939999999999188e+00 5.718900000000000095e-01
8.700000000000000000e+01 1.880000000000000004e-01 9.034100000000000463e+00 5.721100000000000074e-01
8.800000000000000000e+01 1.880000000000000004e-01 9.040089999999999293e+00 5.723300000000000054e-01
8.900000000000000000e+01 1.880000000000000004e-01 9.045799999999999841e+00 5.725200000000000289e-01
9.000000000000000000e+01 1.880000000000000004e-01 9.051220000000000709e+00 5.726400000000000379e-01
9.100000000000000000e+01 1.880000000000000004e-01 9.056480000000000530e+00 5.727499999999999813e-01
9.200000000000000000e+01 1.880000000000000004e-01 9.061550000000000438e+00 5.728299999999999503e-01
9.300000000000000000e+01 1.880000000000000004e-01 9.066409999999999414e+00 5.728499999999999703e-01
9.400000000000000000e+01 1.880000000000000004e-01 9.071210000000000662e+00 5.728999999999999648e-01
9.500000000000000000e+01 1.880000000000000004e-01 9.075879999999999725e+00 5.729499999999999593e-01
9.600000000000000000e+01 1.880000000000000004e-01 9.080370000000000275e+00 5.729999999999999538e-01
9.700000000000000000e+01 1.880000000000000004e-01 9.084809999999999164e+00 5.730699999999999683e-01
9.800000000000000000e+01 1.880000000000000004e-01 9.088979999999999393e+00 5.731399999999999828e-01
9.900000000000000000e+01 1.880000000000000004e-01 9.092969999999999331e+00 5.732199999999999518e-01
1.000000000000000000e+02 1.940000000000000058e-01 9.096780000000000754e+00 5.732800000000000118e-01
1.010000000000000000e+02 1.940000000000000058e-01 9.100379999999999470e+00 5.734000000000000208e-01
1.020000000000000000e+02 1.940000000000000058e-01 9.103809999999999292e+00 5.734900000000000553e-01
1.030000000000000000e+02 1.940000000000000058e-01 9.107290000000000774e+00 5.735900000000000443e-01
1.040000000000000000e+02 1.940000000000000058e-01 9.110640000000000072e+00 5.736999999999999877e-01
1.050000000000000000e+02 1.940000000000000058e-01 9.113950000000000884e+00 5.737799999999999567e-01
1.060000000000000000e+02 1.940000000000000058e-01 9.117139999999999134e+00 5.738600000000000367e-01
1.070000000000000000e+02 1.940000000000000058e-01 9.120260000000000034e+00 5.739600000000000257e-01
1.080000000000000000e+02 1.940000000000000058e-01 9.123350000000000293e+00 5.740800000000000347e-01
1.090000000000000000e+02 1.940000000000000058e-01 9.126329999999999387e+00 5.741800000000000237e-01
1.100000000000000000e+02 1.940000000000000058e-01 9.129350000000000520e+00 5.743300000000000072e-01
1.110000000000000000e+02 1.940000000000000058e-01 9.132379999999999498e+00 5.745000000000000107e-01
1.120000000000000000e+02 1.940000000000000058e-01 9.135310000000000485e+00 5.746799999999999686e-01
1.130000000000000000e+02 1.940000000000000058e-01 9.138230000000000075e+00 5.748799999999999466e-01
1.140000000000000000e+02 1.940000000000000058e-01 9.141030000000000655e+00 5.750999999999999446e-01
1.150000000000000000e+02 1.940000000000000058e-01 9.143789999999999196e+00 5.753500000000000281e-01
1.160000000000000000e+02 1.940000000000000058e-01 9.146440000000000126e+00 5.755900000000000460e-01
1.170000000000000000e+02 1.940000000000000058e-01 9.148989999999999512e+00 5.758400000000000185e-01
1.180000000000000000e+02 1.940000000000000058e-01 9.151289999999999480e+00 5.761500000000000510e-01
1.190000000000000000e+02 1.940000000000000058e-01 9.153449999999999420e+00 5.764700000000000379e-01
1.200000000000000000e+02 1.940000000000000058e-01 9.155540000000000234e+00 5.768100000000000449e-01
