1.000000000000000000e+00 1.940000000000000058e-01 4.633180000000000298e+00 4.562999999999999834e-01
2.000000000000000000e+00 1.940000000000000058e-01 4.633180000000000298e+00 4.562999999999999834e-01
3.000000000000000000e+00 1.940000000000000058e-01 4.633180000000000298e+00 4.562999999999999834e-01
4.000000000000000000e+00 2.079999999999999905e-01 4.840419999999999945e+00 5.682099999999999929e-01
5.000000000000000000e+00 2.079999999999999905e-01 4.135609999999999786e+00 5.468499999999999472e-01
6.000000000000000000e+00 2.079999999999999905e-01 4.135609999999999786e+00 5.468499999999999472e-01
7.000000000000000000e+00 2.079999999999999905e-01 4.135609999999999786e+00 5.468499999999999472e-01
8.000000000000000000e+00 2.079999999999999905e-01 4.135609999999999786e+00 5.468499999999999472e-01
9.000000000000000000e+00 2.079999999999999905e-01 4.135609999999999786e+00 5.468499999999999472e-01
1.000000000000000000e+01 2.079999999999999905e-01 4.135609999999999786e+00 5.468499999999999472e-01
1.100000000000000000e+01 2.079999999999999905e-01 4.135609999999999786e+00 5.468499999999999472e-01
1.200000000000000000e+01 2.079999999999999905e-01 4.135609999999999786e+00 5.468499999999999472e-01
1.300000000000000000e+01 2.079999999999999905e-01 4.135609999999999786e+00 5.468499999999999472e-01
1.400000000000000000e+01 2.079999999999999905e-01 4.135609999999999786e+00 5.468499999999999472e-01
1.500000000000000000e+01 2.079999999999999905e-01 4.135609999999999786e+00 5.468499999999999472e-01
1.600000000000000000e+01 2.079999999999999905e-01 4.135609999999999786e+00 5.468499999999999472e-01
1.700000000000000000e+01 2.079999999999999905e-01 4.135609999999999786e+00 5.468499999999999472e-01
1.800000000000000000e+01 2.079999999999999905e-01 4.135609999999999786e+00 5.468499999999999472e-01
1.900000000000000000e+01 2.079999999999999905e-01 4.135609999999999786e+00 5.468499999999999472e-01
2.000000000000000000e+01 2.079999999999999905e-01 4.135609999999999786e+00 5.468499999999999472e-01
2.100000000000000000e+01 2.079999999999999905e-01 4.135609999999999786e+00 5.468499999999999472e-01
2.200000000000000000e+01 2.079999999999999905e-01 4.135609999999999786e+00 5.468499999999999472e-01
2.300000000000000000e+01 2.079999999999999905e-01 4.135609999999999786e+00 5.468499999999999472e-01
2.400000000000000000e+01 1.940000000000000058e-01 4.127909999999999968e+00 8.031599999999999850e-01
2.500000000000000000e+01 1.880000000000000004e-01 3.864479999999999915e+00 5.538800000000000390e-01
2.600000000000000000e+01 1.880000000000000004e-01 3.864479999999999915e+00 5.538800000000000390e-01
2.700000000000000000e+01 1.880000000000000004e-01 3.864479999999999915e+00 5.538800000000000390e-01
2.800000000000000000e+01 1.880000000000000004e-01 3.864479999999999915e+00 5.538800000000000390e-01
2.900000000000000000e+01 1.670000000000000095e-01 2.317079999999999806e+00 3.952600000000000002e-01
3.000000000000000000e+01 1.670000000000000095e-01 2.317079999999999806e+00 3.952600000000000002e-01
3.100000000000000000e+01 1.670000000000000095e-01 2.317079999999999806e+00 3.952600000000000002e-01
3.200000000000000000e+01 1.670000000000000095e-01 2.317079999999999806e+00 3.952600000000000002e-01
3.300000000000000000e+01 1.670000000000000095e-01 2.317079999999999806e+00 3.952600000000000002e-01
3.400000000000000000e+01 1.670000000000000095e-01 2.317079999999999806e+00 3.952600000000000002e-01
3.500000000000000000e+01 1.670000000000000095e-01 2.317079999999999806e+00 3.952600000000000002e-01
3.600000000000000000e+01 1.670000000000000095e-01 2.317079999999999806e+00 3.952600000000000002e-01
3.700000000000000000e+01 1.670000000000000095e-01 2.317079999999999806e+00 3.952600000000000002e-01
3.800000000000000000e+01 1.670000000000000095e-01 2.317079999999999806e+00 3.952600000000000002e-01
3.900000000000000000e+01 1.670000000000000095e-01 2.317079999999999806e+00 3.952600000000000002e-01
4.000000000000000000e+01 1.670000000000000095e-01 2.317079999999999806e+00 3.952600000000000002e-01
4.100000000000000000e+01 1.670000000000000095e-01 2.317079999999999806e+00 3.952600000000000002e-01
4.200000000000000000e+01 1.670000000000000095e-01 2.317079999999999806e+00 3.952600000000000002e-01
4.300000000000000000e+01 1.670000000000000095e-01 2.317079999999999806e+00 3.952600000000000002e-01
4.400000000000000000e+01 1.670000000000000095e-01 2.317079999999999806e+00 3.952600000000000002e-01
4.500000000000000000e+01 1.670000000000000095e-01 2.317079999999999806e+00 3.952600000000000002e-01
4.600000000000000000e+01 1.670000000000000095e-01 2.317079999999999806e+00 3.952600000000000002e-01
4.700000000000000000e+01 1.670000000000000095e-01 2.317079999999999806e+00 3.952600000000000002e-01
4.800000000000000000e+01 1.670000000000000095e-01 2.317079999999999806e+00 3.952600000000000002e-01
4.900000000000000000e+01 0.000000000000000000e+00 9.548799999999999510e-01 3.579300000000000259e-01
5.000000000000000000e+01 0.000000000000000000e+00 9.548799999999999510e-01 3.579300000000000259e-01
5.100000000000000000e+01 0.000000000000000000e+00 1.883780000000000010e+00 5.084400000000000031e-01
5.200000000000000000e+01 0.000000000000000000e+00 1.883780000000000010e+00 5.084400000000000031e-01
5.300000000000000000e+01 0.000000000000000000e+00 1.883780000000000010e+00 5.084400000000000031e-01
5.400000000000000000e+01 0.000000000000000000e+00 1.883780000000000010e+00 5.084400000000000031e-01
5.500000000000000000e+01 0.000000000000000000e+00 1.883780000000000010e+00 5.084400000000000031e-01
5.600000000000000000e+01 0.000000000000000000e+00 1.883780000000000010e+00 5.084400000000000031e-01
5.700000000000000000e+01 0.000000000000000000e+00 1.883780000000000010e+00 5.084400000000000031e-01
5.800000000000000000e+01 0.000000000000000000e+00 1.883780000000000010e+00 5.084400000000000031e-01
5.900000000000000000e+01 0.000000000000000000e+00 1.883780000000000010e+00 5.084400000000000031e-01
6.000000000000000000e+01 0.000000000000000000e+00 1.883780000000000010e+00 5.084400000000000031e-01
6.100000000000000000e+01 0.000000000000000000e+00 1.883780000000000010e+00 5.084400000000000031e-01
6.200000000000000000e+01 0.000000000000000000e+00 1.883780000000000010e+00 5.084400000000000031e-01
6.300000000000000000e+01 0.000000000000000000e+00 1.883780000000000010e+00 5.084400000000000031e-01
6.400000000000000000e+01 0.000000000000000000e+00 1.883780000000000010e+00 5.084400000000000031e-01
6.500000000000000000e+01 0.000000000000000000e+00 1.883780000000000010e+00 5.084400000000000031e-01
6.600000000000000000e+01 0.000000000000000000e+00 1.883780000000000010e+00 5.084400000000000031e-01
6.700000000000000000e+01 0.000000000000000000e+00 1.883780000000000010e+00 5.084400000000000031e-01
6.800000000000000000e+01 0.000000000000000000e+00 1.883780000000000010e+00 5.084400000000000031e-01
6.900000000000000000e+01 0.000000000000000000e+00 1.883780000000000010e+00 5.084400000000000031e-01
7.000000000000000000e+01 0.000000000000000000e+00 1.883780000000000010e+00 5.084400000000000031e-01
7.100000000000000000e+01 0.000000000000000000e+00 1.883780000000000010e+00 5.084400000000000031e-01
7.200000000000000000e+01 0.000000000000000000e+00 1.883780000000000010e+00 5.084400000000000031e-01
7.300000000000000000e+01 0.000000000000000000e+00 1.883780000000000010e+00 5.084400000000000031e-01
7.400000000000000000e+01 0.000000000000000000e+00 1.883780000000000010e+00 5.084400000000000031e-01
7.500000000000000000e+01 0.000000000000000000e+00 1.883780000000000010e+00 5.084400000000000031e-01
7.600000000000000000e+01 0.000000000000000000e+00 1.883780000000000010e+00 5.084400000000000031e-01
7.700000000000000000e+01 0.000000000000000000e+00 1.883780000000000010e+00 5.084400000000000031e-01
7.800000000000000000e+01 0.000000000000000000e+00 1.883780000000000010e+00 5.084400000000000031e-01
7.900000000000000000e+01 0.000000000000000000e+00 1.883780000000000010e+00 5.084400000000000031e-01
8.000000000000000000e+01 0.000000000000000000e+00 1.883780000000000010e+00 5.084400000000000031e-01
8.100000000000000000e+01 0.000000000000000000e+00 1.883780000000000010e+00 5.084400000000000031e-01
8.200000000000000000e+01 0.000000000000000000e+00 1.883780000000000010e+00 5.084400000000000031e-01
8.300000000000000000e+01 0.000000000000000000e+00 1.883780000000000010e+00 5.084400000000000031e-01
8.400000000000000000e+01 0.000000000000000000e+00 1.883780000000000010e+00 5.084400000000000031e-01
8.500000000000000000e+01 0.000000000000000000e+00 1.883780000000000010e+00 5.084400000000000031e-01
8.600000000000000000e+01 0.000000000000000000e+00 1.883780000000000010e+00 5.084400000000000031e-01
8.700000000000000000e+01 0.000000000000000000e+00 1.883780000000000010e+00 5.084400000000000031e-01
8.800000000000000000e+01 0.000000000000000000e+00 1.883780000000000010e+00 5.084400000000000031e-01
8.900000000000000000e+01 0.000000000000000000e+00 1.883780000000000010e+00 5.084400000000000031e-01
9.000000000000000000e+01 0.000000000000000000e+00 1.883780000000000010e+00 5.084400000000000031e-01
9.100000000000000000e+01 0.000000000000000000e+00 1.883780000000000010e+00 5.084400000000000031e-01
9.200000000000000000e+01 0.000000000000000000e+00 1.883780000000000010e+00 5.084400000000000031e-01
9.300000000000000000e+01 0.000000000000000000e+00 1.883780000000000010e+00 5.084400000000000031e-01
9.400000000000000000e+01 0.000000000000000000e+00 1.883780000000000010e+00 5.084400000000000031e-01
9.500000000000000000e+01 0.000000000000000000e+00 1.883780000000000010e+00 5.084400000000000031e-01
9.600000000000000000e+01 0.000000000000000000e+00 1.883780000000000010e+00 5.084400000000000031e-01
9.700000000000000000e+01 0.000000000000000000e+00 1.883780000000000010e+00 5.084400000000000031e-01
9.800000000000000000e+01 0.000000000000000000e+00 1.883780000000000010e+00 5.084400000000000031e-01
9.900000000000000000e+01 0.000000000000000000e+00 1.883780000000000010e+00 5.084400000000000031e-01
1.000000000000000000e+02 0.000000000000000000e+00 1.883780000000000010e+00 5.084400000000000031e-01
1.010000000000000000e+02 0.000000000000000000e+00 1.883780000000000010e+00 5.084400000000000031e-01
1.020000000000000000e+02 0.000000000000000000e+00 1.883780000000000010e+00 5.084400000000000031e-01
1.030000000000000000e+02 0.000000000000000000e+00 1.883780000000000010e+00 5.084400000000000031e-01
1.040000000000000000e+02 0.000000000000000000e+00 1.883780000000000010e+00 5.084400000000000031e-01
1.050000000000000000e+02 0.000000000000000000e+00 1.883780000000000010e+00 5.084400000000000031e-01
1.060000000000000000e+02 0.000000000000000000e+00 1.883780000000000010e+00 5.084400000000000031e-01
1.070000000000000000e+02 0.000000000000000000e+00 1.883780000000000010e+00 5.084400000000000031e-01
1.080000000000000000e+02 0.000000000000000000e+00 1.883780000000000010e+00 5.084400000000000031e-01
1.090000000000000000e+02 0.000000000000000000e+00 1.883780000000000010e+00 5.084400000000000031e-01
1.100000000000000000e+02 0.000000000000000000e+00 1.883780000000000010e+00 5.084400000000000031e-01
1.110000000000000000e+02 0.000000000000000000e+00 1.883780000000000010e+00 5.084400000000000031e-01
1.120000000000000000e+02 0.000000000000000000e+00 1.883780000000000010e+00 5.084400000000000031e-01
1.130000000000000000e+02 0.000000000000000000e+00 1.883780000000000010e+00 5.084400000000000031e-01
1.140000000000000000e+02 0.000000000000000000e+00 1.883780000000000010e+00 5.084400000000000031e-01
1.150000000000000000e+02 0.000000000000000000e+00 1.883780000000000010e+00 5.084400000000000031e-01
1.160000000000000000e+02 0.000000000000000000e+00 1.883780000000000010e+00 5.084400000000000031e-01
1.170000000000000000e+02 0.000000000000000000e+00 1.883780000000000010e+00 5.084400000000000031e-01
1.180000000000000000e+02 0.000000000000000000e+00 1.883780000000000010e+00 5.084400000000000031e-01
1.190000000000000000e+02 0.000000000000000000e+00 1.883780000000000010e+00 5.084400000000000031e-01
1.200000000000000000e+02 0.000000000000000000e+00 1.883780000000000010e+00 5.084400000000000031e-01
