1.000000000000000000e+00 1.529999999999999971e-01 6.806799999999999962e+00 6.675999999999999990e-02
2.000000000000000000e+00 1.390000000000000124e-01 4.669900000000000162e+00 1.213000000000000050e-01
3.000000000000000000e+00 1.670000000000000095e-01 4.775780000000000136e+00 5.614000000000000240e-02
4.000000000000000000e+00 1.670000000000000095e-01 4.481040000000000134e+00 5.825999999999999929e-02
5.000000000000000000e+00 1.670000000000000095e-01 4.432030000000000136e+00 6.176000000000000240e-02
6.000000000000000000e+00 1.670000000000000095e-01 4.335960000000000036e+00 6.417000000000000481e-02
7.000000000000000000e+00 1.529999999999999971e-01 2.625350000000000072e+00 1.384499999999999897e-01
8.000000000000000000e+00 1.459999999999999909e-01 2.602090000000000014e+00 1.753200000000000036e-01
9.000000000000000000e+00 -1.000000000000000000e+00 -1.000000000000000000e+00 0.000000000000000000e+00
1.000000000000000000e+01 -1.000000000000000000e+00 -1.000000000000000000e+00 0.000000000000000000e+00
1.100000000000000000e+01 -1.000000000000000000e+00 -1.000000000000000000e+00 0.000000000000000000e+00
1.200000000000000000e+01 -1.000000000000000000e+00 -1.000000000000000000e+00 0.000000000000000000e+00
1.300000000000000000e+01 -1.000000000000000000e+00 -1.000000000000000000e+00 0.000000000000000000e+00
1.400000000000000000e+01 -1.000000000000000000e+00 -1.000000000000000000e+00 0.000000000000000000e+00
1.500000000000000000e+01 -1.000000000000000000e+00 -1.000000000000000000e+00 0.000000000000000000e+00
1.600000000000000000e+01 -1.000000000000000000e+00 -1.000000000000000000e+00 0.000000000000000000e+00
1.700000000000000000e+01 -1.000000000000000000e+00 -1.000000000000000000e+00 0.000000000000000000e+00
1.800000000000000000e+01 -1.000000000000000000e+00 -1.000000000000000000e+00 0.000000000000000000e+00
1.900000000000000000e+01 -1.000000000000000000e+00 -1.000000000000000000e+00 0.000000000000000000e+00
2.000000000000000000e+01 -1.000000000000000000e+00 -1.000000000000000000e+00 0.000000000000000000e+00
2.100000000000000000e+01 -1.000000000000000000e+00 -1.000000000000000000e+00 0.000000000000000000e+00
2.200000000000000000e+01 -1.000000000000000000e+00 -1.000000000000000000e+00 0.000000000000000000e+00
2.300000000000000000e+01 -1.000000000000000000e+00 -1.000000000000000000e+00 0.000000000000000000e+00
2.400000000000000000e+01 -1.000000000000000000e+00 -1.000000000000000000e+00 0.000000000000000000e+00
2.500000000000000000e+01 -1.000000000000000000e+00 -1.000000000000000000e+00 0.000000000000000000e+00
2.600000000000000000e+01 -1.000000000000000000e+00 -1.000000000000000000e+00 0.000000000000000000e+00
2.700000000000000000e+01 -1.000000000000000000e+00 -1.000000000000000000e+00 0.000000000000000000e+00
2.800000000000000000e+01 -1.000000000000000000e+00 -1.000000000000000000e+00 0.000000000000000000e+00
2.900000000000000000e+01 1.320000000000000062e-01 5.101799999999999669e-01 2.653499999999999748e-01
3.000000000000000000e+01 1.320000000000000062e-01 5.407399999999999984e-01 3.383800000000000141e-01
3.100000000000000000e+01 1.320000000000000062e-01 5.657699999999999951e-01 3.915799999999999836e-01
3.200000000000000000e+01 1.320000000000000062e-01 5.884399999999999631e-01 4.201900000000000079e-01
3.300000000000000000e+01 1.320000000000000062e-01 6.097500000000000142e-01 4.349000000000000088e-01
3.400000000000000000e+01 1.320000000000000062e-01 6.280499999999999972e-01 4.453500000000000236e-01
3.500000000000000000e+01 1.320000000000000062e-01 6.412200000000000122e-01 4.535600000000000187e-01
3.600000000000000000e+01 1.320000000000000062e-01 6.500399999999999512e-01 4.601399999999999935e-01
3.700000000000000000e+01 1.320000000000000062e-01 6.565699999999999870e-01 4.666100000000000247e-01
3.800000000000000000e+01 1.320000000000000062e-01 6.626999999999999558e-01 4.752399999999999958e-01
3.900000000000000000e+01 1.320000000000000062e-01 6.692399999999999460e-01 4.849700000000000122e-01
4.000000000000000000e+01 1.320000000000000062e-01 6.761800000000000033e-01 4.946499999999999786e-01
4.100000000000000000e+01 1.320000000000000062e-01 6.835200000000000164e-01 5.042900000000000160e-01
4.200000000000000000e+01 1.320000000000000062e-01 6.847199999999999953e-01 5.130400000000000515e-01
4.300000000000000000e+01 1.320000000000000062e-01 6.848400000000000043e-01 5.205100000000000282e-01
4.400000000000000000e+01 1.320000000000000062e-01 6.867799999999999461e-01 5.271099999999999675e-01
4.500000000000000000e+01 1.320000000000000062e-01 6.885099999999999554e-01 5.324600000000000444e-01
4.600000000000000000e+01 1.320000000000000062e-01 6.853599999999999692e-01 5.363099999999999534e-01
4.700000000000000000e+01 1.320000000000000062e-01 6.813399999999999457e-01 5.406100000000000350e-01
4.800000000000000000e+01 1.320000000000000062e-01 6.765299999999999647e-01 5.450800000000000090e-01
4.900000000000000000e+01 1.320000000000000062e-01 6.681799999999999962e-01 5.485799999999999566e-01
5.000000000000000000e+01 1.320000000000000062e-01 6.586300000000000487e-01 5.510300000000000198e-01
5.100000000000000000e+01 1.320000000000000062e-01 6.492599999999999483e-01 5.518399999999999972e-01
5.200000000000000000e+01 1.320000000000000062e-01 6.387800000000000145e-01 5.519800000000000262e-01
5.300000000000000000e+01 1.320000000000000062e-01 6.271999999999999797e-01 5.516499999999999737e-01
5.400000000000000000e+01 1.320000000000000062e-01 6.159499999999999975e-01 5.512200000000000433e-01
5.500000000000000000e+01 1.320000000000000062e-01 6.051600000000000312e-01 5.508499999999999508e-01
5.600000000000000000e+01 1.320000000000000062e-01 5.943699999999999539e-01 5.493700000000000250e-01
5.700000000000000000e+01 1.320000000000000062e-01 5.840199999999999836e-01 5.468600000000000128e-01
5.800000000000000000e+01 1.320000000000000062e-01 5.740199999999999747e-01 5.441799999999999971e-01
5.900000000000000000e+01 1.320000000000000062e-01 5.642099999999999893e-01 5.416199999999999903e-01
6.000000000000000000e+01 1.320000000000000062e-01 5.537699999999999845e-01 5.395299999999999541e-01
6.100000000000000000e+01 1.320000000000000062e-01 5.440500000000000336e-01 5.377199999999999758e-01
6.200000000000000000e+01 1.320000000000000062e-01 5.364799999999999569e-01 5.378300000000000303e-01
6.300000000000000000e+01 1.320000000000000062e-01 5.301900000000000501e-01 5.386800000000000477e-01
6.400000000000000000e+01 1.320000000000000062e-01 5.236199999999999743e-01 5.406400000000000095e-01
6.500000000000000000e+01 1.320000000000000062e-01 5.172700000000000076e-01 5.424700000000000077e-01
6.600000000000000000e+01 1.320000000000000062e-01 5.111099999999999532e-01 5.439000000000000501e-01
6.700000000000000000e+01 1.320000000000000062e-01 5.047800000000000065e-01 5.456100000000000394e-01
6.800000000000000000e+01 1.320000000000000062e-01 4.996200000000000085e-01 5.486999999999999655e-01
6.900000000000000000e+01 1.320000000000000062e-01 4.956999999999999740e-01 5.514700000000000157e-01
7.000000000000000000e+01 1.320000000000000062e-01 4.919499999999999984e-01 5.540800000000000169e-01
7.100000000000000000e+01 1.320000000000000062e-01 4.882000000000000228e-01 5.565999999999999837e-01
7.200000000000000000e+01 1.320000000000000062e-01 4.844399999999999817e-01 5.593000000000000194e-01
7.300000000000000000e+01 1.320000000000000062e-01 4.803100000000000147e-01 5.620699999999999585e-01
7.400000000000000000e+01 1.320000000000000062e-01 4.755699999999999927e-01 5.649199999999999777e-01
7.500000000000000000e+01 1.320000000000000062e-01 4.700699999999999878e-01 5.679800000000000404e-01
7.600000000000000000e+01 1.320000000000000062e-01 4.619300000000000073e-01 5.708699999999999886e-01
7.700000000000000000e+01 1.320000000000000062e-01 4.523499999999999743e-01 5.741199999999999637e-01
7.800000000000000000e+01 1.320000000000000062e-01 4.432400000000000229e-01 5.773399999999999643e-01
7.900000000000000000e+01 1.320000000000000062e-01 4.345800000000000218e-01 5.804200000000000470e-01
8.000000000000000000e+01 1.320000000000000062e-01 4.263700000000000268e-01 5.833500000000000352e-01
8.100000000000000000e+01 1.320000000000000062e-01 4.185499999999999776e-01 5.860999999999999543e-01
8.200000000000000000e+01 1.320000000000000062e-01 4.109499999999999820e-01 5.884500000000000286e-01
8.300000000000000000e+01 1.320000000000000062e-01 4.037499999999999978e-01 5.906700000000000284e-01
8.400000000000000000e+01 1.320000000000000062e-01 3.967200000000000171e-01 5.924099999999999921e-01
8.500000000000000000e+01 1.320000000000000062e-01 3.898699999999999943e-01 5.940499999999999670e-01
8.600000000000000000e+01 1.320000000000000062e-01 3.821999999999999842e-01 5.943000000000000504e-01
8.700000000000000000e+01 1.320000000000000062e-01 3.747599999999999820e-01 5.942499999999999449e-01
8.800000000000000000e+01 1.320000000000000062e-01 3.660800000000000165e-01 5.954199999999999493e-01
8.900000000000000000e+01 1.320000000000000062e-01 3.566300000000000026e-01 5.960699999999999887e-01
9.000000000000000000e+01 1.320000000000000062e-01 3.477899999999999880e-01 5.932500000000000551e-01
9.100000000000000000e+01 1.320000000000000062e-01 3.394599999999999840e-01 5.871600000000000152e-01
9.200000000000000000e+01 1.320000000000000062e-01 3.316899999999999848e-01 5.789999999999999591e-01
9.300000000000000000e+01 1.320000000000000062e-01 3.250700000000000256e-01 5.658800000000000496e-01
9.400000000000000000e+01 1.320000000000000062e-01 3.193799999999999972e-01 5.496999999999999664e-01
9.500000000000000000e+01 1.320000000000000062e-01 3.143699999999999828e-01 5.293999999999999817e-01
9.600000000000000000e+01 1.320000000000000062e-01 3.103699999999999792e-01 5.007500000000000284e-01
9.700000000000000000e+01 1.320000000000000062e-01 3.072400000000000131e-01 4.601999999999999980e-01
9.800000000000000000e+01 1.320000000000000062e-01 3.043600000000000194e-01 4.150300000000000100e-01
9.900000000000000000e+01 1.320000000000000062e-01 3.016699999999999937e-01 3.576799999999999979e-01
1.000000000000000000e+02 1.320000000000000062e-01 2.997400000000000064e-01 2.817999999999999949e-01
1.010000000000000000e+02 1.320000000000000062e-01 2.982799999999999896e-01 1.577300000000000091e-01
1.020000000000000000e+02 -1.000000000000000000e+00 -1.000000000000000000e+00 0.000000000000000000e+00
1.030000000000000000e+02 -1.000000000000000000e+00 -1.000000000000000000e+00 0.000000000000000000e+00
1.040000000000000000e+02 -1.000000000000000000e+00 -1.000000000000000000e+00 0.000000000000000000e+00
1.050000000000000000e+02 -1.000000000000000000e+00 -1.000000000000000000e+00 0.000000000000000000e+00
1.060000000000000000e+02 -1.000000000000000000e+00 -1.000000000000000000e+00 0.000000000000000000e+00
1.070000000000000000e+02 -1.000000000000000000e+00 -1.000000000000000000e+00 0.000000000000000000e+00
1.080000000000000000e+02 -1.000000000000000000e+00 -1.000000000000000000e+00 0.000000000000000000e+00
1.090000000000000000e+02 -1.000000000000000000e+00 -1.000000000000000000e+00 0.000000000000000000e+00
1.100000000000000000e+02 -1.000000000000000000e+00 -1.000000000000000000e+00 0.000000000000000000e+00
1.110000000000000000e+02 -1.000000000000000000e+00 -1.000000000000000000e+00 0.000000000000000000e+00
1.120000000000000000e+02 -1.000000000000000000e+00 -1.000000000000000000e+00 0.000000000000000000e+00
1.130000000000000000e+02 -1.000000000000000000e+00 -1.000000000000000000e+00 0.000000000000000000e+00
1.140000000000000000e+02 -1.000000000000000000e+00 -1.000000000000000000e+00 0.000000000000000000e+00
1.150000000000000000e+02 -1.000000000000000000e+00 -1.000000000000000000e+00 0.000000000000000000e+00
1.160000000000000000e+02 -1.000000000000000000e+00 -1.000000000000000000e+00 0.000000000000000000e+00
1.170000000000000000e+02 -1.000000000000000000e+00 -1.000000000000000000e+00 0.000000000000000000e+00
1.180000000000000000e+02 -1.000000000000000000e+00 -1.000000000000000000e+00 0.000000000000000000e+00
1.190000000000000000e+02 -1.000000000000000000e+00 -1.000000000000000000e+00 0.000000000000000000e+00
1.200000000000000000e+02 -1.000000000000000000e+00 -1.000000000000000000e+00 0.000000000000000000e+00
