1.000000000000000000e+00 1.529999999999999971e-01 4.202210000000000001e+00 1.112400000000000055e-01
2.000000000000000000e+00 1.670000000000000095e-01 4.335650000000000226e+00 1.547800000000000009e-01
3.000000000000000000e+00 1.940000000000000058e-01 4.656320000000000014e+00 1.799099999999999866e-01
4.000000000000000000e+00 1.940000000000000058e-01 4.769750000000000156e+00 1.921599999999999975e-01
5.000000000000000000e+00 1.809999999999999942e-01 4.748750000000000249e+00 2.106200000000000017e-01
6.000000000000000000e+00 1.809999999999999942e-01 4.750339999999999563e+00 1.994799999999999907e-01
7.000000000000000000e+00 2.010000000000000120e-01 4.758969999999999700e+00 1.422799999999999898e-01
8.000000000000000000e+00 1.940000000000000058e-01 4.685830000000000162e+00 1.025299999999999961e-01
9.000000000000000000e+00 2.010000000000000120e-01 4.420650000000000190e+00 7.030999999999999750e-02
1.000000000000000000e+01 2.079999999999999905e-01 4.124920000000000364e+00 5.469000000000000250e-02
1.100000000000000000e+01 2.010000000000000120e-01 4.164900000000000269e+00 5.079000000000000181e-02
1.200000000000000000e+01 1.940000000000000058e-01 4.344310000000000116e+00 5.176000000000000045e-02
1.300000000000000000e+01 2.010000000000000120e-01 4.723620000000000374e+00 6.001999999999999696e-02
1.400000000000000000e+01 1.940000000000000058e-01 4.808729999999999727e+00 6.857000000000000595e-02
1.500000000000000000e+01 1.880000000000000004e-01 4.635650000000000048e+00 7.467000000000000026e-02
1.600000000000000000e+01 1.940000000000000058e-01 4.505690000000000417e+00 7.789999999999999702e-02
1.700000000000000000e+01 1.940000000000000058e-01 4.350979999999999848e+00 8.236999999999999877e-02
1.800000000000000000e+01 1.880000000000000004e-01 4.224389999999999645e+00 8.630999999999999783e-02
1.900000000000000000e+01 1.739999999999999880e-01 4.122799999999999798e+00 8.963000000000000134e-02
2.000000000000000000e+01 1.739999999999999880e-01 4.069510000000000183e+00 9.260999999999999788e-02
2.100000000000000000e+01 1.739999999999999880e-01 4.070780000000000065e+00 9.461999999999999578e-02
2.200000000000000000e+01 1.739999999999999880e-01 4.085420000000000051e+00 9.679000000000000103e-02
2.300000000000000000e+01 1.600000000000000033e-01 4.093549999999999578e+00 9.890000000000000180e-02
2.400000000000000000e+01 1.600000000000000033e-01 4.126339999999999897e+00 9.964000000000000634e-02
2.500000000000000000e+01 1.600000000000000033e-01 4.165770000000000195e+00 9.955999999999999572e-02
2.600000000000000000e+01 1.600000000000000033e-01 4.229870000000000019e+00 9.786999999999999866e-02
2.700000000000000000e+01 1.529999999999999971e-01 4.353340000000000209e+00 9.421999999999999820e-02
2.800000000000000000e+01 1.459999999999999909e-01 4.570420000000000371e+00 8.969000000000000583e-02
2.900000000000000000e+01 1.459999999999999909e-01 4.847920000000000229e+00 8.588999999999999413e-02
3.000000000000000000e+01 1.529999999999999971e-01 5.161739999999999995e+00 8.426000000000000156e-02
3.100000000000000000e+01 1.529999999999999971e-01 5.578400000000000247e+00 8.587999999999999801e-02
3.200000000000000000e+01 1.739999999999999880e-01 6.028340000000000032e+00 9.704999999999999738e-02
3.300000000000000000e+01 1.880000000000000004e-01 6.335600000000000342e+00 1.332699999999999996e-01
3.400000000000000000e+01 -1.000000000000000000e+00 -1.000000000000000000e+00 0.000000000000000000e+00
3.500000000000000000e+01 -1.000000000000000000e+00 -1.000000000000000000e+00 0.000000000000000000e+00
3.600000000000000000e+01 -1.000000000000000000e+00 -1.000000000000000000e+00 0.000000000000000000e+00
3.700000000000000000e+01 -1.000000000000000000e+00 -1.000000000000000000e+00 0.000000000000000000e+00
3.800000000000000000e+01 -1.000000000000000000e+00 -1.000000000000000000e+00 0.000000000000000000e+00
3.900000000000000000e+01 -1.000000000000000000e+00 -1.000000000000000000e+00 0.000000000000000000e+00
4.000000000000000000e+01 -1.000000000000000000e+00 -1.000000000000000000e+00 0.000000000000000000e+00
4.100000000000000000e+01 -1.000000000000000000e+00 -1.000000000000000000e+00 0.000000000000000000e+00
4.200000000000000000e+01 -1.000000000000000000e+00 -1.000000000000000000e+00 0.000000000000000000e+00
4.300000000000000000e+01 -1.000000000000000000e+00 -1.000000000000000000e+00 0.000000000000000000e+00
4.400000000000000000e+01 -1.000000000000000000e+00 -1.000000000000000000e+00 0.000000000000000000e+00
4.500000000000000000e+01 -1.000000000000000000e+00 -1.000000000000000000e+00 0.000000000000000000e+00
4.600000000000000000e+01 -1.000000000000000000e+00 -1.000000000000000000e+00 0.000000000000000000e+00
4.700000000000000000e+01 -1.000000000000000000e+00 -1.000000000000000000e+00 0.000000000000000000e+00
4.800000000000000000e+01 -1.000000000000000000e+00 -1.000000000000000000e+00 0.000000000000000000e+00
4.900000000000000000e+01 -1.000000000000000000e+00 -1.000000000000000000e+00 0.000000000000000000e+00
5.000000000000000000e+01 -1.000000000000000000e+00 -1.000000000000000000e+00 0.000000000000000000e+00
5.100000000000000000e+01 -1.000000000000000000e+00 -1.000000000000000000e+00 0.000000000000000000e+00
5.200000000000000000e+01 -1.000000000000000000e+00 -1.000000000000000000e+00 0.000000000000000000e+00
5.300000000000000000e+01 -1.000000000000000000e+00 -1.000000000000000000e+00 0.000000000000000000e+00
5.400000000000000000e+01 -1.000000000000000000e+00 -1.000000000000000000e+00 0.000000000000000000e+00
5.500000000000000000e+01 -1.000000000000000000e+00 -1.000000000000000000e+00 0.000000000000000000e+00
5.600000000000000000e+01 -1.000000000000000000e+00 -1.000000000000000000e+00 0.000000000000000000e+00
5.700000000000000000e+01 -1.000000000000000000e+00 -1.000000000000000000e+00 0.000000000000000000e+00
5.800000000000000000e+01 -1.000000000000000000e+00 -1.000000000000000000e+00 0.000000000000000000e+00
5.900000000000000000e+01 -1.000000000000000000e+00 -1.000000000000000000e+00 0.000000000000000000e+00
6.000000000000000000e+01 -1.000000000000000000e+00 -1.000000000000000000e+00 0.000000000000000000e+00
6.100000000000000000e+01 -1.000000000000000000e+00 -1.000000000000000000e+00 0.000000000000000000e+00
6.200000000000000000e+01 -1.000000000000000000e+00 -1.000000000000000000e+00 0.000000000000000000e+00
6.300000000000000000e+01 -1.000000000000000000e+00 -1.000000000000000000e+00 0.000000000000000000e+00
6.400000000000000000e+01 -1.000000000000000000e+00 -1.000000000000000000e+00 0.000000000000000000e+00
6.500000000000000000e+01 -1.000000000000000000e+00 -1.000000000000000000e+00 0.000000000000000000e+00
6.600000000000000000e+01 -1.000000000000000000e+00 -1.000000000000000000e+00 0.000000000000000000e+00
6.700000000000000000e+01 -1.000000000000000000e+00 -1.000000000000000000e+00 0.000000000000000000e+00
6.800000000000000000e+01 -1.000000000000000000e+00 -1.000000000000000000e+00 0.000000000000000000e+00
6.900000000000000000e+01 1.940000000000000058e-01 3.780909999999999993e+00 2.969399999999999817e-01
7.000000000000000000e+01 1.940000000000000058e-01 3.780440000000000023e+00 5.397300000000000431e-01
7.100000000000000000e+01 1.940000000000000058e-01 3.780199999999999783e+00 6.938999999999999613e-01
7.200000000000000000e+01 1.940000000000000058e-01 3.771850000000000147e+00 8.647200000000000442e-01
7.300000000000000000e+01 1.940000000000000058e-01 3.757519999999999971e+00 9.393299999999999983e-01
7.400000000000000000e+01 1.940000000000000058e-01 3.743780000000000108e+00 8.133000000000000229e-01
7.500000000000000000e+01 1.869999999999999996e-01 3.731520000000000170e+00 7.238299999999999734e-01
7.600000000000000000e+01 1.869999999999999996e-01 3.716410000000000213e+00 6.540099999999999802e-01
7.700000000000000000e+01 1.869999999999999996e-01 3.701579999999999870e+00 6.028599999999999515e-01
7.800000000000000000e+01 1.869999999999999996e-01 3.688060000000000116e+00 5.582899999999999530e-01
7.900000000000000000e+01 1.869999999999999996e-01 3.676019999999999843e+00 5.230700000000000349e-01
8.000000000000000000e+01 1.869999999999999996e-01 3.664839999999999876e+00 4.946999999999999731e-01
8.100000000000000000e+01 1.869999999999999996e-01 3.655050000000000132e+00 4.715699999999999892e-01
8.200000000000000000e+01 1.869999999999999996e-01 3.652229999999999865e+00 4.524699999999999833e-01
8.300000000000000000e+01 1.869999999999999996e-01 3.650300000000000100e+00 4.359299999999999842e-01
8.400000000000000000e+01 1.940000000000000058e-01 3.647139999999999826e+00 4.208100000000000174e-01
8.500000000000000000e+01 1.880000000000000004e-01 3.643720000000000070e+00 4.072700000000000209e-01
8.600000000000000000e+01 1.880000000000000004e-01 3.641509999999999803e+00 3.929900000000000060e-01
8.700000000000000000e+01 1.880000000000000004e-01 3.641370000000000218e+00 3.788900000000000046e-01
8.800000000000000000e+01 1.809999999999999942e-01 3.640839999999999854e+00 3.659499999999999975e-01
8.900000000000000000e+01 1.809999999999999942e-01 3.641210000000000058e+00 3.545900000000000163e-01
9.000000000000000000e+01 1.739999999999999880e-01 3.641830000000000123e+00 3.443499999999999894e-01
9.100000000000000000e+01 1.739999999999999880e-01 3.642520000000000202e+00 3.344799999999999995e-01
9.200000000000000000e+01 1.880000000000000004e-01 3.645840000000000192e+00 3.258499999999999730e-01
9.300000000000000000e+01 1.880000000000000004e-01 3.651710000000000012e+00 3.178599999999999759e-01
9.400000000000000000e+01 1.880000000000000004e-01 3.657119999999999926e+00 3.105399999999999827e-01
9.500000000000000000e+01 1.880000000000000004e-01 3.666479999999999961e+00 3.042099999999999804e-01
9.600000000000000000e+01 1.880000000000000004e-01 3.676060000000000105e+00 2.978899999999999881e-01
9.700000000000000000e+01 1.940000000000000058e-01 3.686570000000000125e+00 2.921000000000000263e-01
9.800000000000000000e+01 1.940000000000000058e-01 3.697340000000000071e+00 2.866099999999999759e-01
9.900000000000000000e+01 1.940000000000000058e-01 3.709319999999999951e+00 2.811899999999999955e-01
1.000000000000000000e+02 1.940000000000000058e-01 3.721119999999999983e+00 2.757999999999999896e-01
1.010000000000000000e+02 1.940000000000000058e-01 3.732540000000000191e+00 2.706000000000000072e-01
1.020000000000000000e+02 1.940000000000000058e-01 3.741750000000000131e+00 2.654099999999999793e-01
1.030000000000000000e+02 1.940000000000000058e-01 3.749039999999999928e+00 2.603500000000000258e-01
1.040000000000000000e+02 1.940000000000000058e-01 3.756930000000000103e+00 2.555100000000000149e-01
1.050000000000000000e+02 1.940000000000000058e-01 3.768229999999999968e+00 2.508400000000000074e-01
1.060000000000000000e+02 1.940000000000000058e-01 3.778640000000000221e+00 2.465299999999999991e-01
1.070000000000000000e+02 1.940000000000000058e-01 3.786929999999999907e+00 2.425799999999999901e-01
1.080000000000000000e+02 1.940000000000000058e-01 3.794859999999999900e+00 2.387299999999999978e-01
1.090000000000000000e+02 1.940000000000000058e-01 3.803409999999999958e+00 2.351600000000000079e-01
1.100000000000000000e+02 2.010000000000000120e-01 3.810950000000000060e+00 2.316300000000000026e-01
1.110000000000000000e+02 2.010000000000000120e-01 3.815990000000000215e+00 2.281100000000000072e-01
1.120000000000000000e+02 2.079999999999999905e-01 3.821639999999999926e+00 2.247300000000000131e-01
1.130000000000000000e+02 2.079999999999999905e-01 3.826630000000000198e+00 2.213400000000000090e-01
1.140000000000000000e+02 2.079999999999999905e-01 3.833410000000000206e+00 2.180900000000000061e-01
1.150000000000000000e+02 2.079999999999999905e-01 3.841889999999999805e+00 2.150299999999999989e-01
1.160000000000000000e+02 2.079999999999999905e-01 3.851269999999999971e+00 2.121999999999999997e-01
1.170000000000000000e+02 2.079999999999999905e-01 3.859890000000000043e+00 2.094699999999999895e-01
1.180000000000000000e+02 2.079999999999999905e-01 3.870120000000000005e+00 2.068200000000000038e-01
1.190000000000000000e+02 2.079999999999999905e-01 3.878750000000000142e+00 2.041399999999999881e-01
1.200000000000000000e+02 2.079999999999999905e-01 3.884739999999999860e+00 2.015099999999999947e-01
