1.000000000000000000e+00 1.880000000000000004e-01 3.199809999999999821e+00 3.088400000000000034e-01
2.000000000000000000e+00 1.739999999999999880e-01 2.970800000000000107e+00 3.053899999999999948e-01
3.000000000000000000e+00 1.739999999999999880e-01 2.970800000000000107e+00 3.053899999999999948e-01
4.000000000000000000e+00 1.739999999999999880e-01 2.970800000000000107e+00 3.053899999999999948e-01
5.000000000000000000e+00 1.739999999999999880e-01 2.970800000000000107e+00 3.053899999999999948e-01
6.000000000000000000e+00 1.809999999999999942e-01 2.860100000000000087e+00 4.211599999999999788e-01
7.000000000000000000e+00 1.880000000000000004e-01 2.841279999999999806e+00 4.091099999999999737e-01
8.000000000000000000e+00 1.880000000000000004e-01 2.841279999999999806e+00 4.091099999999999737e-01
9.000000000000000000e+00 1.670000000000000095e-01 2.656130000000000102e+00 3.062799999999999967e-01
1.000000000000000000e+01 1.670000000000000095e-01 2.656130000000000102e+00 3.062799999999999967e-01
1.100000000000000000e+01 1.670000000000000095e-01 2.656130000000000102e+00 3.062799999999999967e-01
1.200000000000000000e+01 1.670000000000000095e-01 2.656130000000000102e+00 3.062799999999999967e-01
1.300000000000000000e+01 1.670000000000000095e-01 2.656130000000000102e+00 3.062799999999999967e-01
1.400000000000000000e+01 1.600000000000000033e-01 2.520480000000000054e+00 3.298300000000000121e-01
1.500000000000000000e+01 1.600000000000000033e-01 2.520480000000000054e+00 3.298300000000000121e-01
1.600000000000000000e+01 1.600000000000000033e-01 2.520480000000000054e+00 3.298300000000000121e-01
1.700000000000000000e+01 1.600000000000000033e-01 2.520480000000000054e+00 3.298300000000000121e-01
1.800000000000000000e+01 1.600000000000000033e-01 2.520480000000000054e+00 3.298300000000000121e-01
1.900000000000000000e+01 1.600000000000000033e-01 2.520480000000000054e+00 3.298300000000000121e-01
2.000000000000000000e+01 1.600000000000000033e-01 2.520480000000000054e+00 3.298300000000000121e-01
2.100000000000000000e+01 1.600000000000000033e-01 2.520480000000000054e+00 3.298300000000000121e-01
2.200000000000000000e+01 1.600000000000000033e-01 2.520480000000000054e+00 3.298300000000000121e-01
2.300000000000000000e+01 1.600000000000000033e-01 2.520480000000000054e+00 3.298300000000000121e-01
2.400000000000000000e+01 1.600000000000000033e-01 2.520480000000000054e+00 3.298300000000000121e-01
2.500000000000000000e+01 1.600000000000000033e-01 2.520480000000000054e+00 3.298300000000000121e-01
2.600000000000000000e+01 1.600000000000000033e-01 2.520480000000000054e+00 3.298300000000000121e-01
2.700000000000000000e+01 1.600000000000000033e-01 2.520480000000000054e+00 3.298300000000000121e-01
2.800000000000000000e+01 1.600000000000000033e-01 2.520480000000000054e+00 3.298300000000000121e-01
2.900000000000000000e+01 1.600000000000000033e-01 2.520480000000000054e+00 3.298300000000000121e-01
3.000000000000000000e+01 1.600000000000000033e-01 2.520480000000000054e+00 3.298300000000000121e-01
3.100000000000000000e+01 1.600000000000000033e-01 2.520480000000000054e+00 3.298300000000000121e-01
3.200000000000000000e+01 1.600000000000000033e-01 2.520480000000000054e+00 3.298300000000000121e-01
3.300000000000000000e+01 1.600000000000000033e-01 2.520480000000000054e+00 3.298300000000000121e-01
3.400000000000000000e+01 1.600000000000000033e-01 2.520480000000000054e+00 3.298300000000000121e-01
3.500000000000000000e+01 1.600000000000000033e-01 2.520480000000000054e+00 3.298300000000000121e-01
3.600000000000000000e+01 1.940000000000000058e-01 2.564049999999999940e+00 6.927400000000000224e-01
3.700000000000000000e+01 1.940000000000000058e-01 2.564049999999999940e+00 6.927400000000000224e-01
3.800000000000000000e+01 1.940000000000000058e-01 2.564049999999999940e+00 6.927400000000000224e-01
3.900000000000000000e+01 1.809999999999999942e-01 2.499870000000000037e+00 4.973099999999999743e-01
4.000000000000000000e+01 1.809999999999999942e-01 2.499870000000000037e+00 4.973099999999999743e-01
4.100000000000000000e+01 1.809999999999999942e-01 2.499870000000000037e+00 4.973099999999999743e-01
4.200000000000000000e+01 1.739999999999999880e-01 2.438489999999999824e+00 5.065800000000000303e-01
4.300000000000000000e+01 1.739999999999999880e-01 2.438489999999999824e+00 5.065800000000000303e-01
4.400000000000000000e+01 1.739999999999999880e-01 2.438489999999999824e+00 5.065800000000000303e-01
4.500000000000000000e+01 1.809999999999999942e-01 2.362999999999999989e+00 5.255300000000000527e-01
4.600000000000000000e+01 1.809999999999999942e-01 2.362999999999999989e+00 5.255300000000000527e-01
4.700000000000000000e+01 1.809999999999999942e-01 2.362999999999999989e+00 5.255300000000000527e-01
4.800000000000000000e+01 1.809999999999999942e-01 2.362999999999999989e+00 5.255300000000000527e-01
4.900000000000000000e+01 1.809999999999999942e-01 2.362999999999999989e+00 5.255300000000000527e-01
5.000000000000000000e+01 1.809999999999999942e-01 2.362999999999999989e+00 5.255300000000000527e-01
5.100000000000000000e+01 1.809999999999999942e-01 2.362999999999999989e+00 5.255300000000000527e-01
5.200000000000000000e+01 1.809999999999999942e-01 2.362999999999999989e+00 5.255300000000000527e-01
5.300000000000000000e+01 1.809999999999999942e-01 2.362999999999999989e+00 5.255300000000000527e-01
5.400000000000000000e+01 1.809999999999999942e-01 2.362999999999999989e+00 5.255300000000000527e-01
5.500000000000000000e+01 1.809999999999999942e-01 2.362999999999999989e+00 5.255300000000000527e-01
5.600000000000000000e+01 1.809999999999999942e-01 2.362999999999999989e+00 5.255300000000000527e-01
5.700000000000000000e+01 1.809999999999999942e-01 2.362999999999999989e+00 5.255300000000000527e-01
5.800000000000000000e+01 2.010000000000000120e-01 2.149960000000000093e+00 4.265599999999999947e-01
5.900000000000000000e+01 2.010000000000000120e-01 2.149960000000000093e+00 4.265599999999999947e-01
6.000000000000000000e+01 2.010000000000000120e-01 2.149960000000000093e+00 4.265599999999999947e-01
6.100000000000000000e+01 2.010000000000000120e-01 2.149960000000000093e+00 4.265599999999999947e-01
6.200000000000000000e+01 2.010000000000000120e-01 2.149960000000000093e+00 4.265599999999999947e-01
6.300000000000000000e+01 2.010000000000000120e-01 2.149960000000000093e+00 4.265599999999999947e-01
6.400000000000000000e+01 2.010000000000000120e-01 2.149960000000000093e+00 4.265599999999999947e-01
6.500000000000000000e+01 2.010000000000000120e-01 2.149960000000000093e+00 4.265599999999999947e-01
6.600000000000000000e+01 2.010000000000000120e-01 2.149960000000000093e+00 4.265599999999999947e-01
6.700000000000000000e+01 2.010000000000000120e-01 2.149960000000000093e+00 4.265599999999999947e-01
6.800000000000000000e+01 2.010000000000000120e-01 2.149960000000000093e+00 4.265599999999999947e-01
6.900000000000000000e+01 2.010000000000000120e-01 2.149960000000000093e+00 4.265599999999999947e-01
7.000000000000000000e+01 2.010000000000000120e-01 2.149960000000000093e+00 4.265599999999999947e-01
7.100000000000000000e+01 2.010000000000000120e-01 2.149960000000000093e+00 4.265599999999999947e-01
7.200000000000000000e+01 2.010000000000000120e-01 2.149960000000000093e+00 4.265599999999999947e-01
7.300000000000000000e+01 2.010000000000000120e-01 2.149960000000000093e+00 4.265599999999999947e-01
7.400000000000000000e+01 1.940000000000000058e-01 2.564049999999999940e+00 6.927400000000000224e-01
7.500000000000000000e+01 1.940000000000000058e-01 2.564049999999999940e+00 6.927400000000000224e-01
7.600000000000000000e+01 1.940000000000000058e-01 2.564049999999999940e+00 6.927400000000000224e-01
7.700000000000000000e+01 1.940000000000000058e-01 2.564049999999999940e+00 6.927400000000000224e-01
7.800000000000000000e+01 1.940000000000000058e-01 2.564049999999999940e+00 6.927400000000000224e-01
7.900000000000000000e+01 1.940000000000000058e-01 2.564049999999999940e+00 6.927400000000000224e-01
8.000000000000000000e+01 1.940000000000000058e-01 2.564049999999999940e+00 6.927400000000000224e-01
8.100000000000000000e+01 1.940000000000000058e-01 2.564049999999999940e+00 6.927400000000000224e-01
8.200000000000000000e+01 1.940000000000000058e-01 2.564049999999999940e+00 6.927400000000000224e-01
8.300000000000000000e+01 1.940000000000000058e-01 2.564049999999999940e+00 6.927400000000000224e-01
8.400000000000000000e+01 1.940000000000000058e-01 2.564049999999999940e+00 6.927400000000000224e-01
8.500000000000000000e+01 1.940000000000000058e-01 2.564049999999999940e+00 6.927400000000000224e-01
8.600000000000000000e+01 1.940000000000000058e-01 2.564049999999999940e+00 6.927400000000000224e-01
8.700000000000000000e+01 1.940000000000000058e-01 2.564049999999999940e+00 6.927400000000000224e-01
8.800000000000000000e+01 1.940000000000000058e-01 2.564049999999999940e+00 6.927400000000000224e-01
8.900000000000000000e+01 1.940000000000000058e-01 2.564049999999999940e+00 6.927400000000000224e-01
9.000000000000000000e+01 1.940000000000000058e-01 2.564049999999999940e+00 6.927400000000000224e-01
9.100000000000000000e+01 1.940000000000000058e-01 2.564049999999999940e+00 6.927400000000000224e-01
9.200000000000000000e+01 1.940000000000000058e-01 2.564049999999999940e+00 6.927400000000000224e-01
9.300000000000000000e+01 1.940000000000000058e-01 2.564049999999999940e+00 6.927400000000000224e-01
9.400000000000000000e+01 1.940000000000000058e-01 2.564049999999999940e+00 6.927400000000000224e-01
9.500000000000000000e+01 1.940000000000000058e-01 2.564049999999999940e+00 6.927400000000000224e-01
9.600000000000000000e+01 1.940000000000000058e-01 2.564049999999999940e+00 6.927400000000000224e-01
9.700000000000000000e+01 1.940000000000000058e-01 2.564049999999999940e+00 6.927400000000000224e-01
9.800000000000000000e+01 1.940000000000000058e-01 2.564049999999999940e+00 6.927400000000000224e-01
9.900000000000000000e+01 1.940000000000000058e-01 2.564049999999999940e+00 6.927400000000000224e-01
1.000000000000000000e+02 1.940000000000000058e-01 2.564049999999999940e+00 6.927400000000000224e-01
1.010000000000000000e+02 1.809999999999999942e-01 2.608919999999999906e+00 3.168000000000000260e-01
1.020000000000000000e+02 1.809999999999999942e-01 2.608919999999999906e+00 3.168000000000000260e-01
1.030000000000000000e+02 1.809999999999999942e-01 2.608919999999999906e+00 3.168000000000000260e-01
1.040000000000000000e+02 1.940000000000000058e-01 2.376850000000000129e+00 3.764199999999999768e-01
1.050000000000000000e+02 1.940000000000000058e-01 2.376850000000000129e+00 3.764199999999999768e-01
1.060000000000000000e+02 1.940000000000000058e-01 2.376850000000000129e+00 3.764199999999999768e-01
1.070000000000000000e+02 1.940000000000000058e-01 2.376850000000000129e+00 3.764199999999999768e-01
1.080000000000000000e+02 1.940000000000000058e-01 2.376850000000000129e+00 3.764199999999999768e-01
1.090000000000000000e+02 1.940000000000000058e-01 2.376850000000000129e+00 3.764199999999999768e-01
1.100000000000000000e+02 1.940000000000000058e-01 2.376850000000000129e+00 3.764199999999999768e-01
1.110000000000000000e+02 1.940000000000000058e-01 2.376850000000000129e+00 3.764199999999999768e-01
1.120000000000000000e+02 1.940000000000000058e-01 2.376850000000000129e+00 3.764199999999999768e-01
1.130000000000000000e+02 1.940000000000000058e-01 2.376850000000000129e+00 3.764199999999999768e-01
1.140000000000000000e+02 1.940000000000000058e-01 2.376850000000000129e+00 3.764199999999999768e-01
1.150000000000000000e+02 1.940000000000000058e-01 2.376850000000000129e+00 3.764199999999999768e-01
1.160000000000000000e+02 1.940000000000000058e-01 2.376850000000000129e+00 3.764199999999999768e-01
1.170000000000000000e+02 1.940000000000000058e-01 2.376850000000000129e+00 3.764199999999999768e-01
1.180000000000000000e+02 1.940000000000000058e-01 2.376850000000000129e+00 3.764199999999999768e-01
1.190000000000000000e+02 1.940000000000000058e-01 2.376850000000000129e+00 3.764199999999999768e-01
1.200000000000000000e+02 1.940000000000000058e-01 2.376850000000000129e+00 3.764199999999999768e-01
