1.000000000000000000e+00 2.149999999999999967e-01 5.908750000000000391e+00 1.047099999999999975e-01
2.000000000000000000e+00 2.010000000000000120e-01 5.679759999999999920e+00 5.947999999999999815e-02
3.000000000000000000e+00 1.940000000000000058e-01 6.194560000000000066e+00 7.867999999999999994e-02
4.000000000000000000e+00 1.869999999999999996e-01 6.423930000000000362e+00 6.074000000000000232e-02
5.000000000000000000e+00 1.940000000000000058e-01 6.401830000000000354e+00 5.895999999999999852e-02
6.000000000000000000e+00 1.880000000000000004e-01 6.408400000000000318e+00 6.486000000000000099e-02
7.000000000000000000e+00 1.880000000000000004e-01 6.185520000000000351e+00 6.597999999999999698e-02
8.000000000000000000e+00 1.880000000000000004e-01 5.996269999999999989e+00 5.943999999999999978e-02
9.000000000000000000e+00 1.880000000000000004e-01 5.975550000000000139e+00 5.874000000000000055e-02
1.000000000000000000e+01 1.869999999999999996e-01 6.078100000000000058e+00 6.256000000000000449e-02
1.100000000000000000e+01 1.809999999999999942e-01 6.018489999999999895e+00 6.812999999999999612e-02
1.200000000000000000e+01 1.869999999999999996e-01 5.953439999999999621e+00 7.234000000000000152e-02
1.300000000000000000e+01 1.940000000000000058e-01 5.920650000000000190e+00 7.528999999999999582e-02
1.400000000000000000e+01 1.940000000000000058e-01 5.911249999999999893e+00 7.766000000000000680e-02
1.500000000000000000e+01 1.880000000000000004e-01 5.906259999999999621e+00 7.997999999999999554e-02
1.600000000000000000e+01 1.940000000000000058e-01 5.905249999999999666e+00 8.393000000000000460e-02
1.700000000000000000e+01 1.880000000000000004e-01 5.895599999999999952e+00 8.705000000000000238e-02
1.800000000000000000e+01 1.880000000000000004e-01 5.870870000000000033e+00 9.020999999999999852e-02
1.900000000000000000e+01 1.880000000000000004e-01 5.806989999999999874e+00 9.578000000000000402e-02
2.000000000000000000e+01 1.940000000000000058e-01 5.709620000000000140e+00 1.017799999999999955e-01
2.100000000000000000e+01 1.880000000000000004e-01 5.597819999999999574e+00 1.055699999999999972e-01
2.200000000000000000e+01 1.809999999999999942e-01 5.490099999999999980e+00 1.085300000000000015e-01
2.300000000000000000e+01 1.809999999999999942e-01 5.404810000000000336e+00 1.104799999999999949e-01
2.400000000000000000e+01 1.809999999999999942e-01 5.343600000000000350e+00 1.108500000000000041e-01
2.500000000000000000e+01 1.809999999999999942e-01 5.286520000000000330e+00 1.114099999999999951e-01
2.600000000000000000e+01 1.739999999999999880e-01 5.225570000000000270e+00 1.126899999999999985e-01
2.700000000000000000e+01 1.739999999999999880e-01 5.151209999999999845e+00 1.150700000000000056e-01
2.800000000000000000e+01 1.739999999999999880e-01 5.059870000000000090e+00 1.185299999999999965e-01
2.900000000000000000e+01 1.809999999999999942e-01 4.976029999999999731e+00 1.218400000000000039e-01
3.000000000000000000e+01 1.809999999999999942e-01 4.901080000000000325e+00 1.248100000000000043e-01
3.100000000000000000e+01 1.809999999999999942e-01 4.831150000000000055e+00 1.273499999999999910e-01
3.200000000000000000e+01 1.809999999999999942e-01 4.763060000000000294e+00 1.300099999999999867e-01
3.300000000000000000e+01 1.869999999999999996e-01 4.718549999999999578e+00 1.312099999999999933e-01
3.400000000000000000e+01 1.869999999999999996e-01 4.683659999999999712e+00 1.319299999999999917e-01
3.500000000000000000e+01 1.869999999999999996e-01 4.655610000000000248e+00 1.322800000000000087e-01
3.600000000000000000e+01 1.869999999999999996e-01 4.635030000000000427e+00 1.325300000000000089e-01
3.700000000000000000e+01 1.869999999999999996e-01 4.625429999999999708e+00 1.329899999999999971e-01
3.800000000000000000e+01 1.869999999999999996e-01 4.627309999999999590e+00 1.332099999999999951e-01
3.900000000000000000e+01 1.869999999999999996e-01 4.619769999999999932e+00 1.339700000000000057e-01
4.000000000000000000e+01 1.869999999999999996e-01 4.586540000000000283e+00 1.350200000000000011e-01
4.100000000000000000e+01 1.869999999999999996e-01 4.552539999999999587e+00 1.357099999999999973e-01
4.200000000000000000e+01 1.869999999999999996e-01 4.489910000000000068e+00 1.373399999999999899e-01
4.300000000000000000e+01 1.869999999999999996e-01 4.420449999999999768e+00 1.387700000000000045e-01
4.400000000000000000e+01 1.869999999999999996e-01 4.353110000000000035e+00 1.398099999999999898e-01
4.500000000000000000e+01 1.869999999999999996e-01 4.287230000000000096e+00 1.400099999999999956e-01
4.600000000000000000e+01 1.869999999999999996e-01 4.237529999999999575e+00 1.406000000000000028e-01
4.700000000000000000e+01 1.869999999999999996e-01 4.192619999999999791e+00 1.412100000000000022e-01
4.800000000000000000e+01 1.869999999999999996e-01 4.156520000000000437e+00 1.420599999999999918e-01
4.900000000000000000e+01 1.869999999999999996e-01 4.129139999999999588e+00 1.429700000000000137e-01
5.000000000000000000e+01 1.869999999999999996e-01 4.099400000000000155e+00 1.438399999999999956e-01
5.100000000000000000e+01 1.869999999999999996e-01 4.070570000000000022e+00 1.445400000000000018e-01
5.200000000000000000e+01 1.869999999999999996e-01 4.049699999999999633e+00 1.452900000000000025e-01
5.300000000000000000e+01 1.869999999999999996e-01 4.028369999999999784e+00 1.459000000000000019e-01
5.400000000000000000e+01 1.869999999999999996e-01 4.004389999999999894e+00 1.465500000000000136e-01
5.500000000000000000e+01 1.869999999999999996e-01 3.977110000000000145e+00 1.470599999999999963e-01
5.600000000000000000e+01 1.869999999999999996e-01 3.952249999999999819e+00 1.474199999999999955e-01
5.700000000000000000e+01 1.869999999999999996e-01 3.926730000000000054e+00 1.476899999999999880e-01
5.800000000000000000e+01 1.869999999999999996e-01 3.900459999999999816e+00 1.478200000000000069e-01
5.900000000000000000e+01 1.869999999999999996e-01 3.876100000000000101e+00 1.478500000000000092e-01
6.000000000000000000e+01 1.809999999999999942e-01 3.851649999999999796e+00 1.477999999999999869e-01
6.100000000000000000e+01 1.809999999999999942e-01 3.819100000000000161e+00 1.478399999999999992e-01
6.200000000000000000e+01 1.809999999999999942e-01 3.768269999999999786e+00 1.477199999999999902e-01
6.300000000000000000e+01 1.809999999999999942e-01 3.695110000000000117e+00 1.471200000000000008e-01
6.400000000000000000e+01 1.809999999999999942e-01 3.622679999999999900e+00 1.463599999999999901e-01
6.500000000000000000e+01 1.809999999999999942e-01 3.559450000000000003e+00 1.456500000000000017e-01
6.600000000000000000e+01 1.600000000000000033e-01 6.917939999999999756e+00 8.071000000000000396e-01
6.700000000000000000e+01 1.809999999999999942e-01 3.428770000000000095e+00 1.438200000000000034e-01
6.800000000000000000e+01 1.809999999999999942e-01 3.364189999999999792e+00 1.427900000000000003e-01
6.900000000000000000e+01 1.809999999999999942e-01 3.302950000000000053e+00 1.417100000000000026e-01
7.000000000000000000e+01 1.600000000000000033e-01 6.912600000000000300e+00 8.145000000000000018e-01
7.100000000000000000e+01 1.809999999999999942e-01 3.185020000000000184e+00 1.395000000000000129e-01
7.200000000000000000e+01 1.600000000000000033e-01 6.908739999999999881e+00 8.179899999999999949e-01
7.300000000000000000e+01 1.600000000000000033e-01 6.906740000000000101e+00 8.196799999999999642e-01
7.400000000000000000e+01 1.600000000000000033e-01 6.904650000000000176e+00 8.214299999999999935e-01
7.500000000000000000e+01 1.809999999999999942e-01 3.016680000000000028e+00 1.362400000000000000e-01
7.600000000000000000e+01 1.600000000000000033e-01 6.901670000000000194e+00 8.245500000000000052e-01
7.700000000000000000e+01 1.600000000000000033e-01 6.900929999999999787e+00 8.260300000000000420e-01
7.800000000000000000e+01 1.809999999999999942e-01 3.022190000000000154e+00 1.342500000000000082e-01
7.900000000000000000e+01 1.600000000000000033e-01 6.899829999999999686e+00 8.290999999999999481e-01
8.000000000000000000e+01 1.600000000000000033e-01 6.899289999999999701e+00 8.306599999999999540e-01
8.100000000000000000e+01 1.600000000000000033e-01 6.898889999999999745e+00 8.321399999999999908e-01
8.200000000000000000e+01 1.600000000000000033e-01 6.898539999999999672e+00 8.335599999999999676e-01
8.300000000000000000e+01 1.600000000000000033e-01 6.898670000000000080e+00 8.350300000000000500e-01
8.400000000000000000e+01 1.600000000000000033e-01 6.899160000000000181e+00 8.365500000000000158e-01
8.500000000000000000e+01 1.600000000000000033e-01 6.899630000000000152e+00 8.379900000000000126e-01
8.600000000000000000e+01 1.600000000000000033e-01 6.900109999999999744e+00 8.393800000000000150e-01
8.700000000000000000e+01 1.600000000000000033e-01 6.900780000000000136e+00 8.407700000000000173e-01
8.800000000000000000e+01 1.600000000000000033e-01 6.901709999999999567e+00 8.420900000000000052e-01
8.900000000000000000e+01 1.600000000000000033e-01 6.902459999999999596e+00 8.433899999999999730e-01
9.000000000000000000e+01 1.600000000000000033e-01 6.903089999999999726e+00 8.446900000000000519e-01
9.100000000000000000e+01 1.600000000000000033e-01 6.903699999999999726e+00 8.459499999999999797e-01
9.200000000000000000e+01 1.600000000000000033e-01 6.904250000000000220e+00 8.471600000000000241e-01
9.300000000000000000e+01 1.600000000000000033e-01 6.904670000000000307e+00 8.483199999999999630e-01
9.400000000000000000e+01 1.600000000000000033e-01 6.905190000000000161e+00 8.495500000000000274e-01
9.500000000000000000e+01 1.600000000000000033e-01 6.905649999999999622e+00 8.507400000000000517e-01
9.600000000000000000e+01 1.600000000000000033e-01 6.905750000000000277e+00 8.518499999999999961e-01
9.700000000000000000e+01 1.600000000000000033e-01 6.905780000000000030e+00 8.529200000000000115e-01
9.800000000000000000e+01 1.600000000000000033e-01 6.905949999999999811e+00 8.539799999999999613e-01
9.900000000000000000e+01 1.600000000000000033e-01 6.905910000000000437e+00 8.549600000000000533e-01
1.000000000000000000e+02 1.600000000000000033e-01 6.905969999999999942e+00 8.558999999999999941e-01
1.010000000000000000e+02 1.600000000000000033e-01 6.906229999999999869e+00 8.568000000000000060e-01
1.020000000000000000e+02 1.600000000000000033e-01 6.906850000000000378e+00 8.577099999999999724e-01
1.030000000000000000e+02 1.600000000000000033e-01 6.907709999999999795e+00 8.586200000000000498e-01
1.040000000000000000e+02 1.600000000000000033e-01 6.908350000000000435e+00 8.595099999999999962e-01
1.050000000000000000e+02 1.600000000000000033e-01 6.908859999999999779e+00 8.603699999999999681e-01
1.060000000000000000e+02 1.600000000000000033e-01 6.909229999999999983e+00 8.612100000000000311e-01
1.070000000000000000e+02 1.600000000000000033e-01 6.909589999999999677e+00 8.620200000000000085e-01
1.080000000000000000e+02 1.600000000000000033e-01 6.910050000000000026e+00 8.628299999999999859e-01
1.090000000000000000e+02 1.600000000000000033e-01 6.910339999999999705e+00 8.636200000000000543e-01
1.100000000000000000e+02 1.600000000000000033e-01 6.910490000000000244e+00 8.643800000000000372e-01
1.110000000000000000e+02 1.600000000000000033e-01 6.910560000000000258e+00 8.651200000000000001e-01
1.120000000000000000e+02 1.600000000000000033e-01 6.910619999999999763e+00 8.658200000000000340e-01
1.130000000000000000e+02 1.600000000000000033e-01 6.910929999999999573e+00 8.665199999999999569e-01
1.140000000000000000e+02 1.600000000000000033e-01 6.911369999999999791e+00 8.672299999999999454e-01
1.150000000000000000e+02 1.600000000000000033e-01 6.911769999999999747e+00 8.679400000000000448e-01
1.160000000000000000e+02 1.600000000000000033e-01 6.911999999999999922e+00 8.686300000000000132e-01
1.170000000000000000e+02 1.600000000000000033e-01 6.912099999999999689e+00 8.693100000000000271e-01
1.180000000000000000e+02 1.600000000000000033e-01 6.912270000000000358e+00 8.699900000000000411e-01
1.190000000000000000e+02 1.600000000000000033e-01 6.912460000000000271e+00 8.706399999999999695e-01
1.200000000000000000e+02 1.600000000000000033e-01 6.912620000000000431e+00 8.713100000000000289e-01
