1.000000000000000000e+00 1.670000000000000095e-01 3.734710000000000196e+00 4.530799999999999828e-01
2.000000000000000000e+00 1.670000000000000095e-01 3.734710000000000196e+00 4.530799999999999828e-01
3.000000000000000000e+00 1.600000000000000033e-01 4.333260000000000112e+00 3.678899999999999948e-01
4.000000000000000000e+00 2.010000000000000120e-01 5.007089999999999819e+00 4.926499999999999768e-01
5.000000000000000000e+00 2.010000000000000120e-01 5.007089999999999819e+00 4.926499999999999768e-01
6.000000000000000000e+00 1.250000000000000000e-01 5.485970000000000013e+00 6.447100000000000053e-01
7.000000000000000000e+00 1.459999999999999909e-01 6.278190000000000381e+00 5.346600000000000241e-01
8.000000000000000000e+00 1.940000000000000058e-01 6.318380000000000329e+00 6.243699999999999806e-01
9.000000000000000000e+00 1.600000000000000033e-01 5.786019999999999719e+00 4.464099999999999735e-01
1.000000000000000000e+01 1.940000000000000058e-01 6.318380000000000329e+00 6.243699999999999806e-01
1.100000000000000000e+01 1.600000000000000033e-01 5.065229999999999677e+00 8.727599999999999802e-01
1.200000000000000000e+01 1.670000000000000095e-01 4.521250000000000213e+00 5.702099999999999946e-01
1.300000000000000000e+01 1.670000000000000095e-01 4.521250000000000213e+00 5.702099999999999946e-01
1.400000000000000000e+01 1.110000000000000014e-01 2.323280000000000012e+00 4.008300000000000196e-01
1.500000000000000000e+01 1.110000000000000014e-01 2.323280000000000012e+00 4.008300000000000196e-01
1.600000000000000000e+01 6.900000000000000577e-02 2.084509999999999863e+00 3.419099999999999917e-01
1.700000000000000000e+01 1.670000000000000095e-01 4.521250000000000213e+00 5.702099999999999946e-01
1.800000000000000000e+01 1.809999999999999942e-01 5.754929999999999879e+00 4.282000000000000250e-01
1.900000000000000000e+01 1.809999999999999942e-01 5.754929999999999879e+00 4.282000000000000250e-01
2.000000000000000000e+01 1.809999999999999942e-01 5.754929999999999879e+00 4.282000000000000250e-01
2.100000000000000000e+01 1.809999999999999942e-01 5.754929999999999879e+00 4.282000000000000250e-01
2.200000000000000000e+01 1.809999999999999942e-01 5.754929999999999879e+00 4.282000000000000250e-01
2.300000000000000000e+01 1.809999999999999942e-01 5.754929999999999879e+00 4.282000000000000250e-01
2.400000000000000000e+01 1.809999999999999942e-01 5.754929999999999879e+00 4.282000000000000250e-01
2.500000000000000000e+01 1.809999999999999942e-01 5.754929999999999879e+00 4.282000000000000250e-01
2.600000000000000000e+01 1.739999999999999880e-01 5.511980000000000324e+00 3.229400000000000048e-01
2.700000000000000000e+01 1.739999999999999880e-01 5.511980000000000324e+00 3.229400000000000048e-01
2.800000000000000000e+01 1.739999999999999880e-01 5.511980000000000324e+00 3.229400000000000048e-01
2.900000000000000000e+01 1.739999999999999880e-01 5.511980000000000324e+00 3.229400000000000048e-01
3.000000000000000000e+01 1.739999999999999880e-01 5.511980000000000324e+00 3.229400000000000048e-01
3.100000000000000000e+01 1.809999999999999942e-01 5.754929999999999879e+00 4.282000000000000250e-01
3.200000000000000000e+01 1.739999999999999880e-01 5.511980000000000324e+00 3.229400000000000048e-01
3.300000000000000000e+01 1.739999999999999880e-01 5.511980000000000324e+00 3.229400000000000048e-01
3.400000000000000000e+01 1.739999999999999880e-01 5.511980000000000324e+00 3.229400000000000048e-01
3.500000000000000000e+01 1.739999999999999880e-01 5.511980000000000324e+00 3.229400000000000048e-01
3.600000000000000000e+01 1.739999999999999880e-01 5.511980000000000324e+00 3.229400000000000048e-01
3.700000000000000000e+01 1.739999999999999880e-01 7.624950000000000117e+00 3.586500000000000243e-01
3.800000000000000000e+01 1.739999999999999880e-01 5.511980000000000324e+00 3.229400000000000048e-01
3.900000000000000000e+01 1.739999999999999880e-01 6.164579999999999949e+00 3.032500000000000195e-01
4.000000000000000000e+01 1.739999999999999880e-01 6.164579999999999949e+00 3.032500000000000195e-01
4.100000000000000000e+01 1.739999999999999880e-01 6.164579999999999949e+00 3.032500000000000195e-01
4.200000000000000000e+01 1.739999999999999880e-01 6.164579999999999949e+00 3.032500000000000195e-01
4.300000000000000000e+01 1.739999999999999880e-01 6.164579999999999949e+00 3.032500000000000195e-01
4.400000000000000000e+01 1.739999999999999880e-01 6.164579999999999949e+00 3.032500000000000195e-01
4.500000000000000000e+01 1.739999999999999880e-01 6.164579999999999949e+00 3.032500000000000195e-01
4.600000000000000000e+01 1.739999999999999880e-01 6.164579999999999949e+00 3.032500000000000195e-01
4.700000000000000000e+01 1.739999999999999880e-01 6.164579999999999949e+00 3.032500000000000195e-01
4.800000000000000000e+01 1.739999999999999880e-01 6.164579999999999949e+00 3.032500000000000195e-01
4.900000000000000000e+01 1.739999999999999880e-01 6.164579999999999949e+00 3.032500000000000195e-01
5.000000000000000000e+01 1.739999999999999880e-01 6.164579999999999949e+00 3.032500000000000195e-01
5.100000000000000000e+01 1.739999999999999880e-01 6.164579999999999949e+00 3.032500000000000195e-01
5.200000000000000000e+01 1.809999999999999942e-01 6.939910000000000245e+00 3.003399999999999959e-01
5.300000000000000000e+01 1.739999999999999880e-01 6.256319999999999659e+00 3.089999999999999969e-01
5.400000000000000000e+01 1.739999999999999880e-01 6.256319999999999659e+00 3.089999999999999969e-01
5.500000000000000000e+01 1.809999999999999942e-01 6.939910000000000245e+00 3.003399999999999959e-01
5.600000000000000000e+01 1.739999999999999880e-01 6.256319999999999659e+00 3.089999999999999969e-01
5.700000000000000000e+01 1.739999999999999880e-01 6.256319999999999659e+00 3.089999999999999969e-01
5.800000000000000000e+01 1.739999999999999880e-01 6.256319999999999659e+00 3.089999999999999969e-01
5.900000000000000000e+01 1.880000000000000004e-01 6.795270000000000366e+00 3.486199999999999855e-01
6.000000000000000000e+01 1.880000000000000004e-01 6.795270000000000366e+00 3.486199999999999855e-01
6.100000000000000000e+01 1.880000000000000004e-01 6.795270000000000366e+00 3.486199999999999855e-01
6.200000000000000000e+01 1.880000000000000004e-01 6.795270000000000366e+00 3.486199999999999855e-01
6.300000000000000000e+01 1.880000000000000004e-01 6.795270000000000366e+00 3.486199999999999855e-01
6.400000000000000000e+01 1.880000000000000004e-01 6.795270000000000366e+00 3.486199999999999855e-01
6.500000000000000000e+01 1.880000000000000004e-01 6.795270000000000366e+00 3.486199999999999855e-01
6.600000000000000000e+01 1.809999999999999942e-01 6.939910000000000245e+00 3.003399999999999959e-01
6.700000000000000000e+01 1.809999999999999942e-01 6.939910000000000245e+00 3.003399999999999959e-01
6.800000000000000000e+01 1.809999999999999942e-01 6.939910000000000245e+00 3.003399999999999959e-01
6.900000000000000000e+01 1.809999999999999942e-01 6.939910000000000245e+00 3.003399999999999959e-01
7.000000000000000000e+01 1.809999999999999942e-01 6.939910000000000245e+00 3.003399999999999959e-01
7.100000000000000000e+01 1.809999999999999942e-01 6.939910000000000245e+00 3.003399999999999959e-01
7.200000000000000000e+01 1.809999999999999942e-01 5.592900000000000205e+00 4.409100000000000241e-01
7.300000000000000000e+01 1.809999999999999942e-01 5.592900000000000205e+00 4.409100000000000241e-01
7.400000000000000000e+01 1.809999999999999942e-01 5.592900000000000205e+00 4.409100000000000241e-01
7.500000000000000000e+01 1.809999999999999942e-01 5.592900000000000205e+00 4.409100000000000241e-01
7.600000000000000000e+01 1.809999999999999942e-01 5.592900000000000205e+00 4.409100000000000241e-01
7.700000000000000000e+01 1.809999999999999942e-01 5.592900000000000205e+00 4.409100000000000241e-01
7.800000000000000000e+01 1.809999999999999942e-01 5.592900000000000205e+00 4.409100000000000241e-01
7.900000000000000000e+01 1.809999999999999942e-01 5.592900000000000205e+00 4.409100000000000241e-01
8.000000000000000000e+01 1.809999999999999942e-01 5.592900000000000205e+00 4.409100000000000241e-01
8.100000000000000000e+01 1.809999999999999942e-01 5.592900000000000205e+00 4.409100000000000241e-01
8.200000000000000000e+01 1.809999999999999942e-01 5.592900000000000205e+00 4.409100000000000241e-01
8.300000000000000000e+01 1.809999999999999942e-01 5.592900000000000205e+00 4.409100000000000241e-01
8.400000000000000000e+01 1.809999999999999942e-01 5.592900000000000205e+00 4.409100000000000241e-01
8.500000000000000000e+01 1.809999999999999942e-01 5.592900000000000205e+00 4.409100000000000241e-01
8.600000000000000000e+01 1.809999999999999942e-01 5.592900000000000205e+00 4.409100000000000241e-01
8.700000000000000000e+01 1.809999999999999942e-01 5.592900000000000205e+00 4.409100000000000241e-01
8.800000000000000000e+01 1.809999999999999942e-01 5.592900000000000205e+00 4.409100000000000241e-01
8.900000000000000000e+01 1.600000000000000033e-01 5.485100000000000087e+00 6.680899999999999617e-01
9.000000000000000000e+01 1.600000000000000033e-01 5.485100000000000087e+00 6.680899999999999617e-01
9.100000000000000000e+01 1.600000000000000033e-01 5.485100000000000087e+00 6.680899999999999617e-01
9.200000000000000000e+01 1.600000000000000033e-01 5.485100000000000087e+00 6.680899999999999617e-01
9.300000000000000000e+01 1.600000000000000033e-01 5.485100000000000087e+00 6.680899999999999617e-01
9.400000000000000000e+01 1.600000000000000033e-01 5.485100000000000087e+00 6.680899999999999617e-01
9.500000000000000000e+01 1.600000000000000033e-01 5.485100000000000087e+00 6.680899999999999617e-01
9.600000000000000000e+01 1.600000000000000033e-01 5.485100000000000087e+00 6.680899999999999617e-01
9.700000000000000000e+01 1.600000000000000033e-01 5.485100000000000087e+00 6.680899999999999617e-01
9.800000000000000000e+01 1.600000000000000033e-01 5.485100000000000087e+00 6.680899999999999617e-01
9.900000000000000000e+01 1.600000000000000033e-01 5.485100000000000087e+00 6.680899999999999617e-01
1.000000000000000000e+02 1.940000000000000058e-01 4.835119999999999862e+00 3.054299999999999793e-01
1.010000000000000000e+02 1.940000000000000058e-01 4.835119999999999862e+00 3.054299999999999793e-01
1.020000000000000000e+02 1.940000000000000058e-01 4.835119999999999862e+00 3.054299999999999793e-01
1.030000000000000000e+02 1.940000000000000058e-01 4.835119999999999862e+00 3.054299999999999793e-01
1.040000000000000000e+02 1.940000000000000058e-01 4.835119999999999862e+00 3.054299999999999793e-01
1.050000000000000000e+02 1.940000000000000058e-01 4.835119999999999862e+00 3.054299999999999793e-01
1.060000000000000000e+02 1.940000000000000058e-01 4.835119999999999862e+00 3.054299999999999793e-01
1.070000000000000000e+02 1.940000000000000058e-01 4.835119999999999862e+00 3.054299999999999793e-01
1.080000000000000000e+02 1.940000000000000058e-01 4.835119999999999862e+00 3.054299999999999793e-01
1.090000000000000000e+02 1.739999999999999880e-01 6.194720000000000226e+00 3.159799999999999831e-01
1.100000000000000000e+02 1.739999999999999880e-01 6.194720000000000226e+00 3.159799999999999831e-01
1.110000000000000000e+02 1.739999999999999880e-01 6.194720000000000226e+00 3.159799999999999831e-01
1.120000000000000000e+02 1.739999999999999880e-01 6.194720000000000226e+00 3.159799999999999831e-01
1.130000000000000000e+02 1.739999999999999880e-01 6.194720000000000226e+00 3.159799999999999831e-01
1.140000000000000000e+02 1.739999999999999880e-01 6.194720000000000226e+00 3.159799999999999831e-01
1.150000000000000000e+02 1.739999999999999880e-01 6.194720000000000226e+00 3.159799999999999831e-01
1.160000000000000000e+02 1.869999999999999996e-01 5.428860000000000241e+00 3.189100000000000268e-01
1.170000000000000000e+02 1.809999999999999942e-01 5.193599999999999994e+00 3.079600000000000115e-01
1.180000000000000000e+02 1.809999999999999942e-01 5.193599999999999994e+00 3.079600000000000115e-01
1.190000000000000000e+02 1.739999999999999880e-01 4.649910000000000210e+00 3.955199999999999827e-01
1.200000000000000000e+02 1.739999999999999880e-01 4.649910000000000210e+00 3.955199999999999827e-01
