1.000000000000000000e+00 1.670000000000000095e-01 7.806090000000000195e+00 1.912099999999999911e-01
2.000000000000000000e+00 1.670000000000000095e-01 8.551750000000000185e+00 4.080900000000000083e-01
3.000000000000000000e+00 1.670000000000000095e-01 8.979720000000000368e+00 5.634299999999999864e-01
4.000000000000000000e+00 1.670000000000000095e-01 9.436270000000000380e+00 7.539799999999999836e-01
5.000000000000000000e+00 1.600000000000000033e-01 9.692429999999999879e+00 7.989600000000000035e-01
6.000000000000000000e+00 1.529999999999999971e-01 8.925929999999999254e+00 4.467000000000000137e-02
7.000000000000000000e+00 1.529999999999999971e-01 9.417820000000000746e+00 4.424000000000000155e-02
8.000000000000000000e+00 1.459999999999999909e-01 9.511060000000000514e+00 4.161000000000000115e-02
9.000000000000000000e+00 1.459999999999999909e-01 9.796559999999999491e+00 4.089000000000000273e-02
1.000000000000000000e+01 1.459999999999999909e-01 1.011273000000000089e+01 3.987999999999999878e-02
1.100000000000000000e+01 1.529999999999999971e-01 1.172251999999999938e+01 4.524500000000000188e-01
1.200000000000000000e+01 1.529999999999999971e-01 1.147212999999999994e+01 4.494799999999999907e-01
1.300000000000000000e+01 1.529999999999999971e-01 1.127375999999999934e+01 4.568800000000000083e-01
1.400000000000000000e+01 1.600000000000000033e-01 1.113926999999999978e+01 6.753500000000000059e-01
1.500000000000000000e+01 1.529999999999999971e-01 1.117315999999999931e+01 6.753400000000000514e-01
1.600000000000000000e+01 1.459999999999999909e-01 1.111504000000000048e+01 6.650700000000000500e-01
1.700000000000000000e+01 1.529999999999999971e-01 1.188214999999999932e+01 3.944799999999999973e-01
1.800000000000000000e+01 1.529999999999999971e-01 1.200704999999999956e+01 4.123499999999999943e-01
1.900000000000000000e+01 1.529999999999999971e-01 1.205422000000000082e+01 4.286099999999999910e-01
2.000000000000000000e+01 1.529999999999999971e-01 1.208975000000000044e+01 4.512300000000000200e-01
2.100000000000000000e+01 1.529999999999999971e-01 1.211852000000000018e+01 4.713600000000000012e-01
2.200000000000000000e+01 1.459999999999999909e-01 1.214573999999999998e+01 4.868799999999999795e-01
2.300000000000000000e+01 1.600000000000000033e-01 1.216728999999999949e+01 4.910900000000000265e-01
2.400000000000000000e+01 1.459999999999999909e-01 1.218045000000000044e+01 4.638100000000000001e-01
2.500000000000000000e+01 1.529999999999999971e-01 1.218776000000000082e+01 3.716200000000000059e-01
2.600000000000000000e+01 -1.000000000000000000e+00 -1.000000000000000000e+00 0.000000000000000000e+00
2.700000000000000000e+01 -1.000000000000000000e+00 -1.000000000000000000e+00 0.000000000000000000e+00
2.800000000000000000e+01 -1.000000000000000000e+00 -1.000000000000000000e+00 0.000000000000000000e+00
2.900000000000000000e+01 -1.000000000000000000e+00 -1.000000000000000000e+00 0.000000000000000000e+00
3.000000000000000000e+01 -1.000000000000000000e+00 -1.000000000000000000e+00 0.000000000000000000e+00
3.100000000000000000e+01 -1.000000000000000000e+00 -1.000000000000000000e+00 0.000000000000000000e+00
3.200000000000000000e+01 -1.000000000000000000e+00 -1.000000000000000000e+00 0.000000000000000000e+00
3.300000000000000000e+01 -1.000000000000000000e+00 -1.000000000000000000e+00 0.000000000000000000e+00
3.400000000000000000e+01 -1.000000000000000000e+00 -1.000000000000000000e+00 0.000000000000000000e+00
3.500000000000000000e+01 1.809999999999999942e-01 1.143460999999999927e+01 2.394399999999999862e-01
3.600000000000000000e+01 1.390000000000000124e-01 1.105845000000000056e+01 2.148899999999999977e-01
3.700000000000000000e+01 1.390000000000000124e-01 1.104315000000000069e+01 2.200900000000000079e-01
3.800000000000000000e+01 1.390000000000000124e-01 1.101580000000000048e+01 2.234700000000000020e-01
3.900000000000000000e+01 1.529999999999999971e-01 1.096719000000000044e+01 2.211400000000000032e-01
4.000000000000000000e+01 1.529999999999999971e-01 1.089553000000000083e+01 2.145499999999999907e-01
4.100000000000000000e+01 1.529999999999999971e-01 1.081362000000000023e+01 2.077400000000000080e-01
4.200000000000000000e+01 1.529999999999999971e-01 1.071265000000000001e+01 2.001799999999999968e-01
4.300000000000000000e+01 1.670000000000000095e-01 1.058977999999999930e+01 1.918300000000000005e-01
4.400000000000000000e+01 1.670000000000000095e-01 1.044398999999999944e+01 1.831800000000000095e-01
4.500000000000000000e+01 1.670000000000000095e-01 1.028468999999999944e+01 1.750599999999999934e-01
4.600000000000000000e+01 1.670000000000000095e-01 1.013147999999999982e+01 1.677200000000000080e-01
4.700000000000000000e+01 1.670000000000000095e-01 9.882270000000000110e+00 1.565600000000000047e-01
4.800000000000000000e+01 1.670000000000000095e-01 9.550779999999999603e+00 1.446500000000000008e-01
4.900000000000000000e+01 1.670000000000000095e-01 9.210689999999999600e+00 1.352399999999999991e-01
5.000000000000000000e+01 1.670000000000000095e-01 8.884249999999999758e+00 1.282000000000000084e-01
5.100000000000000000e+01 1.670000000000000095e-01 8.577389999999999404e+00 1.229299999999999976e-01
5.200000000000000000e+01 1.670000000000000095e-01 8.289139999999999731e+00 1.189500000000000002e-01
5.300000000000000000e+01 1.670000000000000095e-01 8.034230000000000871e+00 1.162399999999999961e-01
5.400000000000000000e+01 1.670000000000000095e-01 7.811399999999999899e+00 1.145199999999999968e-01
5.500000000000000000e+01 1.670000000000000095e-01 7.609720000000000262e+00 1.133399999999999963e-01
5.600000000000000000e+01 1.739999999999999880e-01 7.427229999999999777e+00 1.126899999999999985e-01
5.700000000000000000e+01 1.739999999999999880e-01 7.269140000000000157e+00 1.124799999999999967e-01
5.800000000000000000e+01 1.739999999999999880e-01 7.132509999999999906e+00 1.125000000000000028e-01
5.900000000000000000e+01 1.739999999999999880e-01 7.052500000000000213e+00 1.131599999999999967e-01
6.000000000000000000e+01 1.739999999999999880e-01 6.980310000000000237e+00 1.138799999999999951e-01
6.100000000000000000e+01 1.739999999999999880e-01 6.904340000000000366e+00 1.146100000000000035e-01
6.200000000000000000e+01 1.739999999999999880e-01 6.818019999999999747e+00 1.154700000000000032e-01
6.300000000000000000e+01 1.739999999999999880e-01 6.743560000000000443e+00 1.166500000000000037e-01
6.400000000000000000e+01 1.670000000000000095e-01 6.678989999999999760e+00 1.179599999999999954e-01
6.500000000000000000e+01 1.670000000000000095e-01 6.622790000000000177e+00 1.193800000000000000e-01
6.600000000000000000e+01 1.670000000000000095e-01 6.577280000000000015e+00 1.208000000000000046e-01
6.700000000000000000e+01 1.600000000000000033e-01 6.541629999999999612e+00 1.222199999999999953e-01
6.800000000000000000e+01 1.600000000000000033e-01 6.515310000000000379e+00 1.236499999999999960e-01
6.900000000000000000e+01 1.600000000000000033e-01 6.495510000000000339e+00 1.251200000000000090e-01
7.000000000000000000e+01 1.600000000000000033e-01 6.479309999999999903e+00 1.265799999999999981e-01
7.100000000000000000e+01 1.739999999999999880e-01 6.469610000000000305e+00 1.280799999999999994e-01
7.200000000000000000e+01 1.739999999999999880e-01 6.469590000000000174e+00 1.296599999999999975e-01
7.300000000000000000e+01 1.739999999999999880e-01 6.477400000000000269e+00 1.312699999999999978e-01
7.400000000000000000e+01 1.670000000000000095e-01 6.489950000000000330e+00 1.328199999999999936e-01
7.500000000000000000e+01 1.670000000000000095e-01 6.508040000000000269e+00 1.343600000000000072e-01
7.600000000000000000e+01 1.670000000000000095e-01 6.534670000000000201e+00 1.361100000000000088e-01
7.700000000000000000e+01 1.670000000000000095e-01 6.568640000000000256e+00 1.379400000000000071e-01
7.800000000000000000e+01 1.670000000000000095e-01 6.604879999999999640e+00 1.396699999999999886e-01
7.900000000000000000e+01 1.670000000000000095e-01 6.645260000000000389e+00 1.413899999999999879e-01
8.000000000000000000e+01 1.670000000000000095e-01 6.689820000000000100e+00 1.431300000000000072e-01
8.100000000000000000e+01 1.670000000000000095e-01 6.734250000000000291e+00 1.447799999999999920e-01
8.200000000000000000e+01 1.670000000000000095e-01 6.785050000000000026e+00 1.465299999999999936e-01
8.300000000000000000e+01 1.670000000000000095e-01 6.839159999999999684e+00 1.482900000000000051e-01
8.400000000000000000e+01 1.670000000000000095e-01 6.897249999999999659e+00 1.501000000000000112e-01
8.500000000000000000e+01 1.670000000000000095e-01 6.952930000000000277e+00 1.518299999999999927e-01
8.600000000000000000e+01 1.670000000000000095e-01 7.005829999999999558e+00 1.534300000000000108e-01
8.700000000000000000e+01 1.670000000000000095e-01 7.057000000000000384e+00 1.549800000000000066e-01
8.800000000000000000e+01 1.670000000000000095e-01 7.109869999999999912e+00 1.566099999999999992e-01
8.900000000000000000e+01 1.600000000000000033e-01 7.165090000000000181e+00 1.583499999999999908e-01
9.000000000000000000e+01 1.600000000000000033e-01 7.223959999999999937e+00 1.602000000000000091e-01
9.100000000000000000e+01 1.600000000000000033e-01 7.286730000000000373e+00 1.621700000000000086e-01
9.200000000000000000e+01 1.600000000000000033e-01 7.344339999999999868e+00 1.640000000000000069e-01
9.300000000000000000e+01 1.600000000000000033e-01 7.404169999999999696e+00 1.658999999999999919e-01
9.400000000000000000e+01 1.600000000000000033e-01 7.464010000000000034e+00 1.677700000000000025e-01
9.500000000000000000e+01 1.600000000000000033e-01 7.526390000000000136e+00 1.697200000000000097e-01
9.600000000000000000e+01 1.600000000000000033e-01 7.590670000000000250e+00 1.717299999999999938e-01
9.700000000000000000e+01 1.600000000000000033e-01 7.652250000000000441e+00 1.736900000000000110e-01
9.800000000000000000e+01 1.529999999999999971e-01 7.715679999999999872e+00 1.757499999999999896e-01
9.900000000000000000e+01 1.529999999999999971e-01 7.774650000000000283e+00 1.776800000000000046e-01
1.000000000000000000e+02 1.529999999999999971e-01 7.832239999999999647e+00 1.796099999999999919e-01
1.010000000000000000e+02 1.529999999999999971e-01 7.893950000000000244e+00 1.816899999999999904e-01
1.020000000000000000e+02 1.529999999999999971e-01 7.962159999999999904e+00 1.840100000000000069e-01
1.030000000000000000e+02 1.529999999999999971e-01 8.030509999999999593e+00 1.863900000000000001e-01
1.040000000000000000e+02 1.529999999999999971e-01 8.099640000000000839e+00 1.889000000000000123e-01
1.050000000000000000e+02 1.529999999999999971e-01 8.167650000000000077e+00 1.914399999999999991e-01
1.060000000000000000e+02 1.529999999999999971e-01 8.236340000000000217e+00 1.940500000000000003e-01
1.070000000000000000e+02 1.529999999999999971e-01 8.305979999999999919e+00 1.967099999999999960e-01
1.080000000000000000e+02 1.529999999999999971e-01 8.370680000000000121e+00 1.992200000000000082e-01
1.090000000000000000e+02 1.529999999999999971e-01 8.432219999999999160e+00 2.016600000000000059e-01
1.100000000000000000e+02 1.529999999999999971e-01 8.495449999999999946e+00 2.042200000000000126e-01
1.110000000000000000e+02 1.529999999999999971e-01 8.556169999999999831e+00 2.068200000000000038e-01
1.120000000000000000e+02 1.529999999999999971e-01 8.612379999999999924e+00 2.092499999999999916e-01
1.130000000000000000e+02 1.529999999999999971e-01 8.668380000000000862e+00 2.117499999999999938e-01
1.140000000000000000e+02 1.529999999999999971e-01 8.790860000000000340e+00 2.179500000000000048e-01
1.150000000000000000e+02 1.459999999999999909e-01 9.014879999999999782e+00 2.316499999999999948e-01
1.160000000000000000e+02 1.459999999999999909e-01 9.173510000000000275e+00 2.426399999999999946e-01
1.170000000000000000e+02 1.529999999999999971e-01 9.286839999999999762e+00 2.510299999999999754e-01
1.180000000000000000e+02 1.529999999999999971e-01 9.373599999999999710e+00 2.578400000000000136e-01
1.190000000000000000e+02 1.529999999999999971e-01 9.443410000000000082e+00 2.635799999999999810e-01
1.200000000000000000e+02 1.529999999999999971e-01 9.497529999999999362e+00 2.682100000000000040e-01
