1.000000000000000000e+00 -1.000000000000000000e+00 -1.000000000000000000e+00 0.000000000000000000e+00
2.000000000000000000e+00 -1.000000000000000000e+00 -1.000000000000000000e+00 0.000000000000000000e+00
3.000000000000000000e+00 -1.000000000000000000e+00 -1.000000000000000000e+00 0.000000000000000000e+00
4.000000000000000000e+00 -1.000000000000000000e+00 -1.000000000000000000e+00 0.000000000000000000e+00
5.000000000000000000e+00 1.940000000000000058e-01 6.954310000000000436e+00 3.661499999999999755e-01
6.000000000000000000e+00 -1.000000000000000000e+00 -1.000000000000000000e+00 0.000000000000000000e+00
7.000000000000000000e+00 1.809999999999999942e-01 6.052539999999999587e+00 1.881500000000000117e-01
8.000000000000000000e+00 1.739999999999999880e-01 7.044310000000000294e+00 3.268199999999999994e-01
9.000000000000000000e+00 1.809999999999999942e-01 7.838630000000000209e+00 4.022200000000000220e-01
1.000000000000000000e+01 1.809999999999999942e-01 8.471909999999999386e+00 4.387499999999999734e-01
1.100000000000000000e+01 1.809999999999999942e-01 8.936640000000000583e+00 4.345399999999999818e-01
1.200000000000000000e+01 1.809999999999999942e-01 9.318279999999999674e+00 4.045900000000000052e-01
1.300000000000000000e+01 1.739999999999999880e-01 9.648699999999999832e+00 3.623399999999999954e-01
1.400000000000000000e+01 1.940000000000000058e-01 9.881830000000000780e+00 3.054000000000000048e-01
1.500000000000000000e+01 1.940000000000000058e-01 1.003048000000000073e+01 2.521999999999999797e-01
1.600000000000000000e+01 1.809999999999999942e-01 1.012551999999999985e+01 2.094900000000000095e-01
1.700000000000000000e+01 1.809999999999999942e-01 1.013779000000000075e+01 1.868400000000000061e-01
1.800000000000000000e+01 1.880000000000000004e-01 1.015351000000000070e+01 1.951299999999999979e-01
1.900000000000000000e+01 1.670000000000000095e-01 9.860640000000000072e+00 3.637500000000000178e-01
2.000000000000000000e+01 1.600000000000000033e-01 9.340930000000000177e+00 4.142700000000000271e-01
2.100000000000000000e+01 1.600000000000000033e-01 8.842579999999999885e+00 2.954800000000000204e-01
2.200000000000000000e+01 1.809999999999999942e-01 8.380499999999999616e+00 1.333699999999999886e-01
2.300000000000000000e+01 -1.000000000000000000e+00 -1.000000000000000000e+00 0.000000000000000000e+00
2.400000000000000000e+01 -1.000000000000000000e+00 -1.000000000000000000e+00 0.000000000000000000e+00
2.500000000000000000e+01 -1.000000000000000000e+00 -1.000000000000000000e+00 0.000000000000000000e+00
2.600000000000000000e+01 -1.000000000000000000e+00 -1.000000000000000000e+00 0.000000000000000000e+00
2.700000000000000000e+01 -1.000000000000000000e+00 -1.000000000000000000e+00 0.000000000000000000e+00
2.800000000000000000e+01 -1.000000000000000000e+00 -1.000000000000000000e+00 0.000000000000000000e+00
2.900000000000000000e+01 -1.000000000000000000e+00 -1.000000000000000000e+00 0.000000000000000000e+00
3.000000000000000000e+01 -1.000000000000000000e+00 -1.000000000000000000e+00 0.000000000000000000e+00
3.100000000000000000e+01 -1.000000000000000000e+00 -1.000000000000000000e+00 0.000000000000000000e+00
3.200000000000000000e+01 1.459999999999999909e-01 9.313159999999999883e+00 2.186000000000000096e-02
3.300000000000000000e+01 1.600000000000000033e-01 9.555899999999999395e+00 4.998999999999999971e-02
3.400000000000000000e+01 1.529999999999999971e-01 9.802659999999999485e+00 6.542000000000000592e-02
3.500000000000000000e+01 1.600000000000000033e-01 1.002755999999999936e+01 7.345000000000000140e-02
3.600000000000000000e+01 1.600000000000000033e-01 1.038899999999999935e+01 8.465000000000000302e-02
3.700000000000000000e+01 1.670000000000000095e-01 1.078622000000000014e+01 9.439999999999999780e-02
3.800000000000000000e+01 1.670000000000000095e-01 1.114292000000000016e+01 9.950000000000000511e-02
3.900000000000000000e+01 1.670000000000000095e-01 1.145955000000000013e+01 9.969999999999999696e-02
4.000000000000000000e+01 1.670000000000000095e-01 1.173895000000000088e+01 9.915000000000000202e-02
4.100000000000000000e+01 1.600000000000000033e-01 1.199715999999999916e+01 9.699000000000000676e-02
4.200000000000000000e+01 1.600000000000000033e-01 1.221471999999999980e+01 9.074999999999999734e-02
4.300000000000000000e+01 1.670000000000000095e-01 1.240487000000000073e+01 8.325000000000000455e-02
4.400000000000000000e+01 1.600000000000000033e-01 1.255687999999999960e+01 7.513999999999999846e-02
4.500000000000000000e+01 1.670000000000000095e-01 1.267538000000000054e+01 6.701000000000000012e-02
4.600000000000000000e+01 1.670000000000000095e-01 1.275784999999999947e+01 5.902000000000000302e-02
4.700000000000000000e+01 1.670000000000000095e-01 1.279282000000000075e+01 5.194000000000000006e-02
4.800000000000000000e+01 1.739999999999999880e-01 1.277346999999999966e+01 4.630999999999999700e-02
4.900000000000000000e+01 1.739999999999999880e-01 1.270753000000000021e+01 4.238999999999999713e-02
5.000000000000000000e+01 1.809999999999999942e-01 1.259279000000000082e+01 4.032000000000000167e-02
5.100000000000000000e+01 1.809999999999999942e-01 1.242745000000000033e+01 3.935000000000000303e-02
5.200000000000000000e+01 1.809999999999999942e-01 1.221893999999999991e+01 3.928000000000000241e-02
5.300000000000000000e+01 1.880000000000000004e-01 1.196646999999999927e+01 3.978000000000000286e-02
5.400000000000000000e+01 1.940000000000000058e-01 1.167313000000000045e+01 4.111999999999999683e-02
5.500000000000000000e+01 1.880000000000000004e-01 1.134697000000000067e+01 4.268000000000000266e-02
5.600000000000000000e+01 1.940000000000000058e-01 1.098396999999999935e+01 4.402999999999999969e-02
5.700000000000000000e+01 1.809999999999999942e-01 1.059623999999999988e+01 4.524000000000000243e-02
5.800000000000000000e+01 1.880000000000000004e-01 1.019247999999999976e+01 4.589000000000000024e-02
5.900000000000000000e+01 1.880000000000000004e-01 9.742160000000000153e+00 4.560000000000000164e-02
6.000000000000000000e+01 1.880000000000000004e-01 9.307880000000000820e+00 4.476999999999999730e-02
6.100000000000000000e+01 1.809999999999999942e-01 8.891529999999999490e+00 4.315999999999999698e-02
6.200000000000000000e+01 1.739999999999999880e-01 8.504899999999999238e+00 4.132999999999999868e-02
6.300000000000000000e+01 1.739999999999999880e-01 8.219400000000000261e+00 3.971999999999999836e-02
6.400000000000000000e+01 1.739999999999999880e-01 8.079530000000000101e+00 3.851000000000000256e-02
6.500000000000000000e+01 1.739999999999999880e-01 8.049659999999999371e+00 3.801000000000000212e-02
6.600000000000000000e+01 1.739999999999999880e-01 8.143309999999999604e+00 3.724999999999999839e-02
6.700000000000000000e+01 1.739999999999999880e-01 8.232139999999999347e+00 3.692000000000000143e-02
6.800000000000000000e+01 1.670000000000000095e-01 8.352579999999999671e+00 3.611999999999999933e-02
6.900000000000000000e+01 1.739999999999999880e-01 8.503500000000000725e+00 3.454999999999999738e-02
7.000000000000000000e+01 1.809999999999999942e-01 8.672390000000000043e+00 3.209000000000000047e-02
7.100000000000000000e+01 1.880000000000000004e-01 8.858909999999999840e+00 2.912000000000000005e-02
7.200000000000000000e+01 1.940000000000000058e-01 9.069779999999999731e+00 2.535000000000000100e-02
7.300000000000000000e+01 1.940000000000000058e-01 9.269140000000000157e+00 2.110000000000000070e-02
7.400000000000000000e+01 2.010000000000000120e-01 9.448620000000000019e+00 1.658000000000000099e-02
7.500000000000000000e+01 2.010000000000000120e-01 9.599460000000000548e+00 1.038999999999999993e-02
7.600000000000000000e+01 -1.000000000000000000e+00 -1.000000000000000000e+00 0.000000000000000000e+00
7.700000000000000000e+01 -1.000000000000000000e+00 -1.000000000000000000e+00 0.000000000000000000e+00
7.800000000000000000e+01 -1.000000000000000000e+00 -1.000000000000000000e+00 0.000000000000000000e+00
7.900000000000000000e+01 -1.000000000000000000e+00 -1.000000000000000000e+00 0.000000000000000000e+00
8.000000000000000000e+01 -1.000000000000000000e+00 -1.000000000000000000e+00 0.000000000000000000e+00
8.100000000000000000e+01 -1.000000000000000000e+00 -1.000000000000000000e+00 0.000000000000000000e+00
8.200000000000000000e+01 -1.000000000000000000e+00 -1.000000000000000000e+00 0.000000000000000000e+00
8.300000000000000000e+01 -1.000000000000000000e+00 -1.000000000000000000e+00 0.000000000000000000e+00
8.400000000000000000e+01 -1.000000000000000000e+00 -1.000000000000000000e+00 0.000000000000000000e+00
8.500000000000000000e+01 -1.000000000000000000e+00 -1.000000000000000000e+00 0.000000000000000000e+00
8.600000000000000000e+01 -1.000000000000000000e+00 -1.000000000000000000e+00 0.000000000000000000e+00
8.700000000000000000e+01 -1.000000000000000000e+00 -1.000000000000000000e+00 0.000000000000000000e+00
8.800000000000000000e+01 -1.000000000000000000e+00 -1.000000000000000000e+00 0.000000000000000000e+00
8.900000000000000000e+01 -1.000000000000000000e+00 -1.000000000000000000e+00 0.000000000000000000e+00
9.000000000000000000e+01 -1.000000000000000000e+00 -1.000000000000000000e+00 0.000000000000000000e+00
9.100000000000000000e+01 -1.000000000000000000e+00 -1.000000000000000000e+00 0.000000000000000000e+00
9.200000000000000000e+01 -1.000000000000000000e+00 -1.000000000000000000e+00 0.000000000000000000e+00
9.300000000000000000e+01 -1.000000000000000000e+00 -1.000000000000000000e+00 0.000000000000000000e+00
9.400000000000000000e+01 -1.000000000000000000e+00 -1.000000000000000000e+00 0.000000000000000000e+00
9.500000000000000000e+01 -1.000000000000000000e+00 -1.000000000000000000e+00 0.000000000000000000e+00
9.600000000000000000e+01 -1.000000000000000000e+00 -1.000000000000000000e+00 0.000000000000000000e+00
9.700000000000000000e+01 1.940000000000000058e-01 9.302910000000000679e+00 1.536999999999999998e-02
9.800000000000000000e+01 1.940000000000000058e-01 9.278359999999999275e+00 2.775999999999999995e-02
9.900000000000000000e+01 1.940000000000000058e-01 9.256999999999999673e+00 3.595999999999999891e-02
1.000000000000000000e+02 1.880000000000000004e-01 9.242929999999999424e+00 4.204999999999999710e-02
1.010000000000000000e+02 1.880000000000000004e-01 9.228139999999999787e+00 4.689000000000000112e-02
1.020000000000000000e+02 1.880000000000000004e-01 9.205249999999999488e+00 5.109000000000000347e-02
1.030000000000000000e+02 1.880000000000000004e-01 9.185790000000000788e+00 5.476999999999999924e-02
1.040000000000000000e+02 1.880000000000000004e-01 9.173709999999999809e+00 5.798999999999999988e-02
1.050000000000000000e+02 1.880000000000000004e-01 9.165599999999999525e+00 6.099999999999999867e-02
1.060000000000000000e+02 1.880000000000000004e-01 9.158459999999999823e+00 6.371999999999999886e-02
1.070000000000000000e+02 1.880000000000000004e-01 9.155110000000000525e+00 6.608999999999999597e-02
1.080000000000000000e+02 1.880000000000000004e-01 9.152889999999999304e+00 6.837999999999999634e-02
1.090000000000000000e+02 1.880000000000000004e-01 9.148270000000000124e+00 7.119999999999999940e-02
1.100000000000000000e+02 1.880000000000000004e-01 9.139770000000000394e+00 7.420999999999999819e-02
1.110000000000000000e+02 1.880000000000000004e-01 9.131030000000000868e+00 7.702000000000000512e-02
1.120000000000000000e+02 1.880000000000000004e-01 9.123979999999999535e+00 7.983999999999999431e-02
1.130000000000000000e+02 1.880000000000000004e-01 9.115719999999999601e+00 8.254999999999999838e-02
1.140000000000000000e+02 1.880000000000000004e-01 9.109170000000000655e+00 8.497999999999999998e-02
1.150000000000000000e+02 1.880000000000000004e-01 9.106709999999999638e+00 8.766999999999999793e-02
1.160000000000000000e+02 1.880000000000000004e-01 9.108290000000000219e+00 9.019000000000000627e-02
1.170000000000000000e+02 1.880000000000000004e-01 9.112170000000000769e+00 9.249000000000000277e-02
1.180000000000000000e+02 1.809999999999999942e-01 9.118359999999999133e+00 9.471000000000000252e-02
1.190000000000000000e+02 1.809999999999999942e-01 9.126170000000000115e+00 9.680999999999999328e-02
1.200000000000000000e+02 1.739999999999999880e-01 9.133979999999999322e+00 9.873999999999999444e-02
