1.000000000000000000e+00 1.600000000000000033e-01 5.065690000000000026e+00 3.913800000000000057e-01
2.000000000000000000e+00 1.600000000000000033e-01 5.065690000000000026e+00 3.913800000000000057e-01
3.000000000000000000e+00 1.600000000000000033e-01 5.065690000000000026e+00 3.913800000000000057e-01
4.000000000000000000e+00 1.809999999999999942e-01 4.625429999999999708e+00 5.511300000000000088e-01
5.000000000000000000e+00 1.529999999999999971e-01 3.309410000000000185e+00 3.327600000000000002e-01
6.000000000000000000e+00 1.459999999999999909e-01 5.037259999999999849e+00 3.798199999999999910e-01
7.000000000000000000e+00 1.670000000000000095e-01 4.933220000000000383e+00 3.696400000000000241e-01
8.000000000000000000e+00 1.670000000000000095e-01 4.933220000000000383e+00 3.696400000000000241e-01
9.000000000000000000e+00 1.670000000000000095e-01 4.933220000000000383e+00 3.696400000000000241e-01
1.000000000000000000e+01 1.670000000000000095e-01 4.933220000000000383e+00 3.696400000000000241e-01
1.100000000000000000e+01 1.670000000000000095e-01 4.933220000000000383e+00 3.696400000000000241e-01
1.200000000000000000e+01 1.670000000000000095e-01 4.933220000000000383e+00 3.696400000000000241e-01
1.300000000000000000e+01 1.670000000000000095e-01 4.933220000000000383e+00 3.696400000000000241e-01
1.400000000000000000e+01 1.670000000000000095e-01 4.933220000000000383e+00 3.696400000000000241e-01
1.500000000000000000e+01 1.670000000000000095e-01 4.933220000000000383e+00 3.696400000000000241e-01
1.600000000000000000e+01 1.670000000000000095e-01 4.933220000000000383e+00 3.696400000000000241e-01
1.700000000000000000e+01 1.670000000000000095e-01 4.933220000000000383e+00 3.696400000000000241e-01
1.800000000000000000e+01 1.670000000000000095e-01 4.933220000000000383e+00 3.696400000000000241e-01
1.900000000000000000e+01 1.670000000000000095e-01 4.933220000000000383e+00 3.696400000000000241e-01
2.000000000000000000e+01 1.670000000000000095e-01 4.933220000000000383e+00 3.696400000000000241e-01
2.100000000000000000e+01 1.670000000000000095e-01 4.933220000000000383e+00 3.696400000000000241e-01
2.200000000000000000e+01 1.670000000000000095e-01 4.933220000000000383e+00 3.696400000000000241e-01
2.300000000000000000e+01 1.670000000000000095e-01 4.933220000000000383e+00 3.696400000000000241e-01
2.400000000000000000e+01 1.739999999999999880e-01 4.188830000000000275e+00 3.053000000000000158e-01
2.500000000000000000e+01 1.739999999999999880e-01 4.188830000000000275e+00 3.053000000000000158e-01
2.600000000000000000e+01 1.739999999999999880e-01 4.188830000000000275e+00 3.053000000000000158e-01
2.700000000000000000e+01 1.739999999999999880e-01 4.188830000000000275e+00 3.053000000000000158e-01
2.800000000000000000e+01 1.739999999999999880e-01 4.188830000000000275e+00 3.053000000000000158e-01
2.900000000000000000e+01 1.739999999999999880e-01 4.188830000000000275e+00 3.053000000000000158e-01
3.000000000000000000e+01 1.739999999999999880e-01 4.188830000000000275e+00 3.053000000000000158e-01
3.100000000000000000e+01 1.739999999999999880e-01 4.188830000000000275e+00 3.053000000000000158e-01
3.200000000000000000e+01 1.739999999999999880e-01 4.188830000000000275e+00 3.053000000000000158e-01
3.300000000000000000e+01 1.739999999999999880e-01 4.188830000000000275e+00 3.053000000000000158e-01
3.400000000000000000e+01 1.739999999999999880e-01 4.188830000000000275e+00 3.053000000000000158e-01
3.500000000000000000e+01 1.739999999999999880e-01 4.188830000000000275e+00 3.053000000000000158e-01
3.600000000000000000e+01 1.739999999999999880e-01 4.188830000000000275e+00 3.053000000000000158e-01
3.700000000000000000e+01 1.739999999999999880e-01 4.188830000000000275e+00 3.053000000000000158e-01
3.800000000000000000e+01 1.739999999999999880e-01 4.188830000000000275e+00 3.053000000000000158e-01
3.900000000000000000e+01 1.739999999999999880e-01 4.188830000000000275e+00 3.053000000000000158e-01
4.000000000000000000e+01 1.739999999999999880e-01 4.188830000000000275e+00 3.053000000000000158e-01
4.100000000000000000e+01 1.739999999999999880e-01 4.188830000000000275e+00 3.053000000000000158e-01
4.200000000000000000e+01 1.739999999999999880e-01 4.188830000000000275e+00 3.053000000000000158e-01
4.300000000000000000e+01 1.739999999999999880e-01 4.188830000000000275e+00 3.053000000000000158e-01
4.400000000000000000e+01 1.739999999999999880e-01 4.188830000000000275e+00 3.053000000000000158e-01
4.500000000000000000e+01 1.739999999999999880e-01 4.188830000000000275e+00 3.053000000000000158e-01
4.600000000000000000e+01 1.739999999999999880e-01 4.188830000000000275e+00 3.053000000000000158e-01
4.700000000000000000e+01 1.739999999999999880e-01 4.188830000000000275e+00 3.053000000000000158e-01
4.800000000000000000e+01 1.459999999999999909e-01 5.037259999999999849e+00 3.798199999999999910e-01
4.900000000000000000e+01 1.459999999999999909e-01 5.037259999999999849e+00 3.798199999999999910e-01
5.000000000000000000e+01 1.670000000000000095e-01 4.365619999999999834e+00 3.334199999999999942e-01
5.100000000000000000e+01 1.670000000000000095e-01 4.365619999999999834e+00 3.334199999999999942e-01
5.200000000000000000e+01 1.670000000000000095e-01 4.365619999999999834e+00 3.334199999999999942e-01
5.300000000000000000e+01 1.670000000000000095e-01 4.365619999999999834e+00 3.334199999999999942e-01
5.400000000000000000e+01 1.670000000000000095e-01 4.365619999999999834e+00 3.334199999999999942e-01
5.500000000000000000e+01 1.670000000000000095e-01 4.365619999999999834e+00 3.334199999999999942e-01
5.600000000000000000e+01 1.670000000000000095e-01 4.365619999999999834e+00 3.334199999999999942e-01
5.700000000000000000e+01 1.670000000000000095e-01 4.365619999999999834e+00 3.334199999999999942e-01
5.800000000000000000e+01 1.670000000000000095e-01 4.365619999999999834e+00 3.334199999999999942e-01
5.900000000000000000e+01 1.670000000000000095e-01 4.365619999999999834e+00 3.334199999999999942e-01
6.000000000000000000e+01 1.670000000000000095e-01 4.365619999999999834e+00 3.334199999999999942e-01
6.100000000000000000e+01 1.670000000000000095e-01 4.365619999999999834e+00 3.334199999999999942e-01
6.200000000000000000e+01 1.670000000000000095e-01 4.365619999999999834e+00 3.334199999999999942e-01
6.300000000000000000e+01 1.670000000000000095e-01 4.365619999999999834e+00 3.334199999999999942e-01
6.400000000000000000e+01 1.670000000000000095e-01 4.365619999999999834e+00 3.334199999999999942e-01
6.500000000000000000e+01 1.670000000000000095e-01 4.365619999999999834e+00 3.334199999999999942e-01
6.600000000000000000e+01 1.880000000000000004e-01 3.537990000000000190e+00 3.128799999999999915e-01
6.700000000000000000e+01 1.880000000000000004e-01 3.537990000000000190e+00 3.128799999999999915e-01
6.800000000000000000e+01 1.880000000000000004e-01 3.537990000000000190e+00 3.128799999999999915e-01
6.900000000000000000e+01 1.880000000000000004e-01 3.537990000000000190e+00 3.128799999999999915e-01
7.000000000000000000e+01 1.880000000000000004e-01 3.537990000000000190e+00 3.128799999999999915e-01
7.100000000000000000e+01 1.880000000000000004e-01 3.537990000000000190e+00 3.128799999999999915e-01
7.200000000000000000e+01 1.880000000000000004e-01 3.537990000000000190e+00 3.128799999999999915e-01
7.300000000000000000e+01 1.880000000000000004e-01 3.537990000000000190e+00 3.128799999999999915e-01
7.400000000000000000e+01 1.880000000000000004e-01 3.537990000000000190e+00 3.128799999999999915e-01
7.500000000000000000e+01 1.880000000000000004e-01 3.537990000000000190e+00 3.128799999999999915e-01
7.600000000000000000e+01 1.880000000000000004e-01 3.537990000000000190e+00 3.128799999999999915e-01
7.700000000000000000e+01 1.880000000000000004e-01 3.537990000000000190e+00 3.128799999999999915e-01
7.800000000000000000e+01 1.880000000000000004e-01 3.537990000000000190e+00 3.128799999999999915e-01
7.900000000000000000e+01 1.880000000000000004e-01 3.537990000000000190e+00 3.128799999999999915e-01
8.000000000000000000e+01 1.880000000000000004e-01 3.537990000000000190e+00 3.128799999999999915e-01
8.100000000000000000e+01 1.880000000000000004e-01 3.537990000000000190e+00 3.128799999999999915e-01
8.200000000000000000e+01 1.880000000000000004e-01 3.537990000000000190e+00 3.128799999999999915e-01
8.300000000000000000e+01 1.880000000000000004e-01 3.537990000000000190e+00 3.128799999999999915e-01
8.400000000000000000e+01 1.880000000000000004e-01 3.537990000000000190e+00 3.128799999999999915e-01
8.500000000000000000e+01 1.880000000000000004e-01 3.537990000000000190e+00 3.128799999999999915e-01
8.600000000000000000e+01 1.880000000000000004e-01 3.537990000000000190e+00 3.128799999999999915e-01
8.700000000000000000e+01 1.880000000000000004e-01 3.537990000000000190e+00 3.128799999999999915e-01
8.800000000000000000e+01 1.880000000000000004e-01 3.537990000000000190e+00 3.128799999999999915e-01
8.900000000000000000e+01 1.880000000000000004e-01 3.537990000000000190e+00 3.128799999999999915e-01
9.000000000000000000e+01 1.600000000000000033e-01 3.550440000000000040e+00 3.094999999999999973e-01
9.100000000000000000e+01 1.600000000000000033e-01 3.550440000000000040e+00 3.094999999999999973e-01
9.200000000000000000e+01 1.600000000000000033e-01 3.550440000000000040e+00 3.094999999999999973e-01
9.300000000000000000e+01 1.940000000000000058e-01 4.043689999999999785e+00 3.457200000000000273e-01
9.400000000000000000e+01 1.940000000000000058e-01 4.043689999999999785e+00 3.457200000000000273e-01
9.500000000000000000e+01 1.940000000000000058e-01 4.043689999999999785e+00 3.457200000000000273e-01
9.600000000000000000e+01 1.940000000000000058e-01 4.043689999999999785e+00 3.457200000000000273e-01
9.700000000000000000e+01 1.940000000000000058e-01 4.043689999999999785e+00 3.457200000000000273e-01
9.800000000000000000e+01 1.940000000000000058e-01 4.043689999999999785e+00 3.457200000000000273e-01
9.900000000000000000e+01 1.940000000000000058e-01 4.043689999999999785e+00 3.457200000000000273e-01
1.000000000000000000e+02 1.940000000000000058e-01 4.043689999999999785e+00 3.457200000000000273e-01
1.010000000000000000e+02 1.880000000000000004e-01 4.482330000000000148e+00 3.492799999999999794e-01
1.020000000000000000e+02 1.880000000000000004e-01 4.482330000000000148e+00 3.492799999999999794e-01
1.030000000000000000e+02 1.880000000000000004e-01 4.482330000000000148e+00 3.492799999999999794e-01
1.040000000000000000e+02 1.880000000000000004e-01 4.482330000000000148e+00 3.492799999999999794e-01
1.050000000000000000e+02 1.880000000000000004e-01 4.482330000000000148e+00 3.492799999999999794e-01
1.060000000000000000e+02 1.880000000000000004e-01 4.482330000000000148e+00 3.492799999999999794e-01
1.070000000000000000e+02 1.880000000000000004e-01 4.482330000000000148e+00 3.492799999999999794e-01
1.080000000000000000e+02 1.880000000000000004e-01 4.482330000000000148e+00 3.492799999999999794e-01
1.090000000000000000e+02 1.880000000000000004e-01 4.482330000000000148e+00 3.492799999999999794e-01
1.100000000000000000e+02 1.880000000000000004e-01 4.482330000000000148e+00 3.492799999999999794e-01
1.110000000000000000e+02 1.880000000000000004e-01 4.482330000000000148e+00 3.492799999999999794e-01
1.120000000000000000e+02 1.880000000000000004e-01 4.482330000000000148e+00 3.492799999999999794e-01
1.130000000000000000e+02 1.880000000000000004e-01 4.482330000000000148e+00 3.492799999999999794e-01
1.140000000000000000e+02 1.880000000000000004e-01 4.482330000000000148e+00 3.492799999999999794e-01
1.150000000000000000e+02 1.809999999999999942e-01 4.749310000000000365e+00 3.753400000000000070e-01
1.160000000000000000e+02 1.809999999999999942e-01 4.749310000000000365e+00 3.753400000000000070e-01
1.170000000000000000e+02 1.809999999999999942e-01 4.749310000000000365e+00 3.753400000000000070e-01
1.180000000000000000e+02 1.809999999999999942e-01 4.749310000000000365e+00 3.753400000000000070e-01
1.190000000000000000e+02 1.809999999999999942e-01 4.749310000000000365e+00 3.753400000000000070e-01
1.200000000000000000e+02 1.880000000000000004e-01 4.482330000000000148e+00 3.492799999999999794e-01
