1.000000000000000000e+00 1.600000000000000033e-01 7.014999999999999680e+00 1.031999999999999931e-02
2.000000000000000000e+00 1.600000000000000033e-01 6.945439999999999614e+00 1.026999999999999962e-02
3.000000000000000000e+00 1.320000000000000062e-01 5.213829999999999742e+00 2.363000000000000170e-02
4.000000000000000000e+00 1.529999999999999971e-01 5.683510000000000062e+00 5.201000000000000068e-02
5.000000000000000000e+00 1.670000000000000095e-01 5.653470000000000439e+00 5.761999999999999761e-02
6.000000000000000000e+00 1.739999999999999880e-01 5.536640000000000228e+00 6.013999999999999901e-02
7.000000000000000000e+00 1.600000000000000033e-01 5.439020000000000188e+00 6.180999999999999689e-02
8.000000000000000000e+00 1.670000000000000095e-01 5.197930000000000383e+00 6.317000000000000393e-02
9.000000000000000000e+00 1.809999999999999942e-01 5.337930000000000064e+00 6.436000000000000054e-02
1.000000000000000000e+01 1.809999999999999942e-01 5.587760000000000282e+00 1.431999999999999940e-02
1.100000000000000000e+01 -1.000000000000000000e+00 -1.000000000000000000e+00 0.000000000000000000e+00
1.200000000000000000e+01 -1.000000000000000000e+00 -1.000000000000000000e+00 0.000000000000000000e+00
1.300000000000000000e+01 -1.000000000000000000e+00 -1.000000000000000000e+00 0.000000000000000000e+00
1.400000000000000000e+01 -1.000000000000000000e+00 -1.000000000000000000e+00 0.000000000000000000e+00
1.500000000000000000e+01 -1.000000000000000000e+00 -1.000000000000000000e+00 0.000000000000000000e+00
1.600000000000000000e+01 -1.000000000000000000e+00 -1.000000000000000000e+00 0.000000000000000000e+00
1.700000000000000000e+01 -1.000000000000000000e+00 -1.000000000000000000e+00 0.000000000000000000e+00
1.800000000000000000e+01 -1.000000000000000000e+00 -1.000000000000000000e+00 0.000000000000000000e+00
1.900000000000000000e+01 -1.000000000000000000e+00 -1.000000000000000000e+00 0.000000000000000000e+00
2.000000000000000000e+01 -1.000000000000000000e+00 -1.000000000000000000e+00 0.000000000000000000e+00
2.100000000000000000e+01 1.809999999999999942e-01 7.796929999999999694e+00 1.013099999999999973e-01
2.200000000000000000e+01 1.880000000000000004e-01 7.940430000000000099e+00 1.492999999999999883e-01
2.300000000000000000e+01 1.809999999999999942e-01 8.033910000000000551e+00 1.551299999999999901e-01
2.400000000000000000e+01 1.880000000000000004e-01 8.060510000000000730e+00 1.495599999999999985e-01
2.500000000000000000e+01 1.880000000000000004e-01 8.027419999999999334e+00 1.431499999999999995e-01
2.600000000000000000e+01 2.079999999999999905e-01 7.975240000000000329e+00 1.384599999999999997e-01
2.700000000000000000e+01 2.010000000000000120e-01 7.902840000000000309e+00 1.343799999999999994e-01
2.800000000000000000e+01 2.079999999999999905e-01 7.784729999999999706e+00 1.306900000000000006e-01
2.900000000000000000e+01 2.010000000000000120e-01 7.510279999999999845e+00 1.264000000000000123e-01
3.000000000000000000e+01 1.940000000000000058e-01 7.204720000000000013e+00 1.246400000000000008e-01
3.100000000000000000e+01 1.940000000000000058e-01 6.899110000000000298e+00 1.246799999999999992e-01
3.200000000000000000e+01 1.940000000000000058e-01 6.648789999999999978e+00 1.258400000000000074e-01
3.300000000000000000e+01 2.079999999999999905e-01 6.385839999999999961e+00 1.280600000000000072e-01
3.400000000000000000e+01 2.079999999999999905e-01 6.111550000000000260e+00 1.311400000000000066e-01
3.500000000000000000e+01 2.079999999999999905e-01 5.889310000000000045e+00 1.340399999999999925e-01
3.600000000000000000e+01 2.010000000000000120e-01 5.708739999999999704e+00 1.363399999999999890e-01
3.700000000000000000e+01 2.010000000000000120e-01 5.603720000000000034e+00 1.377099999999999991e-01
3.800000000000000000e+01 2.010000000000000120e-01 5.514170000000000016e+00 1.388199999999999990e-01
3.900000000000000000e+01 2.010000000000000120e-01 5.428119999999999834e+00 1.398600000000000121e-01
4.000000000000000000e+01 2.010000000000000120e-01 5.340300000000000047e+00 1.408899999999999875e-01
4.100000000000000000e+01 1.940000000000000058e-01 5.250239999999999796e+00 1.420299999999999896e-01
4.200000000000000000e+01 1.940000000000000058e-01 5.165829999999999700e+00 1.432199999999999862e-01
4.300000000000000000e+01 2.010000000000000120e-01 4.973609999999999864e+00 1.465799999999999881e-01
4.400000000000000000e+01 2.010000000000000120e-01 4.826620000000000132e+00 1.529800000000000049e-01
4.500000000000000000e+01 1.940000000000000058e-01 4.893270000000000231e+00 1.693300000000000083e-01
4.600000000000000000e+01 1.880000000000000004e-01 5.168969999999999843e+00 2.012799999999999867e-01
4.700000000000000000e+01 1.880000000000000004e-01 5.531880000000000130e+00 2.735299999999999954e-01
4.800000000000000000e+01 2.010000000000000120e-01 5.696390000000000065e+00 3.727800000000000002e-01
4.900000000000000000e+01 2.010000000000000120e-01 5.715230000000000032e+00 4.594300000000000050e-01
5.000000000000000000e+01 1.869999999999999996e-01 5.693649999999999878e+00 5.241799999999999793e-01
5.100000000000000000e+01 1.869999999999999996e-01 5.686350000000000016e+00 5.427600000000000202e-01
5.200000000000000000e+01 1.869999999999999996e-01 5.694230000000000125e+00 5.382799999999999807e-01
5.300000000000000000e+01 1.869999999999999996e-01 5.702729999999999855e+00 5.337300000000000377e-01
5.400000000000000000e+01 1.869999999999999996e-01 5.712360000000000326e+00 5.296199999999999797e-01
5.500000000000000000e+01 1.869999999999999996e-01 5.721429999999999794e+00 5.260200000000000431e-01
5.600000000000000000e+01 1.869999999999999996e-01 5.730170000000000208e+00 5.225100000000000300e-01
5.700000000000000000e+01 1.869999999999999996e-01 5.737470000000000070e+00 5.213600000000000456e-01
5.800000000000000000e+01 1.869999999999999996e-01 5.744609999999999772e+00 5.201299999999999812e-01
5.900000000000000000e+01 1.869999999999999996e-01 5.751400000000000290e+00 5.193699999999999983e-01
6.000000000000000000e+01 1.869999999999999996e-01 5.758149999999999658e+00 5.184199999999999919e-01
6.100000000000000000e+01 1.869999999999999996e-01 5.764470000000000205e+00 5.186300000000000354e-01
6.200000000000000000e+01 1.869999999999999996e-01 5.770699999999999719e+00 5.197899999999999743e-01
6.300000000000000000e+01 1.869999999999999996e-01 5.776489999999999903e+00 5.200700000000000323e-01
6.400000000000000000e+01 1.869999999999999996e-01 5.781830000000000247e+00 5.206499999999999462e-01
6.500000000000000000e+01 1.869999999999999996e-01 5.786710000000000242e+00 5.217399999999999816e-01
6.600000000000000000e+01 1.869999999999999996e-01 5.791360000000000063e+00 5.233900000000000219e-01
6.700000000000000000e+01 1.869999999999999996e-01 5.795790000000000219e+00 5.251700000000000257e-01
6.800000000000000000e+01 1.880000000000000004e-01 5.799750000000000405e+00 5.265499999999999625e-01
6.900000000000000000e+01 1.880000000000000004e-01 5.804039999999999644e+00 5.267300000000000315e-01
7.000000000000000000e+01 1.880000000000000004e-01 5.808320000000000149e+00 5.263900000000000245e-01
7.100000000000000000e+01 1.880000000000000004e-01 5.812219999999999942e+00 5.259800000000000031e-01
7.200000000000000000e+01 1.880000000000000004e-01 5.815970000000000084e+00 5.252999999999999892e-01
7.300000000000000000e+01 1.880000000000000004e-01 5.819090000000000096e+00 5.247699999999999587e-01
7.400000000000000000e+01 1.880000000000000004e-01 5.822239999999999860e+00 5.238699999999999468e-01
7.500000000000000000e+01 1.880000000000000004e-01 5.825910000000000366e+00 5.221599999999999575e-01
7.600000000000000000e+01 1.880000000000000004e-01 5.829530000000000101e+00 5.202099999999999502e-01
7.700000000000000000e+01 1.880000000000000004e-01 5.833330000000000126e+00 5.181599999999999540e-01
7.800000000000000000e+01 1.880000000000000004e-01 5.837519999999999598e+00 5.160099999999999687e-01
7.900000000000000000e+01 1.880000000000000004e-01 5.840959999999999930e+00 5.157800000000000162e-01
8.000000000000000000e+01 1.880000000000000004e-01 5.844579999999999664e+00 5.149799999999999933e-01
8.100000000000000000e+01 1.880000000000000004e-01 5.848569999999999602e+00 5.140099999999999669e-01
8.200000000000000000e+01 1.880000000000000004e-01 5.853209999999999802e+00 5.121799999999999686e-01
8.300000000000000000e+01 1.880000000000000004e-01 5.858010000000000161e+00 5.099900000000000544e-01
8.400000000000000000e+01 1.880000000000000004e-01 5.862720000000000375e+00 5.080599999999999561e-01
8.500000000000000000e+01 1.880000000000000004e-01 5.867729999999999890e+00 5.052699999999999969e-01
8.600000000000000000e+01 1.880000000000000004e-01 5.872760000000000424e+00 5.023400000000000087e-01
8.700000000000000000e+01 1.880000000000000004e-01 5.877650000000000041e+00 5.003100000000000325e-01
8.800000000000000000e+01 1.880000000000000004e-01 5.881429999999999936e+00 4.990100000000000091e-01
8.900000000000000000e+01 1.880000000000000004e-01 5.885049999999999670e+00 4.977300000000000058e-01
9.000000000000000000e+01 1.880000000000000004e-01 5.888679999999999914e+00 4.962900000000000089e-01
9.100000000000000000e+01 1.880000000000000004e-01 5.892330000000000290e+00 4.946200000000000041e-01
9.200000000000000000e+01 1.880000000000000004e-01 5.895439999999999792e+00 4.933199999999999807e-01
9.300000000000000000e+01 1.880000000000000004e-01 5.898530000000000051e+00 4.918299999999999894e-01
9.400000000000000000e+01 1.880000000000000004e-01 5.901690000000000325e+00 4.903399999999999981e-01
9.500000000000000000e+01 1.880000000000000004e-01 5.904600000000000293e+00 4.894100000000000117e-01
9.600000000000000000e+01 1.880000000000000004e-01 5.907060000000000421e+00 4.886599999999999833e-01
9.700000000000000000e+01 1.880000000000000004e-01 5.909349999999999881e+00 4.881300000000000083e-01
9.800000000000000000e+01 1.880000000000000004e-01 5.911690000000000111e+00 4.878000000000000114e-01
9.900000000000000000e+01 1.880000000000000004e-01 5.914250000000000007e+00 4.880700000000000038e-01
1.000000000000000000e+02 1.880000000000000004e-01 5.916290000000000049e+00 4.884200000000000208e-01
1.010000000000000000e+02 1.880000000000000004e-01 5.918210000000000193e+00 4.886800000000000033e-01
1.020000000000000000e+02 1.880000000000000004e-01 5.919909999999999783e+00 4.894299999999999762e-01
1.030000000000000000e+02 1.880000000000000004e-01 5.921170000000000044e+00 4.908000000000000140e-01
1.040000000000000000e+02 1.880000000000000004e-01 5.922299999999999898e+00 4.919499999999999984e-01
1.050000000000000000e+02 1.880000000000000004e-01 5.923820000000000086e+00 4.929200000000000248e-01
1.060000000000000000e+02 1.880000000000000004e-01 5.925550000000000317e+00 4.937300000000000022e-01
1.070000000000000000e+02 1.880000000000000004e-01 5.927190000000000403e+00 4.942799999999999971e-01
1.080000000000000000e+02 1.880000000000000004e-01 5.928889999999999993e+00 4.945800000000000196e-01
1.090000000000000000e+02 1.880000000000000004e-01 5.930250000000000021e+00 4.948500000000000121e-01
1.100000000000000000e+02 1.880000000000000004e-01 5.931580000000000297e+00 4.949100000000000166e-01
1.110000000000000000e+02 1.880000000000000004e-01 5.932979999999999698e+00 4.945399999999999796e-01
1.120000000000000000e+02 1.880000000000000004e-01 5.934499999999999886e+00 4.940399999999999792e-01
1.130000000000000000e+02 1.880000000000000004e-01 5.935800000000000409e+00 4.934000000000000052e-01
1.140000000000000000e+02 1.880000000000000004e-01 5.937310000000000088e+00 4.926599999999999868e-01
1.150000000000000000e+02 1.880000000000000004e-01 5.939259999999999984e+00 4.921200000000000019e-01
1.160000000000000000e+02 1.809999999999999942e-01 5.944530000000000314e+00 4.921800000000000064e-01
1.170000000000000000e+02 1.809999999999999942e-01 5.953839999999999577e+00 4.933299999999999907e-01
1.180000000000000000e+02 1.670000000000000095e-01 7.380359999999999587e+00 6.120299999999999629e-01
1.190000000000000000e+02 1.670000000000000095e-01 7.385169999999999568e+00 6.108299999999999841e-01
1.200000000000000000e+02 1.670000000000000095e-01 7.389840000000000408e+00 6.096300000000000052e-01
