1.000000000000000000e+00 1.880000000000000004e-01 1.048935999999999957e+01 9.429999999999999147e-03
2.000000000000000000e+00 1.880000000000000004e-01 1.162542999999999971e+01 1.477000000000000014e-02
3.000000000000000000e+00 1.739999999999999880e-01 9.052619999999999223e+00 3.973999999999999755e-02
4.000000000000000000e+00 1.739999999999999880e-01 8.665010000000000545e+00 4.197000000000000036e-02
5.000000000000000000e+00 1.739999999999999880e-01 8.412119999999999820e+00 4.261999999999999816e-02
6.000000000000000000e+00 1.739999999999999880e-01 8.445800000000000196e+00 4.431999999999999829e-02
7.000000000000000000e+00 1.670000000000000095e-01 9.068580000000000751e+00 6.696000000000000563e-02
8.000000000000000000e+00 1.670000000000000095e-01 9.270350000000000534e+00 6.905999999999999639e-02
9.000000000000000000e+00 1.670000000000000095e-01 9.424960000000000448e+00 7.033999999999999975e-02
1.000000000000000000e+01 1.670000000000000095e-01 9.744659999999999656e+00 7.047000000000000486e-02
1.100000000000000000e+01 1.670000000000000095e-01 1.016163000000000061e+01 7.785000000000000253e-02
1.200000000000000000e+01 1.670000000000000095e-01 1.014260999999999946e+01 7.495000000000000273e-02
1.300000000000000000e+01 1.670000000000000095e-01 1.013545000000000051e+01 7.277999999999999747e-02
1.400000000000000000e+01 1.670000000000000095e-01 1.015504999999999924e+01 7.185999999999999333e-02
1.500000000000000000e+01 1.670000000000000095e-01 1.017993000000000059e+01 7.111000000000000654e-02
1.600000000000000000e+01 1.670000000000000095e-01 1.020129999999999981e+01 6.998999999999999666e-02
1.700000000000000000e+01 1.670000000000000095e-01 1.022494999999999976e+01 6.912000000000000088e-02
1.800000000000000000e+01 1.670000000000000095e-01 1.024737999999999971e+01 6.832000000000000572e-02
1.900000000000000000e+01 1.670000000000000095e-01 1.042745000000000033e+01 6.912999999999999701e-02
2.000000000000000000e+01 1.600000000000000033e-01 1.078687000000000040e+01 7.310999999999999444e-02
2.100000000000000000e+01 1.600000000000000033e-01 1.106592999999999982e+01 7.574999999999999789e-02
2.200000000000000000e+01 1.529999999999999971e-01 1.121993999999999936e+01 7.625999999999999446e-02
2.300000000000000000e+01 1.529999999999999971e-01 1.132184999999999953e+01 7.600999999999999424e-02
2.400000000000000000e+01 1.529999999999999971e-01 1.153187999999999924e+01 7.753999999999999782e-02
2.500000000000000000e+01 1.529999999999999971e-01 1.174676000000000009e+01 7.843999999999999584e-02
2.600000000000000000e+01 1.529999999999999971e-01 1.193262000000000000e+01 7.903999999999999915e-02
2.700000000000000000e+01 1.529999999999999971e-01 1.209012000000000064e+01 8.276999999999999635e-02
2.800000000000000000e+01 1.529999999999999971e-01 1.221576999999999913e+01 8.661000000000000643e-02
2.900000000000000000e+01 1.529999999999999971e-01 1.232493999999999978e+01 9.067999999999999672e-02
3.000000000000000000e+01 1.600000000000000033e-01 1.241231999999999935e+01 9.388000000000000511e-02
3.100000000000000000e+01 1.600000000000000033e-01 1.249682999999999922e+01 9.714000000000000412e-02
3.200000000000000000e+01 1.670000000000000095e-01 1.257126000000000055e+01 1.001800000000000052e-01
3.300000000000000000e+01 1.670000000000000095e-01 1.263809000000000005e+01 1.028700000000000031e-01
3.400000000000000000e+01 1.739999999999999880e-01 1.266986999999999952e+01 1.036500000000000060e-01
3.500000000000000000e+01 1.600000000000000033e-01 1.269077000000000055e+01 1.046900000000000053e-01
3.600000000000000000e+01 1.670000000000000095e-01 1.271438000000000024e+01 1.069800000000000056e-01
3.700000000000000000e+01 1.670000000000000095e-01 1.274905000000000044e+01 1.102400000000000047e-01
3.800000000000000000e+01 1.739999999999999880e-01 1.277638999999999925e+01 1.139499999999999957e-01
3.900000000000000000e+01 1.670000000000000095e-01 1.281858000000000075e+01 1.189599999999999963e-01
4.000000000000000000e+01 1.600000000000000033e-01 1.286702999999999975e+01 1.256299999999999917e-01
4.100000000000000000e+01 1.600000000000000033e-01 1.295885999999999960e+01 1.347099999999999964e-01
4.200000000000000000e+01 1.600000000000000033e-01 1.303339000000000070e+01 1.451900000000000135e-01
4.300000000000000000e+01 1.529999999999999971e-01 1.308703000000000038e+01 1.572999999999999954e-01
4.400000000000000000e+01 1.529999999999999971e-01 1.311655000000000015e+01 1.701600000000000057e-01
4.500000000000000000e+01 1.600000000000000033e-01 1.312676000000000087e+01 1.824099999999999888e-01
4.600000000000000000e+01 1.670000000000000095e-01 1.312668000000000035e+01 1.953199999999999936e-01
4.700000000000000000e+01 1.739999999999999880e-01 1.312040000000000006e+01 2.064300000000000024e-01
4.800000000000000000e+01 1.809999999999999942e-01 1.311364000000000019e+01 2.165400000000000102e-01
4.900000000000000000e+01 1.880000000000000004e-01 1.311515999999999948e+01 2.242699999999999971e-01
5.000000000000000000e+01 1.940000000000000058e-01 1.311079999999999934e+01 2.281100000000000072e-01
5.100000000000000000e+01 1.940000000000000058e-01 1.309852000000000061e+01 2.288499999999999979e-01
5.200000000000000000e+01 1.940000000000000058e-01 1.308620999999999945e+01 2.271799999999999931e-01
5.300000000000000000e+01 1.940000000000000058e-01 1.307953000000000010e+01 2.240199999999999969e-01
5.400000000000000000e+01 1.940000000000000058e-01 1.307380000000000031e+01 2.204899999999999916e-01
5.500000000000000000e+01 1.880000000000000004e-01 1.306884999999999941e+01 2.159800000000000053e-01
5.600000000000000000e+01 1.880000000000000004e-01 1.306996999999999964e+01 2.115100000000000036e-01
5.700000000000000000e+01 1.869999999999999996e-01 1.306338000000000044e+01 2.083399999999999974e-01
5.800000000000000000e+01 1.869999999999999996e-01 1.305283999999999978e+01 2.067199999999999871e-01
5.900000000000000000e+01 1.869999999999999996e-01 1.303968000000000060e+01 2.062199999999999867e-01
6.000000000000000000e+01 1.869999999999999996e-01 1.302773000000000003e+01 2.062700000000000089e-01
6.100000000000000000e+01 1.869999999999999996e-01 1.301656999999999975e+01 2.065599999999999936e-01
6.200000000000000000e+01 1.869999999999999996e-01 1.301193999999999917e+01 2.072400000000000075e-01
6.300000000000000000e+01 1.869999999999999996e-01 1.300909000000000049e+01 2.076900000000000135e-01
6.400000000000000000e+01 1.869999999999999996e-01 1.300700999999999929e+01 2.078899999999999915e-01
6.500000000000000000e+01 1.869999999999999996e-01 1.300542000000000087e+01 2.075899999999999967e-01
6.600000000000000000e+01 1.809999999999999942e-01 1.300681999999999938e+01 2.070500000000000118e-01
6.700000000000000000e+01 1.809999999999999942e-01 1.300633999999999979e+01 2.060500000000000109e-01
6.800000000000000000e+01 1.809999999999999942e-01 1.300428999999999924e+01 2.046999999999999931e-01
6.900000000000000000e+01 1.809999999999999942e-01 1.300145000000000017e+01 2.031100000000000128e-01
7.000000000000000000e+01 1.809999999999999942e-01 1.299892000000000003e+01 2.013099999999999890e-01
7.100000000000000000e+01 1.739999999999999880e-01 1.299471999999999916e+01 1.994100000000000039e-01
7.200000000000000000e+01 1.739999999999999880e-01 1.299028000000000027e+01 1.975600000000000134e-01
7.300000000000000000e+01 1.600000000000000033e-01 1.298556999999999917e+01 1.956900000000000028e-01
7.400000000000000000e+01 1.600000000000000033e-01 1.298068999999999917e+01 1.937899999999999900e-01
7.500000000000000000e+01 1.600000000000000033e-01 1.297485999999999962e+01 1.918199999999999905e-01
7.600000000000000000e+01 1.600000000000000033e-01 1.296771999999999991e+01 1.899500000000000077e-01
7.700000000000000000e+01 1.600000000000000033e-01 1.295946999999999960e+01 1.882800000000000029e-01
7.800000000000000000e+01 1.600000000000000033e-01 1.295037999999999911e+01 1.866200000000000081e-01
7.900000000000000000e+01 1.600000000000000033e-01 1.294131999999999927e+01 1.850100000000000078e-01
8.000000000000000000e+01 1.529999999999999971e-01 1.293477000000000032e+01 1.835400000000000087e-01
8.100000000000000000e+01 1.529999999999999971e-01 1.293191000000000024e+01 1.822699999999999876e-01
8.200000000000000000e+01 1.529999999999999971e-01 1.292891000000000012e+01 1.810299999999999965e-01
8.300000000000000000e+01 1.529999999999999971e-01 1.292544999999999966e+01 1.798299999999999899e-01
8.400000000000000000e+01 1.529999999999999971e-01 1.292441999999999958e+01 1.786999999999999977e-01
8.500000000000000000e+01 1.529999999999999971e-01 1.292558999999999969e+01 1.776600000000000124e-01
8.600000000000000000e+01 1.529999999999999971e-01 1.292617000000000083e+01 1.766600000000000115e-01
8.700000000000000000e+01 1.529999999999999971e-01 1.292703000000000024e+01 1.757100000000000051e-01
8.800000000000000000e+01 1.529999999999999971e-01 1.292892999999999937e+01 1.748300000000000132e-01
8.900000000000000000e+01 1.529999999999999971e-01 1.292694000000000010e+01 1.739900000000000058e-01
9.000000000000000000e+01 1.529999999999999971e-01 1.292314000000000007e+01 1.731900000000000106e-01
9.100000000000000000e+01 1.529999999999999971e-01 1.291871000000000080e+01 1.724299999999999999e-01
9.200000000000000000e+01 1.529999999999999971e-01 1.291423999999999950e+01 1.716900000000000093e-01
9.300000000000000000e+01 1.529999999999999971e-01 1.290925999999999974e+01 1.710000000000000131e-01
9.400000000000000000e+01 1.529999999999999971e-01 1.290475999999999956e+01 1.703500000000000014e-01
9.500000000000000000e+01 1.529999999999999971e-01 1.290057999999999971e+01 1.697799999999999865e-01
9.600000000000000000e+01 1.529999999999999971e-01 1.289685000000000059e+01 1.692200000000000093e-01
9.700000000000000000e+01 1.529999999999999971e-01 1.289411999999999914e+01 1.686600000000000044e-01
9.800000000000000000e+01 1.529999999999999971e-01 1.289208999999999961e+01 1.681499999999999939e-01
9.900000000000000000e+01 1.529999999999999971e-01 1.289024000000000036e+01 1.676700000000000135e-01
1.000000000000000000e+02 1.529999999999999971e-01 1.288833999999999946e+01 1.671600000000000030e-01
1.010000000000000000e+02 1.529999999999999971e-01 1.288662000000000063e+01 1.665899999999999881e-01
1.020000000000000000e+02 1.529999999999999971e-01 1.288485999999999976e+01 1.660200000000000009e-01
1.030000000000000000e+02 1.459999999999999909e-01 1.288303999999999938e+01 1.654700000000000060e-01
1.040000000000000000e+02 1.459999999999999909e-01 1.288113000000000063e+01 1.649200000000000110e-01
1.050000000000000000e+02 1.459999999999999909e-01 1.287903000000000020e+01 1.643999999999999906e-01
1.060000000000000000e+02 1.459999999999999909e-01 1.287662000000000084e+01 1.638900000000000079e-01
1.070000000000000000e+02 1.459999999999999909e-01 1.287332999999999927e+01 1.634700000000000042e-01
1.080000000000000000e+02 1.459999999999999909e-01 1.287018999999999913e+01 1.630900000000000127e-01
1.090000000000000000e+02 1.459999999999999909e-01 1.286705000000000076e+01 1.627200000000000035e-01
1.100000000000000000e+02 1.459999999999999909e-01 1.286392999999999986e+01 1.623600000000000043e-01
1.110000000000000000e+02 1.459999999999999909e-01 1.286084999999999923e+01 1.620000000000000051e-01
1.120000000000000000e+02 1.459999999999999909e-01 1.285749000000000031e+01 1.616599999999999981e-01
1.130000000000000000e+02 1.459999999999999909e-01 1.285365000000000002e+01 1.613499999999999934e-01
1.140000000000000000e+02 1.459999999999999909e-01 1.284989000000000026e+01 1.610300000000000065e-01
1.150000000000000000e+02 1.459999999999999909e-01 1.284442999999999913e+01 1.607399999999999940e-01
1.160000000000000000e+02 1.459999999999999909e-01 1.283792000000000044e+01 1.604500000000000093e-01
1.170000000000000000e+02 1.459999999999999909e-01 1.283135000000000048e+01 1.601799999999999891e-01
1.180000000000000000e+02 1.459999999999999909e-01 1.282474999999999987e+01 1.599299999999999888e-01
1.190000000000000000e+02 1.459999999999999909e-01 1.281807000000000052e+01 1.597000000000000086e-01
1.200000000000000000e+02 1.459999999999999909e-01 1.281147999999999954e+01 1.595000000000000029e-01
