1.000000000000000000e+00 1.880000000000000004e-01 8.097129999999999939e+00 1.847300000000000053e-01
2.000000000000000000e+00 1.880000000000000004e-01 8.213589999999999947e+00 2.086199999999999999e-01
3.000000000000000000e+00 1.940000000000000058e-01 8.041449999999999321e+00 2.738200000000000078e-01
4.000000000000000000e+00 1.940000000000000058e-01 8.042949999999999378e+00 2.744199999999999973e-01
5.000000000000000000e+00 1.940000000000000058e-01 8.053269999999999484e+00 2.754499999999999726e-01
6.000000000000000000e+00 1.880000000000000004e-01 8.059590000000000032e+00 2.756799999999999806e-01
7.000000000000000000e+00 1.880000000000000004e-01 8.064560000000000173e+00 2.755099999999999771e-01
8.000000000000000000e+00 1.880000000000000004e-01 8.068479999999999208e+00 2.752800000000000247e-01
9.000000000000000000e+00 1.880000000000000004e-01 8.075760000000000716e+00 2.756100000000000216e-01
1.000000000000000000e+01 1.880000000000000004e-01 8.087590000000000501e+00 2.764499999999999735e-01
1.100000000000000000e+01 1.880000000000000004e-01 8.106109999999999260e+00 2.777700000000000169e-01
1.200000000000000000e+01 1.809999999999999942e-01 8.120390000000000441e+00 2.785599999999999743e-01
1.300000000000000000e+01 1.809999999999999942e-01 8.156940000000000524e+00 2.797799999999999732e-01
1.400000000000000000e+01 1.809999999999999942e-01 8.186120000000000729e+00 2.787600000000000078e-01
1.500000000000000000e+01 1.809999999999999942e-01 8.210409999999999542e+00 2.772100000000000120e-01
1.600000000000000000e+01 1.880000000000000004e-01 7.508750000000000036e+00 2.154999999999999971e-01
1.700000000000000000e+01 1.880000000000000004e-01 7.908070000000000377e+00 2.146500000000000075e-01
1.800000000000000000e+01 1.880000000000000004e-01 7.923040000000000305e+00 2.085899999999999976e-01
1.900000000000000000e+01 1.880000000000000004e-01 7.925069999999999837e+00 2.043300000000000116e-01
2.000000000000000000e+01 1.809999999999999942e-01 7.917169999999999597e+00 2.011799999999999977e-01
2.100000000000000000e+01 1.809999999999999942e-01 7.897170000000000023e+00 1.987899999999999945e-01
2.200000000000000000e+01 1.809999999999999942e-01 7.879789999999999850e+00 1.971100000000000074e-01
2.300000000000000000e+01 1.809999999999999942e-01 7.877790000000000070e+00 1.964400000000000035e-01
2.400000000000000000e+01 1.809999999999999942e-01 7.844529999999999781e+00 1.951299999999999979e-01
2.500000000000000000e+01 1.809999999999999942e-01 7.809569999999999901e+00 1.938100000000000100e-01
2.600000000000000000e+01 1.869999999999999996e-01 7.781469999999999665e+00 1.950699999999999934e-01
2.700000000000000000e+01 1.869999999999999996e-01 1.229696000000000033e+01 5.534599999999999520e-01
2.800000000000000000e+01 1.940000000000000058e-01 1.216400999999999932e+01 5.595900000000000318e-01
2.900000000000000000e+01 2.010000000000000120e-01 1.202447000000000088e+01 5.649199999999999777e-01
3.000000000000000000e+01 2.010000000000000120e-01 1.191094000000000008e+01 5.707699999999999996e-01
3.100000000000000000e+01 2.010000000000000120e-01 1.180959999999999965e+01 5.744500000000000162e-01
3.200000000000000000e+01 2.149999999999999967e-01 1.169900999999999947e+01 5.730899999999999883e-01
3.300000000000000000e+01 2.149999999999999967e-01 1.158604000000000056e+01 5.666799999999999615e-01
3.400000000000000000e+01 2.149999999999999967e-01 1.147320999999999991e+01 5.556999999999999718e-01
3.500000000000000000e+01 2.079999999999999905e-01 1.133084000000000024e+01 5.366900000000000004e-01
3.600000000000000000e+01 2.010000000000000120e-01 1.118726999999999983e+01 5.144499999999999629e-01
3.700000000000000000e+01 2.010000000000000120e-01 1.103935000000000066e+01 4.906499999999999750e-01
3.800000000000000000e+01 2.010000000000000120e-01 1.086105000000000054e+01 4.635299999999999976e-01
3.900000000000000000e+01 1.880000000000000004e-01 1.067239000000000004e+01 4.377499999999999725e-01
4.000000000000000000e+01 1.880000000000000004e-01 1.035398999999999958e+01 4.003800000000000137e-01
4.100000000000000000e+01 1.809999999999999942e-01 9.347640000000000171e+00 3.059700000000000197e-01
4.200000000000000000e+01 1.940000000000000058e-01 8.099629999999999441e+00 2.274500000000000133e-01
4.300000000000000000e+01 1.809999999999999942e-01 7.136110000000000397e+00 1.817699999999999871e-01
4.400000000000000000e+01 1.809999999999999942e-01 6.933860000000000134e+00 1.708600000000000119e-01
4.500000000000000000e+01 1.809999999999999942e-01 6.871879999999999988e+00 1.654799999999999882e-01
4.600000000000000000e+01 1.809999999999999942e-01 6.873400000000000176e+00 1.625600000000000100e-01
4.700000000000000000e+01 1.809999999999999942e-01 6.875860000000000305e+00 1.597500000000000031e-01
4.800000000000000000e+01 1.880000000000000004e-01 6.925110000000000099e+00 1.587800000000000045e-01
4.900000000000000000e+01 1.809999999999999942e-01 6.975520000000000387e+00 1.581400000000000028e-01
5.000000000000000000e+01 1.809999999999999942e-01 7.034799999999999720e+00 1.580900000000000083e-01
5.100000000000000000e+01 1.809999999999999942e-01 7.079180000000000028e+00 1.576200000000000101e-01
5.200000000000000000e+01 1.809999999999999942e-01 7.160989999999999966e+00 1.590499999999999969e-01
5.300000000000000000e+01 1.809999999999999942e-01 7.246749999999999581e+00 1.609399999999999997e-01
5.400000000000000000e+01 1.809999999999999942e-01 7.309820000000000206e+00 1.618999999999999884e-01
5.500000000000000000e+01 1.809999999999999942e-01 7.355520000000000280e+00 1.621799999999999908e-01
5.600000000000000000e+01 1.940000000000000058e-01 7.823540000000000383e+00 5.984599999999999920e-01
5.700000000000000000e+01 1.809999999999999942e-01 7.439589999999999925e+00 1.635199999999999987e-01
5.800000000000000000e+01 1.809999999999999942e-01 7.624880000000000102e+00 1.745099999999999985e-01
5.900000000000000000e+01 1.940000000000000058e-01 7.811449999999999783e+00 5.965000000000000302e-01
6.000000000000000000e+01 1.809999999999999942e-01 7.886930000000000440e+00 1.921400000000000052e-01
6.100000000000000000e+01 1.809999999999999942e-01 7.990859999999999630e+00 1.996300000000000019e-01
6.200000000000000000e+01 1.940000000000000058e-01 7.797250000000000014e+00 5.943599999999999994e-01
6.300000000000000000e+01 1.809999999999999942e-01 8.143219999999999459e+00 2.122900000000000065e-01
6.400000000000000000e+01 1.809999999999999942e-01 8.181290000000000617e+00 2.165300000000000002e-01
6.500000000000000000e+01 1.809999999999999942e-01 8.204539999999999722e+00 2.199500000000000066e-01
6.600000000000000000e+01 1.809999999999999942e-01 8.224790000000000489e+00 2.229700000000000015e-01
6.700000000000000000e+01 1.940000000000000058e-01 7.777129999999999654e+00 5.907200000000000228e-01
6.800000000000000000e+01 1.940000000000000058e-01 7.773699999999999832e+00 5.898999999999999799e-01
6.900000000000000000e+01 1.940000000000000058e-01 7.770299999999999763e+00 5.890600000000000280e-01
7.000000000000000000e+01 1.809999999999999942e-01 8.306490000000000151e+00 2.340200000000000058e-01
7.100000000000000000e+01 2.010000000000000120e-01 7.764619999999999855e+00 5.873300000000000187e-01
7.200000000000000000e+01 1.880000000000000004e-01 8.339840000000000586e+00 2.387600000000000000e-01
7.300000000000000000e+01 2.010000000000000120e-01 7.759579999999999700e+00 5.856400000000000494e-01
7.400000000000000000e+01 2.010000000000000120e-01 7.757290000000000241e+00 5.849100000000000410e-01
7.500000000000000000e+01 2.010000000000000120e-01 7.755099999999999660e+00 5.841499999999999471e-01
7.600000000000000000e+01 2.010000000000000120e-01 7.753260000000000041e+00 5.832800000000000207e-01
7.700000000000000000e+01 2.010000000000000120e-01 7.751420000000000421e+00 5.824300000000000033e-01
7.800000000000000000e+01 2.010000000000000120e-01 7.749530000000000030e+00 5.816000000000000059e-01
7.900000000000000000e+01 2.010000000000000120e-01 7.747790000000000177e+00 5.807600000000000540e-01
8.000000000000000000e+01 2.010000000000000120e-01 7.746629999999999683e+00 5.799800000000000511e-01
8.100000000000000000e+01 2.010000000000000120e-01 7.745840000000000281e+00 5.791600000000000081e-01
8.200000000000000000e+01 2.010000000000000120e-01 7.745079999999999742e+00 5.783399999999999652e-01
8.300000000000000000e+01 1.940000000000000058e-01 7.744100000000000428e+00 5.776499999999999968e-01
8.400000000000000000e+01 1.940000000000000058e-01 7.743009999999999948e+00 5.769999999999999574e-01
8.500000000000000000e+01 1.940000000000000058e-01 7.741929999999999978e+00 5.763200000000000545e-01
8.600000000000000000e+01 1.940000000000000058e-01 7.741159999999999819e+00 5.756700000000000150e-01
8.700000000000000000e+01 1.940000000000000058e-01 7.741220000000000212e+00 5.750699999999999701e-01
8.800000000000000000e+01 1.940000000000000058e-01 7.742899999999999672e+00 5.746900000000000341e-01
8.900000000000000000e+01 1.940000000000000058e-01 7.744349999999999845e+00 5.743500000000000272e-01
9.000000000000000000e+01 1.940000000000000058e-01 7.745730000000000004e+00 5.740499999999999492e-01
9.100000000000000000e+01 1.940000000000000058e-01 7.747139999999999915e+00 5.737700000000000022e-01
9.200000000000000000e+01 1.940000000000000058e-01 7.748599999999999710e+00 5.734799999999999898e-01
9.300000000000000000e+01 1.940000000000000058e-01 7.750110000000000277e+00 5.731800000000000228e-01
9.400000000000000000e+01 1.940000000000000058e-01 7.751649999999999707e+00 5.728999999999999648e-01
9.500000000000000000e+01 1.940000000000000058e-01 7.753490000000000215e+00 5.727200000000000069e-01
9.600000000000000000e+01 1.940000000000000058e-01 7.755200000000000315e+00 5.724700000000000344e-01
9.700000000000000000e+01 1.940000000000000058e-01 7.756890000000000285e+00 5.722000000000000419e-01
9.800000000000000000e+01 1.940000000000000058e-01 7.758630000000000138e+00 5.719499999999999584e-01
9.900000000000000000e+01 1.940000000000000058e-01 7.760430000000000383e+00 5.716799999999999660e-01
1.000000000000000000e+02 1.940000000000000058e-01 7.762209999999999610e+00 5.714099999999999735e-01
1.010000000000000000e+02 1.940000000000000058e-01 7.764000000000000234e+00 5.711600000000000010e-01
1.020000000000000000e+02 1.940000000000000058e-01 7.765950000000000131e+00 5.709199999999999831e-01
1.030000000000000000e+02 1.940000000000000058e-01 7.767870000000000275e+00 5.706599999999999451e-01
1.040000000000000000e+02 1.940000000000000058e-01 7.769870000000000054e+00 5.704200000000000381e-01
1.050000000000000000e+02 1.940000000000000058e-01 7.771650000000000169e+00 5.701500000000000457e-01
1.060000000000000000e+02 1.940000000000000058e-01 7.773869999999999614e+00 5.699499999999999567e-01
1.070000000000000000e+02 1.940000000000000058e-01 7.775820000000000398e+00 5.697400000000000242e-01
1.080000000000000000e+02 1.940000000000000058e-01 7.777989999999999959e+00 5.695700000000000207e-01
1.090000000000000000e+02 1.940000000000000058e-01 7.780000000000000249e+00 5.693799999999999972e-01
1.100000000000000000e+02 1.940000000000000058e-01 7.782280000000000086e+00 5.692099999999999937e-01
1.110000000000000000e+02 1.940000000000000058e-01 7.784349999999999881e+00 5.690499999999999448e-01
1.120000000000000000e+02 1.940000000000000058e-01 7.786389999999999922e+00 5.688800000000000523e-01
1.130000000000000000e+02 1.940000000000000058e-01 7.788509999999999600e+00 5.687100000000000488e-01
1.140000000000000000e+02 1.940000000000000058e-01 7.790670000000000428e+00 5.685599999999999543e-01
1.150000000000000000e+02 1.940000000000000058e-01 7.792639999999999567e+00 5.684099999999999708e-01
1.160000000000000000e+02 1.940000000000000058e-01 7.794690000000000119e+00 5.682399999999999674e-01
1.170000000000000000e+02 1.940000000000000058e-01 7.796739999999999782e+00 5.680800000000000294e-01
1.180000000000000000e+02 1.940000000000000058e-01 7.798840000000000217e+00 5.679300000000000459e-01
1.190000000000000000e+02 1.940000000000000058e-01 7.800790000000000113e+00 5.677799999999999514e-01
1.200000000000000000e+02 1.940000000000000058e-01 7.802780000000000271e+00 5.676299999999999679e-01
