1.000000000000000000e+00 6.900000000000000577e-02 3.322929999999999939e+00 4.735900000000000110e-01
2.000000000000000000e+00 1.320000000000000062e-01 5.110400000000000276e+00 4.746099999999999763e-01
3.000000000000000000e+00 1.320000000000000062e-01 5.110400000000000276e+00 4.746099999999999763e-01
4.000000000000000000e+00 1.320000000000000062e-01 5.110400000000000276e+00 4.746099999999999763e-01
5.000000000000000000e+00 1.320000000000000062e-01 5.110400000000000276e+00 4.746099999999999763e-01
6.000000000000000000e+00 1.320000000000000062e-01 5.110400000000000276e+00 4.746099999999999763e-01
7.000000000000000000e+00 1.320000000000000062e-01 5.110400000000000276e+00 4.746099999999999763e-01
8.000000000000000000e+00 1.320000000000000062e-01 5.110400000000000276e+00 4.746099999999999763e-01
9.000000000000000000e+00 1.320000000000000062e-01 5.110400000000000276e+00 4.746099999999999763e-01
1.000000000000000000e+01 1.320000000000000062e-01 5.110400000000000276e+00 4.746099999999999763e-01
1.100000000000000000e+01 1.320000000000000062e-01 5.110400000000000276e+00 4.746099999999999763e-01
1.200000000000000000e+01 1.320000000000000062e-01 5.110400000000000276e+00 4.746099999999999763e-01
1.300000000000000000e+01 1.320000000000000062e-01 5.110400000000000276e+00 4.746099999999999763e-01
1.400000000000000000e+01 1.320000000000000062e-01 5.110400000000000276e+00 4.746099999999999763e-01
1.500000000000000000e+01 1.320000000000000062e-01 5.110400000000000276e+00 4.746099999999999763e-01
1.600000000000000000e+01 1.940000000000000058e-01 7.193699999999999761e+00 3.239500000000000157e-01
1.700000000000000000e+01 2.010000000000000120e-01 6.491060000000000052e+00 3.470699999999999896e-01
1.800000000000000000e+01 2.010000000000000120e-01 6.491060000000000052e+00 3.470699999999999896e-01
1.900000000000000000e+01 2.010000000000000120e-01 6.491060000000000052e+00 3.470699999999999896e-01
2.000000000000000000e+01 2.010000000000000120e-01 6.491060000000000052e+00 3.470699999999999896e-01
2.100000000000000000e+01 2.010000000000000120e-01 6.491060000000000052e+00 3.470699999999999896e-01
2.200000000000000000e+01 2.010000000000000120e-01 6.491060000000000052e+00 3.470699999999999896e-01
2.300000000000000000e+01 2.010000000000000120e-01 6.622799999999999798e+00 3.509900000000000242e-01
2.400000000000000000e+01 2.010000000000000120e-01 6.622799999999999798e+00 3.509900000000000242e-01
2.500000000000000000e+01 2.010000000000000120e-01 6.622799999999999798e+00 3.509900000000000242e-01
2.600000000000000000e+01 2.010000000000000120e-01 6.622799999999999798e+00 3.509900000000000242e-01
2.700000000000000000e+01 1.739999999999999880e-01 6.139569999999999972e+00 3.796300000000000230e-01
2.800000000000000000e+01 1.739999999999999880e-01 6.139569999999999972e+00 3.796300000000000230e-01
2.900000000000000000e+01 1.739999999999999880e-01 6.139569999999999972e+00 3.796300000000000230e-01
3.000000000000000000e+01 1.739999999999999880e-01 6.139569999999999972e+00 3.796300000000000230e-01
3.100000000000000000e+01 1.739999999999999880e-01 6.139569999999999972e+00 3.796300000000000230e-01
3.200000000000000000e+01 1.739999999999999880e-01 6.139569999999999972e+00 3.796300000000000230e-01
3.300000000000000000e+01 1.739999999999999880e-01 6.139569999999999972e+00 3.796300000000000230e-01
3.400000000000000000e+01 1.739999999999999880e-01 6.139569999999999972e+00 3.796300000000000230e-01
3.500000000000000000e+01 1.739999999999999880e-01 6.139569999999999972e+00 3.796300000000000230e-01
3.600000000000000000e+01 1.739999999999999880e-01 6.139569999999999972e+00 3.796300000000000230e-01
3.700000000000000000e+01 2.010000000000000120e-01 6.622799999999999798e+00 3.509900000000000242e-01
3.800000000000000000e+01 2.010000000000000120e-01 6.622799999999999798e+00 3.509900000000000242e-01
3.900000000000000000e+01 2.010000000000000120e-01 6.622799999999999798e+00 3.509900000000000242e-01
4.000000000000000000e+01 2.010000000000000120e-01 6.622799999999999798e+00 3.509900000000000242e-01
4.100000000000000000e+01 2.010000000000000120e-01 6.622799999999999798e+00 3.509900000000000242e-01
4.200000000000000000e+01 2.010000000000000120e-01 6.622799999999999798e+00 3.509900000000000242e-01
4.300000000000000000e+01 2.010000000000000120e-01 6.622799999999999798e+00 3.509900000000000242e-01
4.400000000000000000e+01 2.010000000000000120e-01 6.622799999999999798e+00 3.509900000000000242e-01
4.500000000000000000e+01 2.010000000000000120e-01 6.622799999999999798e+00 3.509900000000000242e-01
4.600000000000000000e+01 2.010000000000000120e-01 6.622799999999999798e+00 3.509900000000000242e-01
4.700000000000000000e+01 2.010000000000000120e-01 6.622799999999999798e+00 3.509900000000000242e-01
4.800000000000000000e+01 2.010000000000000120e-01 6.622799999999999798e+00 3.509900000000000242e-01
4.900000000000000000e+01 1.940000000000000058e-01 6.086949999999999861e+00 3.536199999999999899e-01
5.000000000000000000e+01 1.940000000000000058e-01 6.086949999999999861e+00 3.536199999999999899e-01
5.100000000000000000e+01 1.940000000000000058e-01 6.086949999999999861e+00 3.536199999999999899e-01
5.200000000000000000e+01 1.940000000000000058e-01 5.916780000000000150e+00 3.608899999999999886e-01
5.300000000000000000e+01 1.940000000000000058e-01 5.916780000000000150e+00 3.608899999999999886e-01
5.400000000000000000e+01 1.940000000000000058e-01 5.916780000000000150e+00 3.608899999999999886e-01
5.500000000000000000e+01 1.940000000000000058e-01 5.916780000000000150e+00 3.608899999999999886e-01
5.600000000000000000e+01 1.940000000000000058e-01 1.742990000000000039e+00 3.352499999999999925e-01
5.700000000000000000e+01 1.940000000000000058e-01 5.916780000000000150e+00 3.608899999999999886e-01
5.800000000000000000e+01 1.940000000000000058e-01 5.916780000000000150e+00 3.608899999999999886e-01
5.900000000000000000e+01 1.940000000000000058e-01 1.742990000000000039e+00 3.352499999999999925e-01
6.000000000000000000e+01 1.869999999999999996e-01 5.236250000000000071e+00 3.767499999999999738e-01
6.100000000000000000e+01 1.869999999999999996e-01 5.236250000000000071e+00 3.767499999999999738e-01
6.200000000000000000e+01 1.940000000000000058e-01 1.742990000000000039e+00 3.352499999999999925e-01
6.300000000000000000e+01 1.869999999999999996e-01 5.236250000000000071e+00 3.767499999999999738e-01
6.400000000000000000e+01 1.869999999999999996e-01 5.236250000000000071e+00 3.767499999999999738e-01
6.500000000000000000e+01 1.869999999999999996e-01 5.236250000000000071e+00 3.767499999999999738e-01
6.600000000000000000e+01 1.869999999999999996e-01 5.236250000000000071e+00 3.767499999999999738e-01
6.700000000000000000e+01 1.940000000000000058e-01 1.742990000000000039e+00 3.352499999999999925e-01
6.800000000000000000e+01 1.940000000000000058e-01 1.742990000000000039e+00 3.352499999999999925e-01
6.900000000000000000e+01 1.940000000000000058e-01 1.742990000000000039e+00 3.352499999999999925e-01
7.000000000000000000e+01 1.869999999999999996e-01 5.236250000000000071e+00 3.767499999999999738e-01
7.100000000000000000e+01 1.940000000000000058e-01 1.742990000000000039e+00 3.352499999999999925e-01
7.200000000000000000e+01 1.869999999999999996e-01 5.236250000000000071e+00 3.767499999999999738e-01
7.300000000000000000e+01 1.940000000000000058e-01 1.742990000000000039e+00 3.352499999999999925e-01
7.400000000000000000e+01 1.940000000000000058e-01 1.742990000000000039e+00 3.352499999999999925e-01
7.500000000000000000e+01 1.940000000000000058e-01 1.742990000000000039e+00 3.352499999999999925e-01
7.600000000000000000e+01 1.940000000000000058e-01 1.742990000000000039e+00 3.352499999999999925e-01
7.700000000000000000e+01 1.940000000000000058e-01 1.742990000000000039e+00 3.352499999999999925e-01
7.800000000000000000e+01 1.940000000000000058e-01 1.742990000000000039e+00 3.352499999999999925e-01
7.900000000000000000e+01 1.940000000000000058e-01 1.742990000000000039e+00 3.352499999999999925e-01
8.000000000000000000e+01 1.940000000000000058e-01 1.742990000000000039e+00 3.352499999999999925e-01
8.100000000000000000e+01 1.940000000000000058e-01 1.742990000000000039e+00 3.352499999999999925e-01
8.200000000000000000e+01 1.940000000000000058e-01 1.742990000000000039e+00 3.352499999999999925e-01
8.300000000000000000e+01 1.940000000000000058e-01 1.742990000000000039e+00 3.352499999999999925e-01
8.400000000000000000e+01 1.940000000000000058e-01 1.742990000000000039e+00 3.352499999999999925e-01
8.500000000000000000e+01 1.940000000000000058e-01 1.742990000000000039e+00 3.352499999999999925e-01
8.600000000000000000e+01 1.940000000000000058e-01 1.742990000000000039e+00 3.352499999999999925e-01
8.700000000000000000e+01 1.940000000000000058e-01 1.742990000000000039e+00 3.352499999999999925e-01
8.800000000000000000e+01 1.940000000000000058e-01 1.742990000000000039e+00 3.352499999999999925e-01
8.900000000000000000e+01 1.940000000000000058e-01 1.742990000000000039e+00 3.352499999999999925e-01
9.000000000000000000e+01 1.940000000000000058e-01 1.742990000000000039e+00 3.352499999999999925e-01
9.100000000000000000e+01 1.940000000000000058e-01 1.742990000000000039e+00 3.352499999999999925e-01
9.200000000000000000e+01 1.940000000000000058e-01 1.742990000000000039e+00 3.352499999999999925e-01
9.300000000000000000e+01 1.940000000000000058e-01 1.742990000000000039e+00 3.352499999999999925e-01
9.400000000000000000e+01 1.940000000000000058e-01 1.742990000000000039e+00 3.352499999999999925e-01
9.500000000000000000e+01 1.940000000000000058e-01 1.742990000000000039e+00 3.352499999999999925e-01
9.600000000000000000e+01 1.940000000000000058e-01 1.742990000000000039e+00 3.352499999999999925e-01
9.700000000000000000e+01 1.940000000000000058e-01 1.742990000000000039e+00 3.352499999999999925e-01
9.800000000000000000e+01 1.940000000000000058e-01 1.742990000000000039e+00 3.352499999999999925e-01
9.900000000000000000e+01 1.940000000000000058e-01 1.742990000000000039e+00 3.352499999999999925e-01
1.000000000000000000e+02 1.940000000000000058e-01 1.742990000000000039e+00 3.352499999999999925e-01
1.010000000000000000e+02 1.940000000000000058e-01 1.742990000000000039e+00 3.352499999999999925e-01
1.020000000000000000e+02 1.940000000000000058e-01 1.742990000000000039e+00 3.352499999999999925e-01
1.030000000000000000e+02 1.940000000000000058e-01 1.742990000000000039e+00 3.352499999999999925e-01
1.040000000000000000e+02 1.940000000000000058e-01 1.742990000000000039e+00 3.352499999999999925e-01
1.050000000000000000e+02 1.940000000000000058e-01 1.742990000000000039e+00 3.352499999999999925e-01
1.060000000000000000e+02 1.940000000000000058e-01 1.742990000000000039e+00 3.352499999999999925e-01
1.070000000000000000e+02 1.940000000000000058e-01 1.742990000000000039e+00 3.352499999999999925e-01
1.080000000000000000e+02 1.940000000000000058e-01 1.742990000000000039e+00 3.352499999999999925e-01
1.090000000000000000e+02 1.940000000000000058e-01 1.742990000000000039e+00 3.352499999999999925e-01
1.100000000000000000e+02 1.940000000000000058e-01 1.742990000000000039e+00 3.352499999999999925e-01
1.110000000000000000e+02 1.940000000000000058e-01 1.742990000000000039e+00 3.352499999999999925e-01
1.120000000000000000e+02 1.940000000000000058e-01 1.742990000000000039e+00 3.352499999999999925e-01
1.130000000000000000e+02 1.940000000000000058e-01 1.742990000000000039e+00 3.352499999999999925e-01
1.140000000000000000e+02 1.940000000000000058e-01 1.742990000000000039e+00 3.352499999999999925e-01
1.150000000000000000e+02 1.940000000000000058e-01 1.742990000000000039e+00 3.352499999999999925e-01
1.160000000000000000e+02 1.940000000000000058e-01 1.742990000000000039e+00 3.352499999999999925e-01
1.170000000000000000e+02 1.940000000000000058e-01 1.742990000000000039e+00 3.352499999999999925e-01
1.180000000000000000e+02 1.940000000000000058e-01 1.742990000000000039e+00 3.352499999999999925e-01
1.190000000000000000e+02 1.940000000000000058e-01 1.742990000000000039e+00 3.352499999999999925e-01
1.200000000000000000e+02 1.940000000000000058e-01 1.742990000000000039e+00 3.352499999999999925e-01
