1.000000000000000000e+00 -1.000000000000000000e+00 -1.000000000000000000e+00 0.000000000000000000e+00
2.000000000000000000e+00 -1.000000000000000000e+00 -1.000000000000000000e+00 0.000000000000000000e+00
3.000000000000000000e+00 -1.000000000000000000e+00 -1.000000000000000000e+00 0.000000000000000000e+00
4.000000000000000000e+00 -1.000000000000000000e+00 -1.000000000000000000e+00 0.000000000000000000e+00
5.000000000000000000e+00 -1.000000000000000000e+00 -1.000000000000000000e+00 0.000000000000000000e+00
6.000000000000000000e+00 -1.000000000000000000e+00 -1.000000000000000000e+00 0.000000000000000000e+00
7.000000000000000000e+00 -1.000000000000000000e+00 -1.000000000000000000e+00 0.000000000000000000e+00
8.000000000000000000e+00 -1.000000000000000000e+00 -1.000000000000000000e+00 0.000000000000000000e+00
9.000000000000000000e+00 -1.000000000000000000e+00 -1.000000000000000000e+00 0.000000000000000000e+00
1.000000000000000000e+01 -1.000000000000000000e+00 -1.000000000000000000e+00 0.000000000000000000e+00
1.100000000000000000e+01 -1.000000000000000000e+00 -1.000000000000000000e+00 0.000000000000000000e+00
1.200000000000000000e+01 1.390000000000000124e-01 9.378400000000000070e-01 3.162000000000000227e-02
1.300000000000000000e+01 1.600000000000000033e-01 9.539499999999999647e-01 4.347000000000000169e-02
1.400000000000000000e+01 1.600000000000000033e-01 9.681600000000000206e-01 5.206000000000000211e-02
1.500000000000000000e+01 1.600000000000000033e-01 9.828500000000000014e-01 6.235000000000000264e-02
1.600000000000000000e+01 1.600000000000000033e-01 1.001060000000000061e+00 7.746999999999999720e-02
1.700000000000000000e+01 1.600000000000000033e-01 1.025199999999999889e+00 9.124000000000000166e-02
1.800000000000000000e+01 1.600000000000000033e-01 1.053160000000000096e+00 1.033799999999999997e-01
1.900000000000000000e+01 1.600000000000000033e-01 1.083309999999999995e+00 1.140100000000000002e-01
2.000000000000000000e+01 1.600000000000000033e-01 1.114700000000000024e+00 1.234500000000000042e-01
2.100000000000000000e+01 1.600000000000000033e-01 1.146369999999999889e+00 1.319299999999999917e-01
2.200000000000000000e+01 1.600000000000000033e-01 1.179699999999999971e+00 1.393199999999999994e-01
2.300000000000000000e+01 1.600000000000000033e-01 1.215899999999999981e+00 1.456899999999999862e-01
2.400000000000000000e+01 1.529999999999999971e-01 1.251239999999999908e+00 1.516800000000000093e-01
2.500000000000000000e+01 1.529999999999999971e-01 1.285190000000000055e+00 1.570100000000000107e-01
2.600000000000000000e+01 1.529999999999999971e-01 1.317770000000000108e+00 1.618600000000000039e-01
2.700000000000000000e+01 1.529999999999999971e-01 1.348950000000000093e+00 1.662599999999999911e-01
2.800000000000000000e+01 1.529999999999999971e-01 1.378810000000000091e+00 1.701499999999999957e-01
2.900000000000000000e+01 1.529999999999999971e-01 1.407280000000000086e+00 1.736999999999999933e-01
3.000000000000000000e+01 1.529999999999999971e-01 1.433300000000000018e+00 1.767499999999999905e-01
3.100000000000000000e+01 1.529999999999999971e-01 1.457770000000000010e+00 1.795299999999999951e-01
3.200000000000000000e+01 1.529999999999999971e-01 1.481060000000000043e+00 1.821200000000000041e-01
3.300000000000000000e+01 1.529999999999999971e-01 1.503039999999999932e+00 1.844600000000000128e-01
3.400000000000000000e+01 1.529999999999999971e-01 1.523900000000000032e+00 1.864999999999999991e-01
3.500000000000000000e+01 1.529999999999999971e-01 1.543809999999999905e+00 1.883799999999999919e-01
3.600000000000000000e+01 1.529999999999999971e-01 1.562729999999999952e+00 1.901100000000000012e-01
3.700000000000000000e+01 1.529999999999999971e-01 1.580859999999999932e+00 1.917600000000000138e-01
3.800000000000000000e+01 1.529999999999999971e-01 1.598249999999999948e+00 1.932099999999999929e-01
3.900000000000000000e+01 1.529999999999999971e-01 1.614919999999999911e+00 1.945099999999999885e-01
4.000000000000000000e+01 1.529999999999999971e-01 1.629939999999999944e+00 1.956499999999999906e-01
4.100000000000000000e+01 1.529999999999999971e-01 1.644200000000000106e+00 1.967099999999999960e-01
4.200000000000000000e+01 1.529999999999999971e-01 1.657839999999999980e+00 1.976999999999999869e-01
4.300000000000000000e+01 1.529999999999999971e-01 1.670879999999999921e+00 1.986199999999999910e-01
4.400000000000000000e+01 1.529999999999999971e-01 1.683470000000000022e+00 1.994599999999999984e-01
4.500000000000000000e+01 1.529999999999999971e-01 1.695519999999999916e+00 2.002299999999999913e-01
4.600000000000000000e+01 1.529999999999999971e-01 1.707119999999999971e+00 2.009700000000000097e-01
4.700000000000000000e+01 1.529999999999999971e-01 1.718250000000000055e+00 2.016499999999999959e-01
4.800000000000000000e+01 1.529999999999999971e-01 1.728769999999999918e+00 2.022400000000000031e-01
4.900000000000000000e+01 1.529999999999999971e-01 1.738339999999999996e+00 2.027799999999999880e-01
5.000000000000000000e+01 1.529999999999999971e-01 1.747489999999999988e+00 2.032700000000000062e-01
5.100000000000000000e+01 1.529999999999999971e-01 1.756350000000000078e+00 2.037299999999999944e-01
5.200000000000000000e+01 1.529999999999999971e-01 1.764880000000000004e+00 2.041300000000000059e-01
5.300000000000000000e+01 1.529999999999999971e-01 1.772350000000000092e+00 2.044999999999999873e-01
5.400000000000000000e+01 1.529999999999999971e-01 1.779509999999999925e+00 2.048399999999999943e-01
5.500000000000000000e+01 1.529999999999999971e-01 1.786299999999999999e+00 2.051499999999999990e-01
5.600000000000000000e+01 1.529999999999999971e-01 1.792780000000000040e+00 2.053999999999999992e-01
5.700000000000000000e+01 1.529999999999999971e-01 1.798920000000000075e+00 2.056099999999999872e-01
5.800000000000000000e+01 1.529999999999999971e-01 1.804699999999999971e+00 2.057700000000000085e-01
5.900000000000000000e+01 1.529999999999999971e-01 1.809520000000000017e+00 2.058899999999999897e-01
6.000000000000000000e+01 1.529999999999999971e-01 1.814060000000000006e+00 2.060099999999999987e-01
6.100000000000000000e+01 1.529999999999999971e-01 1.818429999999999991e+00 2.061099999999999877e-01
6.200000000000000000e+01 1.529999999999999971e-01 1.822719999999999896e+00 2.061900000000000122e-01
6.300000000000000000e+01 1.529999999999999971e-01 1.826859999999999928e+00 2.062100000000000044e-01
6.400000000000000000e+01 1.529999999999999971e-01 1.830770000000000008e+00 2.061800000000000022e-01
6.500000000000000000e+01 1.529999999999999971e-01 1.834659999999999958e+00 2.061099999999999877e-01
6.600000000000000000e+01 1.529999999999999971e-01 1.838410000000000100e+00 2.059999999999999887e-01
6.700000000000000000e+01 1.529999999999999971e-01 1.842090000000000005e+00 2.058800000000000074e-01
6.800000000000000000e+01 1.529999999999999971e-01 1.845390000000000086e+00 2.057499999999999885e-01
6.900000000000000000e+01 1.529999999999999971e-01 1.848289999999999988e+00 2.056199999999999972e-01
7.000000000000000000e+01 1.529999999999999971e-01 1.851150000000000073e+00 2.054600000000000037e-01
7.100000000000000000e+01 1.529999999999999971e-01 1.854360000000000008e+00 2.052400000000000058e-01
7.200000000000000000e+01 1.529999999999999971e-01 1.857580000000000009e+00 2.049900000000000055e-01
7.300000000000000000e+01 1.529999999999999971e-01 1.860689999999999955e+00 2.047499999999999876e-01
7.400000000000000000e+01 1.529999999999999971e-01 1.863699999999999912e+00 2.044900000000000051e-01
7.500000000000000000e+01 1.529999999999999971e-01 1.866449999999999942e+00 2.042400000000000049e-01
7.600000000000000000e+01 1.529999999999999971e-01 1.869040000000000035e+00 2.039900000000000047e-01
7.700000000000000000e+01 1.529999999999999971e-01 1.871329999999999938e+00 2.037799999999999889e-01
7.800000000000000000e+01 1.529999999999999971e-01 1.873520000000000074e+00 2.035599999999999909e-01
7.900000000000000000e+01 1.529999999999999971e-01 1.875590000000000090e+00 2.033300000000000107e-01
8.000000000000000000e+01 1.529999999999999971e-01 1.877490000000000103e+00 2.031300000000000050e-01
8.100000000000000000e+01 1.529999999999999971e-01 1.879259999999999931e+00 2.029199999999999893e-01
8.200000000000000000e+01 1.529999999999999971e-01 1.880989999999999940e+00 2.027100000000000013e-01
8.300000000000000000e+01 1.529999999999999971e-01 1.882649999999999935e+00 2.024600000000000011e-01
8.400000000000000000e+01 1.529999999999999971e-01 1.884160000000000057e+00 2.021999999999999909e-01
8.500000000000000000e+01 1.529999999999999971e-01 1.885369999999999990e+00 2.019900000000000029e-01
8.600000000000000000e+01 1.529999999999999971e-01 1.886109999999999953e+00 2.018099999999999894e-01
8.700000000000000000e+01 1.529999999999999971e-01 1.886700000000000044e+00 2.016499999999999959e-01
8.800000000000000000e+01 1.529999999999999971e-01 1.887229999999999963e+00 2.014799999999999924e-01
8.900000000000000000e+01 1.529999999999999971e-01 1.887739999999999974e+00 2.013199999999999990e-01
9.000000000000000000e+01 1.529999999999999971e-01 1.888179999999999970e+00 2.011600000000000055e-01
9.100000000000000000e+01 1.529999999999999971e-01 1.888549999999999951e+00 2.009900000000000020e-01
9.200000000000000000e+01 1.529999999999999971e-01 1.888770000000000060e+00 2.008300000000000085e-01
9.300000000000000000e+01 1.529999999999999971e-01 1.888719999999999954e+00 2.006699999999999873e-01
9.400000000000000000e+01 1.529999999999999971e-01 1.888660000000000005e+00 2.005099999999999938e-01
9.500000000000000000e+01 1.529999999999999971e-01 1.888660000000000005e+00 2.003500000000000003e-01
9.600000000000000000e+01 1.529999999999999971e-01 1.888749999999999929e+00 2.001600000000000046e-01
9.700000000000000000e+01 1.529999999999999971e-01 1.888919999999999932e+00 1.999900000000000011e-01
9.800000000000000000e+01 1.529999999999999971e-01 1.889129999999999976e+00 1.998300000000000076e-01
9.900000000000000000e+01 1.529999999999999971e-01 1.889240000000000030e+00 1.996600000000000041e-01
1.000000000000000000e+02 1.529999999999999971e-01 1.889280000000000070e+00 1.995000000000000107e-01
1.010000000000000000e+02 1.529999999999999971e-01 1.889250000000000096e+00 1.993199999999999972e-01
1.020000000000000000e+02 1.529999999999999971e-01 1.889040000000000052e+00 1.991199999999999914e-01
1.030000000000000000e+02 1.459999999999999909e-01 1.888980000000000103e+00 1.989299999999999957e-01
1.040000000000000000e+02 1.459999999999999909e-01 1.888849999999999918e+00 1.987200000000000077e-01
1.050000000000000000e+02 1.459999999999999909e-01 1.888600000000000056e+00 1.985099999999999920e-01
1.060000000000000000e+02 1.459999999999999909e-01 1.889019999999999921e+00 1.983300000000000063e-01
1.070000000000000000e+02 1.459999999999999909e-01 1.889489999999999892e+00 1.981400000000000106e-01
1.080000000000000000e+02 1.459999999999999909e-01 1.889930000000000110e+00 1.979499999999999871e-01
1.090000000000000000e+02 1.459999999999999909e-01 1.890330000000000066e+00 1.977800000000000114e-01
1.100000000000000000e+02 1.459999999999999909e-01 1.890740000000000087e+00 1.975999999999999979e-01
1.110000000000000000e+02 1.459999999999999909e-01 1.891110000000000069e+00 1.974400000000000044e-01
1.120000000000000000e+02 1.459999999999999909e-01 1.892149999999999999e+00 1.973300000000000054e-01
1.130000000000000000e+02 1.459999999999999909e-01 1.893229999999999968e+00 1.972700000000000009e-01
1.140000000000000000e+02 1.459999999999999909e-01 1.894409999999999927e+00 1.972099999999999964e-01
1.150000000000000000e+02 1.459999999999999909e-01 1.895860000000000101e+00 1.971600000000000019e-01
1.160000000000000000e+02 1.459999999999999909e-01 1.897699999999999942e+00 1.970899999999999874e-01
1.170000000000000000e+02 1.459999999999999909e-01 1.899850000000000039e+00 1.969899999999999984e-01
1.180000000000000000e+02 1.459999999999999909e-01 1.902940000000000076e+00 1.968300000000000050e-01
1.190000000000000000e+02 1.459999999999999909e-01 1.906439999999999912e+00 1.966299999999999992e-01
1.200000000000000000e+02 1.529999999999999971e-01 1.910349999999999993e+00 1.963999999999999913e-01
