1.000000000000000000e+00 1.600000000000000033e-01 1.596759999999999957e+00 6.380599999999999605e-01
2.000000000000000000e+00 1.809999999999999942e-01 1.787020000000000053e+00 7.537000000000000366e-01
3.000000000000000000e+00 1.809999999999999942e-01 1.951869999999999994e+00 8.259400000000000075e-01
4.000000000000000000e+00 1.739999999999999880e-01 2.042079999999999895e+00 8.440299999999999470e-01
5.000000000000000000e+00 1.670000000000000095e-01 2.080340000000000078e+00 8.377499999999999947e-01
6.000000000000000000e+00 1.600000000000000033e-01 2.079880000000000173e+00 8.309100000000000374e-01
7.000000000000000000e+00 1.739999999999999880e-01 2.076700000000000212e+00 8.209600000000000231e-01
8.000000000000000000e+00 1.739999999999999880e-01 2.086530000000000218e+00 8.059399999999999897e-01
9.000000000000000000e+00 1.809999999999999942e-01 2.106360000000000010e+00 7.954299999999999704e-01
1.000000000000000000e+01 1.809999999999999942e-01 2.115200000000000191e+00 7.812599999999999545e-01
1.100000000000000000e+01 1.600000000000000033e-01 1.310099999999999876e-01 3.400900000000000034e-01
1.200000000000000000e+01 1.459999999999999909e-01 4.776000000000000245e-01 6.385499999999999510e-01
1.300000000000000000e+01 1.250000000000000000e-01 6.909499999999999531e-01 2.827299999999999813e-01
1.400000000000000000e+01 -1.000000000000000000e+00 -1.000000000000000000e+00 0.000000000000000000e+00
1.500000000000000000e+01 -1.000000000000000000e+00 -1.000000000000000000e+00 0.000000000000000000e+00
1.600000000000000000e+01 1.179999999999999938e-01 9.712499999999999467e-01 7.072000000000000508e-02
1.700000000000000000e+01 -1.000000000000000000e+00 -1.000000000000000000e+00 0.000000000000000000e+00
1.800000000000000000e+01 -1.000000000000000000e+00 -1.000000000000000000e+00 0.000000000000000000e+00
1.900000000000000000e+01 -1.000000000000000000e+00 -1.000000000000000000e+00 0.000000000000000000e+00
2.000000000000000000e+01 -1.000000000000000000e+00 -1.000000000000000000e+00 0.000000000000000000e+00
2.100000000000000000e+01 -1.000000000000000000e+00 -1.000000000000000000e+00 0.000000000000000000e+00
2.200000000000000000e+01 -1.000000000000000000e+00 -1.000000000000000000e+00 0.000000000000000000e+00
2.300000000000000000e+01 -1.000000000000000000e+00 -1.000000000000000000e+00 0.000000000000000000e+00
2.400000000000000000e+01 -1.000000000000000000e+00 -1.000000000000000000e+00 0.000000000000000000e+00
2.500000000000000000e+01 -1.000000000000000000e+00 -1.000000000000000000e+00 0.000000000000000000e+00
2.600000000000000000e+01 -1.000000000000000000e+00 -1.000000000000000000e+00 0.000000000000000000e+00
2.700000000000000000e+01 -1.000000000000000000e+00 -1.000000000000000000e+00 0.000000000000000000e+00
2.800000000000000000e+01 -1.000000000000000000e+00 -1.000000000000000000e+00 0.000000000000000000e+00
2.900000000000000000e+01 -1.000000000000000000e+00 -1.000000000000000000e+00 0.000000000000000000e+00
3.000000000000000000e+01 -1.000000000000000000e+00 -1.000000000000000000e+00 0.000000000000000000e+00
3.100000000000000000e+01 -1.000000000000000000e+00 -1.000000000000000000e+00 0.000000000000000000e+00
3.200000000000000000e+01 -1.000000000000000000e+00 -1.000000000000000000e+00 0.000000000000000000e+00
3.300000000000000000e+01 1.320000000000000062e-01 1.371080000000000076e+00 1.854399999999999937e-01
3.400000000000000000e+01 1.320000000000000062e-01 1.300370000000000026e+00 4.186400000000000121e-01
3.500000000000000000e+01 1.320000000000000062e-01 1.227179999999999938e+00 6.023300000000000320e-01
3.600000000000000000e+01 1.320000000000000062e-01 1.159999999999999920e+00 7.706499999999999462e-01
3.700000000000000000e+01 1.320000000000000062e-01 1.024650000000000061e+00 2.612200000000000077e-01
3.800000000000000000e+01 -1.000000000000000000e+00 -1.000000000000000000e+00 0.000000000000000000e+00
3.900000000000000000e+01 -1.000000000000000000e+00 -1.000000000000000000e+00 0.000000000000000000e+00
4.000000000000000000e+01 -1.000000000000000000e+00 -1.000000000000000000e+00 0.000000000000000000e+00
4.100000000000000000e+01 -1.000000000000000000e+00 -1.000000000000000000e+00 0.000000000000000000e+00
4.200000000000000000e+01 -1.000000000000000000e+00 -1.000000000000000000e+00 0.000000000000000000e+00
4.300000000000000000e+01 -1.000000000000000000e+00 -1.000000000000000000e+00 0.000000000000000000e+00
4.400000000000000000e+01 -1.000000000000000000e+00 -1.000000000000000000e+00 0.000000000000000000e+00
4.500000000000000000e+01 -1.000000000000000000e+00 -1.000000000000000000e+00 0.000000000000000000e+00
4.600000000000000000e+01 -1.000000000000000000e+00 -1.000000000000000000e+00 0.000000000000000000e+00
4.700000000000000000e+01 -1.000000000000000000e+00 -1.000000000000000000e+00 0.000000000000000000e+00
4.800000000000000000e+01 -1.000000000000000000e+00 -1.000000000000000000e+00 0.000000000000000000e+00
4.900000000000000000e+01 -1.000000000000000000e+00 -1.000000000000000000e+00 0.000000000000000000e+00
5.000000000000000000e+01 -1.000000000000000000e+00 -1.000000000000000000e+00 0.000000000000000000e+00
5.100000000000000000e+01 -1.000000000000000000e+00 -1.000000000000000000e+00 0.000000000000000000e+00
5.200000000000000000e+01 -1.000000000000000000e+00 -1.000000000000000000e+00 0.000000000000000000e+00
5.300000000000000000e+01 -1.000000000000000000e+00 -1.000000000000000000e+00 0.000000000000000000e+00
5.400000000000000000e+01 -1.000000000000000000e+00 -1.000000000000000000e+00 0.000000000000000000e+00
5.500000000000000000e+01 -1.000000000000000000e+00 -1.000000000000000000e+00 0.000000000000000000e+00
5.600000000000000000e+01 -1.000000000000000000e+00 -1.000000000000000000e+00 0.000000000000000000e+00
5.700000000000000000e+01 -1.000000000000000000e+00 -1.000000000000000000e+00 0.000000000000000000e+00
5.800000000000000000e+01 -1.000000000000000000e+00 -1.000000000000000000e+00 0.000000000000000000e+00
5.900000000000000000e+01 -1.000000000000000000e+00 -1.000000000000000000e+00 0.000000000000000000e+00
6.000000000000000000e+01 -1.000000000000000000e+00 -1.000000000000000000e+00 0.000000000000000000e+00
6.100000000000000000e+01 -1.000000000000000000e+00 -1.000000000000000000e+00 0.000000000000000000e+00
6.200000000000000000e+01 -1.000000000000000000e+00 -1.000000000000000000e+00 0.000000000000000000e+00
6.300000000000000000e+01 -1.000000000000000000e+00 -1.000000000000000000e+00 0.000000000000000000e+00
6.400000000000000000e+01 -1.000000000000000000e+00 -1.000000000000000000e+00 0.000000000000000000e+00
6.500000000000000000e+01 -1.000000000000000000e+00 -1.000000000000000000e+00 0.000000000000000000e+00
6.600000000000000000e+01 -1.000000000000000000e+00 -1.000000000000000000e+00 0.000000000000000000e+00
6.700000000000000000e+01 -1.000000000000000000e+00 -1.000000000000000000e+00 0.000000000000000000e+00
6.800000000000000000e+01 -1.000000000000000000e+00 -1.000000000000000000e+00 0.000000000000000000e+00
6.900000000000000000e+01 -1.000000000000000000e+00 -1.000000000000000000e+00 0.000000000000000000e+00
7.000000000000000000e+01 -1.000000000000000000e+00 -1.000000000000000000e+00 0.000000000000000000e+00
7.100000000000000000e+01 -1.000000000000000000e+00 -1.000000000000000000e+00 0.000000000000000000e+00
7.200000000000000000e+01 -1.000000000000000000e+00 -1.000000000000000000e+00 0.000000000000000000e+00
7.300000000000000000e+01 -1.000000000000000000e+00 -1.000000000000000000e+00 0.000000000000000000e+00
7.400000000000000000e+01 -1.000000000000000000e+00 -1.000000000000000000e+00 0.000000000000000000e+00
7.500000000000000000e+01 1.529999999999999971e-01 1.266199999999999992e+00 4.050400000000000111e-01
7.600000000000000000e+01 1.459999999999999909e-01 1.289700000000000069e+00 6.827400000000000135e-01
7.700000000000000000e+01 1.459999999999999909e-01 1.314459999999999962e+00 8.414899999999999602e-01
7.800000000000000000e+01 1.529999999999999971e-01 1.338759999999999950e+00 8.403500000000000414e-01
7.900000000000000000e+01 1.529999999999999971e-01 1.360119999999999996e+00 7.624999999999999556e-01
8.000000000000000000e+01 1.529999999999999971e-01 1.377780000000000005e+00 6.921100000000000030e-01
8.100000000000000000e+01 1.600000000000000033e-01 1.392859999999999987e+00 6.335600000000000120e-01
8.200000000000000000e+01 1.739999999999999880e-01 1.405939999999999968e+00 5.892600000000000060e-01
8.300000000000000000e+01 1.739999999999999880e-01 1.419650000000000079e+00 5.555999999999999828e-01
8.400000000000000000e+01 1.739999999999999880e-01 1.437440000000000051e+00 5.308500000000000441e-01
8.500000000000000000e+01 1.869999999999999996e-01 1.453419999999999934e+00 5.100400000000000489e-01
8.600000000000000000e+01 1.809999999999999942e-01 1.467950000000000088e+00 4.923199999999999799e-01
8.700000000000000000e+01 1.869999999999999996e-01 1.478820000000000023e+00 4.738499999999999934e-01
8.800000000000000000e+01 1.809999999999999942e-01 1.487400000000000055e+00 4.578099999999999947e-01
8.900000000000000000e+01 1.739999999999999880e-01 1.492590000000000083e+00 4.440200000000000258e-01
9.000000000000000000e+01 1.739999999999999880e-01 1.498170000000000002e+00 4.323000000000000176e-01
9.100000000000000000e+01 1.739999999999999880e-01 1.503440000000000110e+00 4.221199999999999952e-01
9.200000000000000000e+01 1.670000000000000095e-01 1.507819999999999938e+00 4.137799999999999812e-01
9.300000000000000000e+01 1.670000000000000095e-01 1.510969999999999924e+00 4.061699999999999755e-01
9.400000000000000000e+01 1.670000000000000095e-01 1.512690000000000090e+00 3.983599999999999919e-01
9.500000000000000000e+01 1.670000000000000095e-01 1.512650000000000050e+00 3.912800000000000167e-01
9.600000000000000000e+01 1.670000000000000095e-01 1.511200000000000099e+00 3.847700000000000009e-01
9.700000000000000000e+01 1.670000000000000095e-01 1.509530000000000038e+00 3.791100000000000025e-01
9.800000000000000000e+01 1.670000000000000095e-01 1.505740000000000078e+00 3.737500000000000266e-01
9.900000000000000000e+01 1.670000000000000095e-01 1.501179999999999959e+00 3.687300000000000022e-01
1.000000000000000000e+02 1.670000000000000095e-01 1.495630000000000015e+00 3.639899999999999802e-01
1.010000000000000000e+02 1.670000000000000095e-01 1.489810000000000079e+00 3.596699999999999897e-01
1.020000000000000000e+02 1.600000000000000033e-01 1.482969999999999899e+00 3.553899999999999837e-01
1.030000000000000000e+02 1.600000000000000033e-01 1.475270000000000081e+00 3.513299999999999756e-01
1.040000000000000000e+02 1.600000000000000033e-01 1.467060000000000031e+00 3.476099999999999746e-01
1.050000000000000000e+02 1.600000000000000033e-01 1.458650000000000002e+00 3.441899999999999959e-01
1.060000000000000000e+02 1.600000000000000033e-01 1.453819999999999890e+00 3.415300000000000002e-01
1.070000000000000000e+02 1.529999999999999971e-01 1.452120000000000077e+00 3.395299999999999985e-01
1.080000000000000000e+02 1.529999999999999971e-01 1.447610000000000063e+00 3.373099999999999987e-01
1.090000000000000000e+02 1.529999999999999971e-01 1.441089999999999982e+00 3.350000000000000200e-01
1.100000000000000000e+02 1.529999999999999971e-01 1.434879999999999933e+00 3.328999999999999737e-01
1.110000000000000000e+02 1.529999999999999971e-01 1.426760000000000028e+00 3.306999999999999940e-01
1.120000000000000000e+02 1.529999999999999971e-01 1.413899999999999935e+00 3.282200000000000117e-01
1.130000000000000000e+02 1.529999999999999971e-01 1.400069999999999926e+00 3.257599999999999940e-01
1.140000000000000000e+02 1.529999999999999971e-01 1.386309999999999931e+00 3.234600000000000253e-01
1.150000000000000000e+02 1.529999999999999971e-01 1.372440000000000104e+00 3.212599999999999900e-01
1.160000000000000000e+02 1.529999999999999971e-01 1.360000000000000098e+00 3.193099999999999827e-01
1.170000000000000000e+02 1.459999999999999909e-01 1.349080000000000057e+00 3.176300000000000234e-01
1.180000000000000000e+02 1.459999999999999909e-01 1.340449999999999919e+00 3.162699999999999956e-01
1.190000000000000000e+02 1.459999999999999909e-01 1.330340000000000078e+00 3.147699999999999942e-01
1.200000000000000000e+02 1.459999999999999909e-01 1.321539999999999937e+00 3.134299999999999864e-01
