1.000000000000000000e+00 1.869999999999999996e-01 7.367350000000000065e+00 7.345199999999999507e-01
2.000000000000000000e+00 1.869999999999999996e-01 7.379330000000000389e+00 7.049600000000000311e-01
3.000000000000000000e+00 1.880000000000000004e-01 7.023889999999999745e+00 6.169999999999999929e-01
4.000000000000000000e+00 1.739999999999999880e-01 6.617689999999999628e+00 5.366400000000000059e-01
5.000000000000000000e+00 1.880000000000000004e-01 2.912409999999999943e+00 3.115200000000000191e-01
6.000000000000000000e+00 1.739999999999999880e-01 6.010200000000000209e+00 4.292400000000000104e-01
7.000000000000000000e+00 1.739999999999999880e-01 5.797819999999999752e+00 3.926100000000000145e-01
8.000000000000000000e+00 -1.000000000000000000e+00 -1.000000000000000000e+00 0.000000000000000000e+00
9.000000000000000000e+00 1.739999999999999880e-01 5.408570000000000100e+00 3.463999999999999857e-01
1.000000000000000000e+01 -1.000000000000000000e+00 -1.000000000000000000e+00 0.000000000000000000e+00
1.100000000000000000e+01 1.809999999999999942e-01 5.081620000000000026e+00 3.187099999999999933e-01
1.200000000000000000e+01 -1.000000000000000000e+00 -1.000000000000000000e+00 0.000000000000000000e+00
1.300000000000000000e+01 1.809999999999999942e-01 4.810489999999999711e+00 2.993299999999999850e-01
1.400000000000000000e+01 1.809999999999999942e-01 4.697000000000000064e+00 2.909700000000000064e-01
1.500000000000000000e+01 -1.000000000000000000e+00 -1.000000000000000000e+00 0.000000000000000000e+00
1.600000000000000000e+01 1.809999999999999942e-01 4.503490000000000215e+00 2.786899999999999933e-01
1.700000000000000000e+01 1.809999999999999942e-01 4.425970000000000404e+00 2.747200000000000197e-01
1.800000000000000000e+01 1.809999999999999942e-01 4.358600000000000030e+00 2.710799999999999876e-01
1.900000000000000000e+01 -1.000000000000000000e+00 -1.000000000000000000e+00 0.000000000000000000e+00
2.000000000000000000e+01 -1.000000000000000000e+00 -1.000000000000000000e+00 0.000000000000000000e+00
2.100000000000000000e+01 -1.000000000000000000e+00 -1.000000000000000000e+00 0.000000000000000000e+00
2.200000000000000000e+01 -1.000000000000000000e+00 -1.000000000000000000e+00 0.000000000000000000e+00
2.300000000000000000e+01 1.809999999999999942e-01 4.147540000000000227e+00 2.623699999999999921e-01
2.400000000000000000e+01 -1.000000000000000000e+00 -1.000000000000000000e+00 0.000000000000000000e+00
2.500000000000000000e+01 -1.000000000000000000e+00 -1.000000000000000000e+00 0.000000000000000000e+00
2.600000000000000000e+01 1.809999999999999942e-01 4.098200000000000287e+00 2.628499999999999726e-01
2.700000000000000000e+01 -1.000000000000000000e+00 -1.000000000000000000e+00 0.000000000000000000e+00
2.800000000000000000e+01 1.529999999999999971e-01 8.008899999999999908e-01 1.946499999999999897e-01
2.900000000000000000e+01 1.529999999999999971e-01 8.076200000000000045e-01 2.426899999999999891e-01
3.000000000000000000e+01 1.529999999999999971e-01 8.206999999999999851e-01 2.630399999999999960e-01
3.100000000000000000e+01 1.809999999999999942e-01 3.996970000000000134e+00 2.629699999999999815e-01
3.200000000000000000e+01 1.809999999999999942e-01 3.976010000000000044e+00 2.629099999999999770e-01
3.300000000000000000e+01 1.529999999999999971e-01 7.957699999999999774e-01 2.861600000000000255e-01
3.400000000000000000e+01 1.529999999999999971e-01 7.879500000000000393e-01 2.898600000000000065e-01
3.500000000000000000e+01 1.529999999999999971e-01 7.734199999999999964e-01 2.941599999999999770e-01
3.600000000000000000e+01 1.529999999999999971e-01 7.584999999999999520e-01 2.984299999999999731e-01
3.700000000000000000e+01 1.529999999999999971e-01 7.339400000000000368e-01 3.006400000000000183e-01
3.800000000000000000e+01 1.529999999999999971e-01 7.046599999999999531e-01 3.042699999999999849e-01
3.900000000000000000e+01 1.529999999999999971e-01 6.741500000000000270e-01 3.086200000000000054e-01
4.000000000000000000e+01 1.809999999999999942e-01 3.866929999999999978e+00 2.645000000000000129e-01
4.100000000000000000e+01 1.529999999999999971e-01 6.225199999999999623e-01 3.192499999999999782e-01
4.200000000000000000e+01 1.529999999999999971e-01 5.959299999999999597e-01 3.245899999999999896e-01
4.300000000000000000e+01 1.529999999999999971e-01 5.688299999999999468e-01 3.310799999999999854e-01
4.400000000000000000e+01 1.529999999999999971e-01 5.470599999999999907e-01 3.373700000000000032e-01
4.500000000000000000e+01 1.529999999999999971e-01 5.254699999999999926e-01 3.428499999999999881e-01
4.600000000000000000e+01 1.529999999999999971e-01 5.080400000000000471e-01 3.470300000000000051e-01
4.700000000000000000e+01 1.529999999999999971e-01 4.927400000000000113e-01 3.511500000000000177e-01
4.800000000000000000e+01 1.529999999999999971e-01 4.780099999999999905e-01 3.556799999999999962e-01
4.900000000000000000e+01 1.529999999999999971e-01 4.650299999999999989e-01 3.603700000000000236e-01
5.000000000000000000e+01 1.529999999999999971e-01 4.542999999999999816e-01 3.653399999999999981e-01
5.100000000000000000e+01 1.809999999999999942e-01 3.774239999999999817e+00 2.654299999999999993e-01
5.200000000000000000e+01 1.529999999999999971e-01 4.405999999999999917e-01 3.748600000000000265e-01
5.300000000000000000e+01 1.529999999999999971e-01 4.330399999999999805e-01 3.783799999999999941e-01
5.400000000000000000e+01 1.529999999999999971e-01 4.260499999999999843e-01 3.820399999999999907e-01
5.500000000000000000e+01 1.529999999999999971e-01 4.203399999999999914e-01 3.855999999999999983e-01
5.600000000000000000e+01 1.529999999999999971e-01 4.154499999999999860e-01 3.889699999999999824e-01
5.700000000000000000e+01 1.529999999999999971e-01 4.110699999999999910e-01 3.922300000000000231e-01
5.800000000000000000e+01 1.529999999999999971e-01 4.046600000000000197e-01 3.955899999999999972e-01
5.900000000000000000e+01 1.529999999999999971e-01 3.981799999999999784e-01 3.989599999999999813e-01
6.000000000000000000e+01 1.529999999999999971e-01 3.925600000000000200e-01 4.017999999999999905e-01
6.100000000000000000e+01 1.529999999999999971e-01 3.869000000000000217e-01 4.035199999999999898e-01
6.200000000000000000e+01 1.809999999999999942e-01 3.740460000000000118e+00 2.680199999999999805e-01
6.300000000000000000e+01 1.529999999999999971e-01 3.768099999999999783e-01 4.057000000000000051e-01
6.400000000000000000e+01 1.529999999999999971e-01 3.724700000000000233e-01 4.057100000000000151e-01
6.500000000000000000e+01 1.529999999999999971e-01 3.686400000000000232e-01 4.034499999999999753e-01
6.600000000000000000e+01 1.529999999999999971e-01 3.650300000000000211e-01 3.959799999999999986e-01
6.700000000000000000e+01 1.529999999999999971e-01 3.615300000000000180e-01 3.853500000000000258e-01
6.800000000000000000e+01 1.529999999999999971e-01 3.589800000000000213e-01 3.698100000000000276e-01
6.900000000000000000e+01 1.529999999999999971e-01 3.577400000000000024e-01 3.467999999999999972e-01
7.000000000000000000e+01 1.529999999999999971e-01 3.576500000000000234e-01 3.147300000000000098e-01
7.100000000000000000e+01 1.529999999999999971e-01 3.578500000000000014e-01 2.715099999999999736e-01
7.200000000000000000e+01 1.529999999999999971e-01 3.578100000000000169e-01 2.066999999999999948e-01
7.300000000000000000e+01 1.529999999999999971e-01 3.584800000000000209e-01 5.115000000000000102e-02
7.400000000000000000e+01 -1.000000000000000000e+00 -1.000000000000000000e+00 0.000000000000000000e+00
7.500000000000000000e+01 -1.000000000000000000e+00 -1.000000000000000000e+00 0.000000000000000000e+00
7.600000000000000000e+01 -1.000000000000000000e+00 -1.000000000000000000e+00 0.000000000000000000e+00
7.700000000000000000e+01 -1.000000000000000000e+00 -1.000000000000000000e+00 0.000000000000000000e+00
7.800000000000000000e+01 -1.000000000000000000e+00 -1.000000000000000000e+00 0.000000000000000000e+00
7.900000000000000000e+01 -1.000000000000000000e+00 -1.000000000000000000e+00 0.000000000000000000e+00
8.000000000000000000e+01 -1.000000000000000000e+00 -1.000000000000000000e+00 0.000000000000000000e+00
8.100000000000000000e+01 -1.000000000000000000e+00 -1.000000000000000000e+00 0.000000000000000000e+00
8.200000000000000000e+01 -1.000000000000000000e+00 -1.000000000000000000e+00 0.000000000000000000e+00
8.300000000000000000e+01 -1.000000000000000000e+00 -1.000000000000000000e+00 0.000000000000000000e+00
8.400000000000000000e+01 -1.000000000000000000e+00 -1.000000000000000000e+00 0.000000000000000000e+00
8.500000000000000000e+01 -1.000000000000000000e+00 -1.000000000000000000e+00 0.000000000000000000e+00
8.600000000000000000e+01 -1.000000000000000000e+00 -1.000000000000000000e+00 0.000000000000000000e+00
8.700000000000000000e+01 -1.000000000000000000e+00 -1.000000000000000000e+00 0.000000000000000000e+00
8.800000000000000000e+01 -1.000000000000000000e+00 -1.000000000000000000e+00 0.000000000000000000e+00
8.900000000000000000e+01 -1.000000000000000000e+00 -1.000000000000000000e+00 0.000000000000000000e+00
9.000000000000000000e+01 -1.000000000000000000e+00 -1.000000000000000000e+00 0.000000000000000000e+00
9.100000000000000000e+01 -1.000000000000000000e+00 -1.000000000000000000e+00 0.000000000000000000e+00
9.200000000000000000e+01 -1.000000000000000000e+00 -1.000000000000000000e+00 0.000000000000000000e+00
9.300000000000000000e+01 -1.000000000000000000e+00 -1.000000000000000000e+00 0.000000000000000000e+00
9.400000000000000000e+01 -1.000000000000000000e+00 -1.000000000000000000e+00 0.000000000000000000e+00
9.500000000000000000e+01 -1.000000000000000000e+00 -1.000000000000000000e+00 0.000000000000000000e+00
9.600000000000000000e+01 -1.000000000000000000e+00 -1.000000000000000000e+00 0.000000000000000000e+00
9.700000000000000000e+01 -1.000000000000000000e+00 -1.000000000000000000e+00 0.000000000000000000e+00
9.800000000000000000e+01 -1.000000000000000000e+00 -1.000000000000000000e+00 0.000000000000000000e+00
9.900000000000000000e+01 -1.000000000000000000e+00 -1.000000000000000000e+00 0.000000000000000000e+00
1.000000000000000000e+02 1.739999999999999880e-01 3.950200000000000156e+00 2.862899999999999889e-01
1.010000000000000000e+02 1.739999999999999880e-01 3.971359999999999779e+00 2.873700000000000143e-01
1.020000000000000000e+02 -1.000000000000000000e+00 -1.000000000000000000e+00 0.000000000000000000e+00
1.030000000000000000e+02 -1.000000000000000000e+00 -1.000000000000000000e+00 0.000000000000000000e+00
1.040000000000000000e+02 -1.000000000000000000e+00 -1.000000000000000000e+00 0.000000000000000000e+00
1.050000000000000000e+02 -1.000000000000000000e+00 -1.000000000000000000e+00 0.000000000000000000e+00
1.060000000000000000e+02 -1.000000000000000000e+00 -1.000000000000000000e+00 0.000000000000000000e+00
1.070000000000000000e+02 -1.000000000000000000e+00 -1.000000000000000000e+00 0.000000000000000000e+00
1.080000000000000000e+02 -1.000000000000000000e+00 -1.000000000000000000e+00 0.000000000000000000e+00
1.090000000000000000e+02 1.529999999999999971e-01 8.473300000000000276e-01 3.758400000000000074e-01
1.100000000000000000e+02 1.529999999999999971e-01 8.716000000000000414e-01 5.520100000000000007e-01
1.110000000000000000e+02 1.529999999999999971e-01 8.964900000000000091e-01 6.289099999999999691e-01
1.120000000000000000e+02 1.529999999999999971e-01 9.206800000000000539e-01 6.473999999999999755e-01
1.130000000000000000e+02 1.529999999999999971e-01 9.445200000000000262e-01 6.357899999999999663e-01
1.140000000000000000e+02 1.529999999999999971e-01 9.734899999999999665e-01 6.018299999999999761e-01
1.150000000000000000e+02 1.529999999999999971e-01 1.001060000000000061e+00 5.657299999999999551e-01
1.160000000000000000e+02 1.529999999999999971e-01 1.029619999999999980e+00 5.320599999999999774e-01
1.170000000000000000e+02 1.529999999999999971e-01 1.057479999999999976e+00 5.032100000000000461e-01
1.180000000000000000e+02 1.529999999999999971e-01 1.086529999999999996e+00 4.766500000000000181e-01
1.190000000000000000e+02 1.529999999999999971e-01 1.114340000000000108e+00 4.537999999999999812e-01
1.200000000000000000e+02 1.529999999999999971e-01 1.141880000000000006e+00 4.334000000000000075e-01
