1.000000000000000000e+00 1.600000000000000033e-01 8.016099999999999781e+00 6.639899999999999691e-01
2.000000000000000000e+00 1.529999999999999971e-01 4.404740000000000322e+00 6.311499999999999888e-01
3.000000000000000000e+00 1.529999999999999971e-01 4.471849999999999881e+00 6.434100000000000374e-01
4.000000000000000000e+00 1.600000000000000033e-01 4.540140000000000065e+00 6.501599999999999602e-01
5.000000000000000000e+00 1.600000000000000033e-01 4.594850000000000101e+00 6.594400000000000261e-01
6.000000000000000000e+00 1.600000000000000033e-01 4.639009999999999856e+00 6.751899999999999569e-01
7.000000000000000000e+00 1.600000000000000033e-01 4.680159999999999876e+00 6.891199999999999548e-01
8.000000000000000000e+00 1.600000000000000033e-01 4.706409999999999982e+00 7.002899999999999681e-01
9.000000000000000000e+00 1.600000000000000033e-01 4.713930000000000398e+00 7.100400000000000045e-01
1.000000000000000000e+01 1.600000000000000033e-01 4.722179999999999822e+00 7.175099999999999811e-01
1.100000000000000000e+01 2.079999999999999905e-01 9.028999999999999915e+00 5.773399999999999643e-01
1.200000000000000000e+01 2.079999999999999905e-01 9.040969999999999729e+00 5.769100000000000339e-01
1.300000000000000000e+01 2.079999999999999905e-01 9.056990000000000762e+00 5.754700000000000371e-01
1.400000000000000000e+01 2.079999999999999905e-01 9.075329999999999231e+00 5.731500000000000483e-01
1.500000000000000000e+01 2.079999999999999905e-01 9.093619999999999592e+00 5.712800000000000100e-01
1.600000000000000000e+01 2.079999999999999905e-01 9.111840000000000828e+00 5.665200000000000236e-01
1.700000000000000000e+01 2.079999999999999905e-01 9.128880000000000550e+00 5.594000000000000083e-01
1.800000000000000000e+01 2.079999999999999905e-01 9.143629999999999924e+00 5.519899999999999807e-01
1.900000000000000000e+01 2.079999999999999905e-01 9.157299999999999329e+00 5.456400000000000139e-01
2.000000000000000000e+01 2.079999999999999905e-01 9.169200000000000017e+00 5.395600000000000396e-01
2.100000000000000000e+01 2.079999999999999905e-01 9.179380000000000095e+00 5.337899999999999867e-01
2.200000000000000000e+01 2.079999999999999905e-01 9.186070000000000846e+00 5.290799999999999947e-01
2.300000000000000000e+01 2.079999999999999905e-01 9.191639999999999588e+00 5.244699999999999918e-01
2.400000000000000000e+01 2.079999999999999905e-01 9.193170000000000286e+00 5.206499999999999462e-01
2.500000000000000000e+01 2.079999999999999905e-01 9.191209999999999880e+00 5.177699999999999525e-01
2.600000000000000000e+01 2.079999999999999905e-01 9.188670000000000115e+00 5.148300000000000098e-01
2.700000000000000000e+01 2.079999999999999905e-01 9.185959999999999681e+00 5.123299999999999521e-01
2.800000000000000000e+01 2.079999999999999905e-01 9.179520000000000124e+00 5.111599999999999477e-01
2.900000000000000000e+01 2.079999999999999905e-01 9.170849999999999724e+00 5.105699999999999683e-01
3.000000000000000000e+01 2.079999999999999905e-01 9.163410000000000721e+00 5.102900000000000214e-01
3.100000000000000000e+01 2.079999999999999905e-01 9.156589999999999563e+00 5.104899999999999993e-01
3.200000000000000000e+01 2.079999999999999905e-01 9.145239999999999370e+00 5.109500000000000153e-01
3.300000000000000000e+01 2.010000000000000120e-01 9.131479999999999819e+00 5.112100000000000533e-01
3.400000000000000000e+01 2.010000000000000120e-01 9.118299999999999628e+00 5.114400000000000057e-01
3.500000000000000000e+01 1.940000000000000058e-01 9.105270000000000863e+00 5.117599999999999927e-01
3.600000000000000000e+01 1.940000000000000058e-01 9.092739999999999156e+00 5.120999999999999996e-01
3.700000000000000000e+01 1.940000000000000058e-01 9.080170000000000741e+00 5.120700000000000252e-01
3.800000000000000000e+01 1.940000000000000058e-01 9.068160000000000664e+00 5.119599999999999707e-01
3.900000000000000000e+01 1.940000000000000058e-01 9.056749999999999190e+00 5.117099999999999982e-01
4.000000000000000000e+01 1.940000000000000058e-01 9.045949999999999491e+00 5.116100000000000092e-01
4.100000000000000000e+01 1.869999999999999996e-01 9.036329999999999529e+00 5.115499999999999492e-01
4.200000000000000000e+01 1.869999999999999996e-01 9.026640000000000441e+00 5.115499999999999492e-01
4.300000000000000000e+01 1.869999999999999996e-01 9.017689999999999984e+00 5.114999999999999547e-01
4.400000000000000000e+01 1.869999999999999996e-01 9.009309999999999263e+00 5.114900000000000002e-01
4.500000000000000000e+01 1.869999999999999996e-01 9.001210000000000377e+00 5.113699999999999912e-01
4.600000000000000000e+01 1.869999999999999996e-01 8.995459999999999567e+00 5.114100000000000312e-01
4.700000000000000000e+01 1.869999999999999996e-01 8.990750000000000242e+00 5.115600000000000147e-01
4.800000000000000000e+01 1.869999999999999996e-01 8.985849999999999227e+00 5.117099999999999982e-01
4.900000000000000000e+01 1.940000000000000058e-01 8.981149999999999523e+00 5.119500000000000162e-01
5.000000000000000000e+01 1.940000000000000058e-01 8.974399999999999267e+00 5.123600000000000376e-01
5.100000000000000000e+01 1.940000000000000058e-01 8.967790000000000816e+00 5.128300000000000081e-01
5.200000000000000000e+01 1.940000000000000058e-01 8.961759999999999948e+00 5.131400000000000405e-01
5.300000000000000000e+01 1.940000000000000058e-01 8.955940000000000012e+00 5.133900000000000130e-01
5.400000000000000000e+01 2.010000000000000120e-01 8.949939999999999785e+00 5.136500000000000510e-01
5.500000000000000000e+01 2.010000000000000120e-01 8.944359999999999644e+00 5.139000000000000234e-01
5.600000000000000000e+01 2.010000000000000120e-01 8.938959999999999795e+00 5.142200000000000104e-01
5.700000000000000000e+01 2.010000000000000120e-01 8.934029999999999916e+00 5.145300000000000429e-01
5.800000000000000000e+01 1.940000000000000058e-01 8.929570000000000007e+00 5.148700000000000498e-01
5.900000000000000000e+01 1.940000000000000058e-01 8.926249999999999574e+00 5.153100000000000458e-01
6.000000000000000000e+01 1.940000000000000058e-01 8.923859999999999459e+00 5.158000000000000362e-01
6.100000000000000000e+01 1.940000000000000058e-01 8.921780000000000044e+00 5.162700000000000067e-01
6.200000000000000000e+01 1.940000000000000058e-01 8.919629999999999725e+00 5.167399999999999771e-01
6.300000000000000000e+01 1.940000000000000058e-01 8.917370000000000019e+00 5.171900000000000386e-01
6.400000000000000000e+01 1.940000000000000058e-01 8.915190000000000836e+00 5.176399999999999890e-01
6.500000000000000000e+01 1.940000000000000058e-01 8.911699999999999733e+00 5.180500000000000105e-01
6.600000000000000000e+01 1.940000000000000058e-01 8.908220000000000027e+00 5.184499999999999664e-01
6.700000000000000000e+01 1.940000000000000058e-01 8.903669999999999973e+00 5.187100000000000044e-01
6.800000000000000000e+01 1.940000000000000058e-01 8.898379999999999512e+00 5.189899999999999514e-01
6.900000000000000000e+01 1.940000000000000058e-01 8.893240000000000478e+00 5.192200000000000149e-01
7.000000000000000000e+01 1.940000000000000058e-01 8.887769999999999726e+00 5.194800000000000528e-01
7.100000000000000000e+01 1.940000000000000058e-01 8.880990000000000606e+00 5.197199999999999598e-01
7.200000000000000000e+01 1.940000000000000058e-01 8.874230000000000729e+00 5.199700000000000433e-01
7.300000000000000000e+01 1.940000000000000058e-01 8.867689999999999628e+00 5.202200000000000157e-01
7.400000000000000000e+01 1.940000000000000058e-01 8.861689999999999401e+00 5.204800000000000537e-01
7.500000000000000000e+01 1.940000000000000058e-01 8.856719999999999260e+00 5.207699999999999552e-01
7.600000000000000000e+01 1.940000000000000058e-01 8.852489999999999526e+00 5.210900000000000531e-01
7.700000000000000000e+01 1.940000000000000058e-01 8.849399999999999267e+00 5.214400000000000146e-01
7.800000000000000000e+01 1.940000000000000058e-01 8.847020000000000550e+00 5.218399999999999705e-01
7.900000000000000000e+01 1.940000000000000058e-01 8.844910000000000494e+00 5.222499999999999920e-01
8.000000000000000000e+01 2.010000000000000120e-01 8.841939999999999245e+00 5.227399999999999824e-01
8.100000000000000000e+01 2.010000000000000120e-01 8.839679999999999538e+00 5.233200000000000074e-01
8.200000000000000000e+01 2.010000000000000120e-01 8.837630000000000763e+00 5.238800000000000123e-01
8.300000000000000000e+01 2.010000000000000120e-01 8.835229999999999251e+00 5.244299999999999518e-01
8.400000000000000000e+01 2.010000000000000120e-01 8.832549999999999457e+00 5.250200000000000422e-01
8.500000000000000000e+01 2.010000000000000120e-01 8.829349999999999810e+00 5.255499999999999616e-01
8.600000000000000000e+01 2.010000000000000120e-01 8.826129999999999143e+00 5.261099999999999666e-01
8.700000000000000000e+01 2.010000000000000120e-01 8.822530000000000427e+00 5.266699999999999715e-01
8.800000000000000000e+01 2.010000000000000120e-01 8.819319999999999382e+00 5.272099999999999564e-01
8.900000000000000000e+01 2.010000000000000120e-01 8.815849999999999298e+00 5.277399999999999869e-01
9.000000000000000000e+01 2.010000000000000120e-01 8.812820000000000320e+00 5.282599999999999518e-01
9.100000000000000000e+01 2.010000000000000120e-01 8.809739999999999682e+00 5.287800000000000278e-01
9.200000000000000000e+01 2.010000000000000120e-01 8.807249999999999801e+00 5.293200000000000127e-01
9.300000000000000000e+01 2.010000000000000120e-01 8.804539999999999367e+00 5.298699999999999521e-01
9.400000000000000000e+01 2.010000000000000120e-01 8.802590000000000359e+00 5.304799999999999516e-01
9.500000000000000000e+01 2.010000000000000120e-01 8.800959999999999894e+00 5.310700000000000420e-01
9.600000000000000000e+01 2.010000000000000120e-01 8.799200000000000799e+00 5.316499999999999559e-01
9.700000000000000000e+01 2.010000000000000120e-01 8.798260000000000858e+00 5.323299999999999699e-01
9.800000000000000000e+01 2.010000000000000120e-01 8.798460000000000392e+00 5.330899999999999528e-01
9.900000000000000000e+01 2.010000000000000120e-01 8.798489999999999256e+00 5.338399999999999812e-01
1.000000000000000000e+02 2.010000000000000120e-01 8.797710000000000363e+00 5.345499999999999696e-01
1.010000000000000000e+02 2.010000000000000120e-01 8.797850000000000392e+00 5.352999999999999980e-01
1.020000000000000000e+02 2.010000000000000120e-01 8.798149999999999693e+00 5.360700000000000465e-01
1.030000000000000000e+02 2.010000000000000120e-01 8.798429999999999751e+00 5.368399999999999839e-01
1.040000000000000000e+02 2.010000000000000120e-01 8.799189999999999401e+00 5.376300000000000523e-01
1.050000000000000000e+02 2.010000000000000120e-01 8.800810000000000244e+00 5.384799999999999587e-01
1.060000000000000000e+02 1.880000000000000004e-01 9.355150000000000077e+00 6.205899999999999750e-01
1.070000000000000000e+02 1.880000000000000004e-01 9.359140000000000015e+00 6.212999999999999634e-01
1.080000000000000000e+02 2.010000000000000120e-01 8.807090000000000529e+00 5.409899999999999709e-01
1.090000000000000000e+02 2.010000000000000120e-01 8.808909999999999130e+00 5.418100000000000138e-01
1.100000000000000000e+02 2.010000000000000120e-01 8.810779999999999390e+00 5.426299999999999457e-01
1.110000000000000000e+02 2.010000000000000120e-01 8.812269999999999825e+00 5.434299999999999686e-01
1.120000000000000000e+02 1.880000000000000004e-01 9.378239999999999910e+00 6.250000000000000000e-01
1.130000000000000000e+02 1.880000000000000004e-01 9.381940000000000168e+00 6.258299999999999974e-01
1.140000000000000000e+02 2.010000000000000120e-01 8.817109999999999559e+00 5.458300000000000374e-01
1.150000000000000000e+02 1.880000000000000004e-01 9.389459999999999695e+00 6.274300000000000432e-01
1.160000000000000000e+02 2.010000000000000120e-01 8.820460000000000633e+00 5.473599999999999577e-01
1.170000000000000000e+02 1.880000000000000004e-01 9.397119999999999251e+00 6.289000000000000146e-01
1.180000000000000000e+02 1.880000000000000004e-01 9.400890000000000413e+00 6.296300000000000230e-01
1.190000000000000000e+02 2.010000000000000120e-01 8.825530000000000541e+00 5.495999999999999774e-01
1.200000000000000000e+02 1.880000000000000004e-01 9.408179999999999765e+00 6.309599999999999653e-01
