1.000000000000000000e+00 1.600000000000000033e-01 8.016099999999999781e+00 6.639899999999999691e-01
2.000000000000000000e+00 1.529999999999999971e-01 4.417760000000000353e+00 5.858400000000000274e-01
3.000000000000000000e+00 1.600000000000000033e-01 3.419130000000000003e+00 4.693300000000000249e-01
4.000000000000000000e+00 1.600000000000000033e-01 3.419130000000000003e+00 4.693300000000000249e-01
5.000000000000000000e+00 1.600000000000000033e-01 3.419130000000000003e+00 4.693300000000000249e-01
6.000000000000000000e+00 1.600000000000000033e-01 3.419130000000000003e+00 4.693300000000000249e-01
7.000000000000000000e+00 1.600000000000000033e-01 3.419130000000000003e+00 4.693300000000000249e-01
8.000000000000000000e+00 1.600000000000000033e-01 3.419130000000000003e+00 4.693300000000000249e-01
9.000000000000000000e+00 1.600000000000000033e-01 3.419130000000000003e+00 4.693300000000000249e-01
1.000000000000000000e+01 1.600000000000000033e-01 3.419130000000000003e+00 4.693300000000000249e-01
1.100000000000000000e+01 1.390000000000000124e-01 6.086249999999999716e+00 3.969900000000000095e-01
1.200000000000000000e+01 1.390000000000000124e-01 6.086249999999999716e+00 3.969900000000000095e-01
1.300000000000000000e+01 1.390000000000000124e-01 6.086249999999999716e+00 3.969900000000000095e-01
1.400000000000000000e+01 1.390000000000000124e-01 6.086249999999999716e+00 3.969900000000000095e-01
1.500000000000000000e+01 1.390000000000000124e-01 6.086249999999999716e+00 3.969900000000000095e-01
1.600000000000000000e+01 1.390000000000000124e-01 6.086249999999999716e+00 3.969900000000000095e-01
1.700000000000000000e+01 1.390000000000000124e-01 6.086249999999999716e+00 3.969900000000000095e-01
1.800000000000000000e+01 1.390000000000000124e-01 6.086249999999999716e+00 3.969900000000000095e-01
1.900000000000000000e+01 1.390000000000000124e-01 6.086249999999999716e+00 3.969900000000000095e-01
2.000000000000000000e+01 1.390000000000000124e-01 6.086249999999999716e+00 3.969900000000000095e-01
2.100000000000000000e+01 1.390000000000000124e-01 6.086249999999999716e+00 3.969900000000000095e-01
2.200000000000000000e+01 1.390000000000000124e-01 6.086249999999999716e+00 3.969900000000000095e-01
2.300000000000000000e+01 1.390000000000000124e-01 6.086249999999999716e+00 3.969900000000000095e-01
2.400000000000000000e+01 1.390000000000000124e-01 6.086249999999999716e+00 3.969900000000000095e-01
2.500000000000000000e+01 1.739999999999999880e-01 4.914749999999999730e+00 4.535600000000000187e-01
2.600000000000000000e+01 1.739999999999999880e-01 4.914749999999999730e+00 4.535600000000000187e-01
2.700000000000000000e+01 1.739999999999999880e-01 4.914749999999999730e+00 4.535600000000000187e-01
2.800000000000000000e+01 1.739999999999999880e-01 4.914749999999999730e+00 4.535600000000000187e-01
2.900000000000000000e+01 1.739999999999999880e-01 4.914749999999999730e+00 4.535600000000000187e-01
3.000000000000000000e+01 1.739999999999999880e-01 4.914749999999999730e+00 4.535600000000000187e-01
3.100000000000000000e+01 1.739999999999999880e-01 4.914749999999999730e+00 4.535600000000000187e-01
3.200000000000000000e+01 1.600000000000000033e-01 4.888309999999999711e+00 6.260599999999999499e-01
3.300000000000000000e+01 1.600000000000000033e-01 4.888309999999999711e+00 6.260599999999999499e-01
3.400000000000000000e+01 1.600000000000000033e-01 4.888309999999999711e+00 6.260599999999999499e-01
3.500000000000000000e+01 1.459999999999999909e-01 4.837600000000000122e+00 4.047399999999999887e-01
3.600000000000000000e+01 1.459999999999999909e-01 4.837600000000000122e+00 4.047399999999999887e-01
3.700000000000000000e+01 1.459999999999999909e-01 4.837600000000000122e+00 4.047399999999999887e-01
3.800000000000000000e+01 1.459999999999999909e-01 4.837600000000000122e+00 4.047399999999999887e-01
3.900000000000000000e+01 1.459999999999999909e-01 4.837600000000000122e+00 4.047399999999999887e-01
4.000000000000000000e+01 1.459999999999999909e-01 4.837600000000000122e+00 4.047399999999999887e-01
4.100000000000000000e+01 1.459999999999999909e-01 4.837600000000000122e+00 4.047399999999999887e-01
4.200000000000000000e+01 1.459999999999999909e-01 4.837600000000000122e+00 4.047399999999999887e-01
4.300000000000000000e+01 1.459999999999999909e-01 4.837600000000000122e+00 4.047399999999999887e-01
4.400000000000000000e+01 1.459999999999999909e-01 4.837600000000000122e+00 4.047399999999999887e-01
4.500000000000000000e+01 1.459999999999999909e-01 4.837600000000000122e+00 4.047399999999999887e-01
4.600000000000000000e+01 1.670000000000000095e-01 3.766620000000000079e+00 5.431500000000000217e-01
4.700000000000000000e+01 1.670000000000000095e-01 3.766620000000000079e+00 5.431500000000000217e-01
4.800000000000000000e+01 1.670000000000000095e-01 3.766620000000000079e+00 5.431500000000000217e-01
4.900000000000000000e+01 1.670000000000000095e-01 3.766620000000000079e+00 5.431500000000000217e-01
5.000000000000000000e+01 1.670000000000000095e-01 3.766620000000000079e+00 5.431500000000000217e-01
5.100000000000000000e+01 1.670000000000000095e-01 3.766620000000000079e+00 5.431500000000000217e-01
5.200000000000000000e+01 1.670000000000000095e-01 3.766620000000000079e+00 5.431500000000000217e-01
5.300000000000000000e+01 1.670000000000000095e-01 3.766620000000000079e+00 5.431500000000000217e-01
5.400000000000000000e+01 1.670000000000000095e-01 3.766620000000000079e+00 5.431500000000000217e-01
5.500000000000000000e+01 1.670000000000000095e-01 3.766620000000000079e+00 5.431500000000000217e-01
5.600000000000000000e+01 1.670000000000000095e-01 3.766620000000000079e+00 5.431500000000000217e-01
5.700000000000000000e+01 1.670000000000000095e-01 3.766620000000000079e+00 5.431500000000000217e-01
5.800000000000000000e+01 1.670000000000000095e-01 3.766620000000000079e+00 5.431500000000000217e-01
5.900000000000000000e+01 1.670000000000000095e-01 3.766620000000000079e+00 5.431500000000000217e-01
6.000000000000000000e+01 1.670000000000000095e-01 3.766620000000000079e+00 5.431500000000000217e-01
6.100000000000000000e+01 1.670000000000000095e-01 3.766620000000000079e+00 5.431500000000000217e-01
6.200000000000000000e+01 1.670000000000000095e-01 3.766620000000000079e+00 5.431500000000000217e-01
6.300000000000000000e+01 1.670000000000000095e-01 3.766620000000000079e+00 5.431500000000000217e-01
6.400000000000000000e+01 1.670000000000000095e-01 3.766620000000000079e+00 5.431500000000000217e-01
6.500000000000000000e+01 1.670000000000000095e-01 3.766620000000000079e+00 5.431500000000000217e-01
6.600000000000000000e+01 1.670000000000000095e-01 3.766620000000000079e+00 5.431500000000000217e-01
6.700000000000000000e+01 1.670000000000000095e-01 3.766620000000000079e+00 5.431500000000000217e-01
6.800000000000000000e+01 1.670000000000000095e-01 3.766620000000000079e+00 5.431500000000000217e-01
6.900000000000000000e+01 1.670000000000000095e-01 3.766620000000000079e+00 5.431500000000000217e-01
7.000000000000000000e+01 1.670000000000000095e-01 3.766620000000000079e+00 5.431500000000000217e-01
7.100000000000000000e+01 1.670000000000000095e-01 3.766620000000000079e+00 5.431500000000000217e-01
7.200000000000000000e+01 1.670000000000000095e-01 3.766620000000000079e+00 5.431500000000000217e-01
7.300000000000000000e+01 1.670000000000000095e-01 3.766620000000000079e+00 5.431500000000000217e-01
7.400000000000000000e+01 1.670000000000000095e-01 3.766620000000000079e+00 5.431500000000000217e-01
7.500000000000000000e+01 1.670000000000000095e-01 3.766620000000000079e+00 5.431500000000000217e-01
7.600000000000000000e+01 1.670000000000000095e-01 3.766620000000000079e+00 5.431500000000000217e-01
7.700000000000000000e+01 1.670000000000000095e-01 3.766620000000000079e+00 5.431500000000000217e-01
7.800000000000000000e+01 1.670000000000000095e-01 3.766620000000000079e+00 5.431500000000000217e-01
7.900000000000000000e+01 1.670000000000000095e-01 3.766620000000000079e+00 5.431500000000000217e-01
8.000000000000000000e+01 1.670000000000000095e-01 3.766620000000000079e+00 5.431500000000000217e-01
8.100000000000000000e+01 1.670000000000000095e-01 3.766620000000000079e+00 5.431500000000000217e-01
8.200000000000000000e+01 1.670000000000000095e-01 3.766620000000000079e+00 5.431500000000000217e-01
8.300000000000000000e+01 1.670000000000000095e-01 3.766620000000000079e+00 5.431500000000000217e-01
8.400000000000000000e+01 1.670000000000000095e-01 3.766620000000000079e+00 5.431500000000000217e-01
8.500000000000000000e+01 1.670000000000000095e-01 3.766620000000000079e+00 5.431500000000000217e-01
8.600000000000000000e+01 1.670000000000000095e-01 3.766620000000000079e+00 5.431500000000000217e-01
8.700000000000000000e+01 1.670000000000000095e-01 3.766620000000000079e+00 5.431500000000000217e-01
8.800000000000000000e+01 1.670000000000000095e-01 3.766620000000000079e+00 5.431500000000000217e-01
8.900000000000000000e+01 1.670000000000000095e-01 3.766620000000000079e+00 5.431500000000000217e-01
9.000000000000000000e+01 1.670000000000000095e-01 3.766620000000000079e+00 5.431500000000000217e-01
9.100000000000000000e+01 1.670000000000000095e-01 3.766620000000000079e+00 5.431500000000000217e-01
9.200000000000000000e+01 1.670000000000000095e-01 3.766620000000000079e+00 5.431500000000000217e-01
9.300000000000000000e+01 1.670000000000000095e-01 3.766620000000000079e+00 5.431500000000000217e-01
9.400000000000000000e+01 1.670000000000000095e-01 3.766620000000000079e+00 5.431500000000000217e-01
9.500000000000000000e+01 1.670000000000000095e-01 3.766620000000000079e+00 5.431500000000000217e-01
9.600000000000000000e+01 1.670000000000000095e-01 3.766620000000000079e+00 5.431500000000000217e-01
9.700000000000000000e+01 1.670000000000000095e-01 3.766620000000000079e+00 5.431500000000000217e-01
9.800000000000000000e+01 1.670000000000000095e-01 3.766620000000000079e+00 5.431500000000000217e-01
9.900000000000000000e+01 1.670000000000000095e-01 3.766620000000000079e+00 5.431500000000000217e-01
1.000000000000000000e+02 1.670000000000000095e-01 3.766620000000000079e+00 5.431500000000000217e-01
1.010000000000000000e+02 1.670000000000000095e-01 3.766620000000000079e+00 5.431500000000000217e-01
1.020000000000000000e+02 1.670000000000000095e-01 3.766620000000000079e+00 5.431500000000000217e-01
1.030000000000000000e+02 1.670000000000000095e-01 3.766620000000000079e+00 5.431500000000000217e-01
1.040000000000000000e+02 1.670000000000000095e-01 3.766620000000000079e+00 5.431500000000000217e-01
1.050000000000000000e+02 1.670000000000000095e-01 3.766620000000000079e+00 5.431500000000000217e-01
1.060000000000000000e+02 0.000000000000000000e+00 1.883780000000000010e+00 5.084400000000000031e-01
1.070000000000000000e+02 0.000000000000000000e+00 1.883780000000000010e+00 5.084400000000000031e-01
1.080000000000000000e+02 1.670000000000000095e-01 3.766620000000000079e+00 5.431500000000000217e-01
1.090000000000000000e+02 1.670000000000000095e-01 3.766620000000000079e+00 5.431500000000000217e-01
1.100000000000000000e+02 1.670000000000000095e-01 3.766620000000000079e+00 5.431500000000000217e-01
1.110000000000000000e+02 1.670000000000000095e-01 3.766620000000000079e+00 5.431500000000000217e-01
1.120000000000000000e+02 0.000000000000000000e+00 1.883780000000000010e+00 5.084400000000000031e-01
1.130000000000000000e+02 0.000000000000000000e+00 1.883780000000000010e+00 5.084400000000000031e-01
1.140000000000000000e+02 1.670000000000000095e-01 3.766620000000000079e+00 5.431500000000000217e-01
1.150000000000000000e+02 0.000000000000000000e+00 1.883780000000000010e+00 5.084400000000000031e-01
1.160000000000000000e+02 1.670000000000000095e-01 3.766620000000000079e+00 5.431500000000000217e-01
1.170000000000000000e+02 0.000000000000000000e+00 1.883780000000000010e+00 5.084400000000000031e-01
1.180000000000000000e+02 0.000000000000000000e+00 1.883780000000000010e+00 5.084400000000000031e-01
1.190000000000000000e+02 1.670000000000000095e-01 3.766620000000000079e+00 5.431500000000000217e-01
1.200000000000000000e+02 0.000000000000000000e+00 1.883780000000000010e+00 5.084400000000000031e-01
