1.000000000000000000e+00 1.529999999999999971e-01 6.800220000000000375e+00 6.691999999999999338e-02
2.000000000000000000e+00 1.390000000000000124e-01 4.654899999999999594e+00 1.221499999999999947e-01
3.000000000000000000e+00 1.670000000000000095e-01 4.778640000000000221e+00 5.609000000000000097e-02
4.000000000000000000e+00 1.670000000000000095e-01 4.483699999999999797e+00 5.822000000000000092e-02
5.000000000000000000e+00 1.670000000000000095e-01 4.435260000000000424e+00 6.171000000000000096e-02
6.000000000000000000e+00 1.670000000000000095e-01 4.338890000000000136e+00 6.411000000000000032e-02
7.000000000000000000e+00 1.529999999999999971e-01 2.715570000000000039e+00 1.261700000000000044e-01
8.000000000000000000e+00 1.529999999999999971e-01 2.737919999999999909e+00 1.406399999999999872e-01
9.000000000000000000e+00 -1.000000000000000000e+00 -1.000000000000000000e+00 0.000000000000000000e+00
1.000000000000000000e+01 -1.000000000000000000e+00 -1.000000000000000000e+00 0.000000000000000000e+00
1.100000000000000000e+01 -1.000000000000000000e+00 -1.000000000000000000e+00 0.000000000000000000e+00
1.200000000000000000e+01 -1.000000000000000000e+00 -1.000000000000000000e+00 0.000000000000000000e+00
1.300000000000000000e+01 -1.000000000000000000e+00 -1.000000000000000000e+00 0.000000000000000000e+00
1.400000000000000000e+01 -1.000000000000000000e+00 -1.000000000000000000e+00 0.000000000000000000e+00
1.500000000000000000e+01 -1.000000000000000000e+00 -1.000000000000000000e+00 0.000000000000000000e+00
1.600000000000000000e+01 -1.000000000000000000e+00 -1.000000000000000000e+00 0.000000000000000000e+00
1.700000000000000000e+01 -1.000000000000000000e+00 -1.000000000000000000e+00 0.000000000000000000e+00
1.800000000000000000e+01 -1.000000000000000000e+00 -1.000000000000000000e+00 0.000000000000000000e+00
1.900000000000000000e+01 -1.000000000000000000e+00 -1.000000000000000000e+00 0.000000000000000000e+00
2.000000000000000000e+01 -1.000000000000000000e+00 -1.000000000000000000e+00 0.000000000000000000e+00
2.100000000000000000e+01 -1.000000000000000000e+00 -1.000000000000000000e+00 0.000000000000000000e+00
2.200000000000000000e+01 -1.000000000000000000e+00 -1.000000000000000000e+00 0.000000000000000000e+00
2.300000000000000000e+01 -1.000000000000000000e+00 -1.000000000000000000e+00 0.000000000000000000e+00
2.400000000000000000e+01 -1.000000000000000000e+00 -1.000000000000000000e+00 0.000000000000000000e+00
2.500000000000000000e+01 1.320000000000000062e-01 3.911800000000000277e-01 2.403899999999999926e-01
2.600000000000000000e+01 1.320000000000000062e-01 3.958099999999999952e-01 3.047599999999999754e-01
2.700000000000000000e+01 1.320000000000000062e-01 4.094200000000000061e-01 3.274400000000000088e-01
2.800000000000000000e+01 1.320000000000000062e-01 4.319600000000000106e-01 3.432200000000000251e-01
2.900000000000000000e+01 1.320000000000000062e-01 4.547599999999999976e-01 3.547299999999999898e-01
3.000000000000000000e+01 1.320000000000000062e-01 4.766699999999999826e-01 3.631499999999999728e-01
3.100000000000000000e+01 1.320000000000000062e-01 4.936900000000000177e-01 3.738199999999999856e-01
3.200000000000000000e+01 1.320000000000000062e-01 5.092200000000000060e-01 3.821999999999999842e-01
3.300000000000000000e+01 1.320000000000000062e-01 5.236699999999999688e-01 3.896299999999999764e-01
3.400000000000000000e+01 1.320000000000000062e-01 5.370500000000000274e-01 3.953499999999999792e-01
3.500000000000000000e+01 1.320000000000000062e-01 5.455299999999999594e-01 4.019900000000000140e-01
3.600000000000000000e+01 1.320000000000000062e-01 5.530899999999999705e-01 4.074800000000000089e-01
3.700000000000000000e+01 1.320000000000000062e-01 5.600100000000000078e-01 4.145800000000000041e-01
3.800000000000000000e+01 1.320000000000000062e-01 5.668699999999999850e-01 4.228000000000000091e-01
3.900000000000000000e+01 1.320000000000000062e-01 5.738400000000000167e-01 4.320499999999999896e-01
4.000000000000000000e+01 1.320000000000000062e-01 5.803000000000000380e-01 4.417400000000000215e-01
4.100000000000000000e+01 1.320000000000000062e-01 5.864300000000000068e-01 4.516600000000000059e-01
4.200000000000000000e+01 1.320000000000000062e-01 5.920900000000000052e-01 4.608200000000000074e-01
4.300000000000000000e+01 1.320000000000000062e-01 5.984000000000000430e-01 4.702899999999999858e-01
4.400000000000000000e+01 1.320000000000000062e-01 6.079299999999999704e-01 4.803700000000000192e-01
4.500000000000000000e+01 1.320000000000000062e-01 6.079499999999999904e-01 4.861099999999999866e-01
4.600000000000000000e+01 1.320000000000000062e-01 6.065000000000000391e-01 4.920399999999999774e-01
4.700000000000000000e+01 1.320000000000000062e-01 6.051600000000000312e-01 4.977500000000000258e-01
4.800000000000000000e+01 1.320000000000000062e-01 6.030299999999999550e-01 5.014999999999999458e-01
4.900000000000000000e+01 1.320000000000000062e-01 6.002100000000000213e-01 5.047300000000000120e-01
5.000000000000000000e+01 1.320000000000000062e-01 5.966200000000000392e-01 5.069099999999999717e-01
5.100000000000000000e+01 1.320000000000000062e-01 5.928099999999999481e-01 5.085899999999999865e-01
5.200000000000000000e+01 1.320000000000000062e-01 5.885799999999999921e-01 5.097199999999999509e-01
5.300000000000000000e+01 1.320000000000000062e-01 5.839199999999999946e-01 5.112999999999999767e-01
5.400000000000000000e+01 1.320000000000000062e-01 5.796400000000000441e-01 5.134900000000000020e-01
5.500000000000000000e+01 1.320000000000000062e-01 5.757299999999999640e-01 5.154999999999999583e-01
5.600000000000000000e+01 1.320000000000000062e-01 5.720199999999999729e-01 5.167000000000000481e-01
5.700000000000000000e+01 1.320000000000000062e-01 5.681500000000000439e-01 5.177000000000000490e-01
5.800000000000000000e+01 1.320000000000000062e-01 5.641599999999999948e-01 5.184100000000000374e-01
5.900000000000000000e+01 1.320000000000000062e-01 5.600899999999999768e-01 5.203400000000000247e-01
6.000000000000000000e+01 1.320000000000000062e-01 5.564700000000000202e-01 5.242799999999999683e-01
6.100000000000000000e+01 1.320000000000000062e-01 5.547800000000000509e-01 5.286199999999999788e-01
6.200000000000000000e+01 1.320000000000000062e-01 5.537499999999999645e-01 5.337800000000000322e-01
6.300000000000000000e+01 1.320000000000000062e-01 5.524099999999999566e-01 5.387899999999999912e-01
6.400000000000000000e+01 1.320000000000000062e-01 5.516799999999999482e-01 5.438300000000000356e-01
6.500000000000000000e+01 1.320000000000000062e-01 5.520800000000000152e-01 5.488699999999999690e-01
6.600000000000000000e+01 1.320000000000000062e-01 5.530599999999999961e-01 5.554099999999999593e-01
6.700000000000000000e+01 1.320000000000000062e-01 5.548899999999999944e-01 5.630899999999999794e-01
6.800000000000000000e+01 1.320000000000000062e-01 5.563099999999999712e-01 5.704299999999999926e-01
6.900000000000000000e+01 1.320000000000000062e-01 5.566299999999999581e-01 5.773599999999999843e-01
7.000000000000000000e+01 1.320000000000000062e-01 5.563299999999999912e-01 5.847799999999999665e-01
7.100000000000000000e+01 1.320000000000000062e-01 5.536799999999999500e-01 5.930199999999999916e-01
7.200000000000000000e+01 1.320000000000000062e-01 5.502000000000000224e-01 6.001999999999999558e-01
7.300000000000000000e+01 1.320000000000000062e-01 5.467999999999999527e-01 6.068599999999999550e-01
7.400000000000000000e+01 1.320000000000000062e-01 5.436999999999999611e-01 6.120999999999999774e-01
7.500000000000000000e+01 1.320000000000000062e-01 5.364200000000000079e-01 6.165399999999999769e-01
7.600000000000000000e+01 1.320000000000000062e-01 5.296699999999999742e-01 6.199999999999999956e-01
7.700000000000000000e+01 1.320000000000000062e-01 5.229800000000000004e-01 6.222999999999999643e-01
7.800000000000000000e+01 1.320000000000000062e-01 5.163100000000000467e-01 6.227099999999999858e-01
7.900000000000000000e+01 1.320000000000000062e-01 5.093299999999999494e-01 6.216899999999999649e-01
8.000000000000000000e+01 1.320000000000000062e-01 5.021200000000000108e-01 6.190499999999999892e-01
8.100000000000000000e+01 1.320000000000000062e-01 4.951900000000000190e-01 6.149999999999999911e-01
8.200000000000000000e+01 1.320000000000000062e-01 4.881900000000000128e-01 6.068400000000000460e-01
8.300000000000000000e+01 1.320000000000000062e-01 4.808899999999999841e-01 5.900699999999999834e-01
8.400000000000000000e+01 1.320000000000000062e-01 4.724400000000000266e-01 5.534499999999999975e-01
8.500000000000000000e+01 1.320000000000000062e-01 4.640500000000000180e-01 4.937500000000000222e-01
8.600000000000000000e+01 1.320000000000000062e-01 4.545199999999999796e-01 4.138000000000000012e-01
8.700000000000000000e+01 1.320000000000000062e-01 4.442999999999999727e-01 3.163400000000000101e-01
8.800000000000000000e+01 1.320000000000000062e-01 4.344600000000000128e-01 1.116999999999999937e-01
8.900000000000000000e+01 -1.000000000000000000e+00 -1.000000000000000000e+00 0.000000000000000000e+00
9.000000000000000000e+01 -1.000000000000000000e+00 -1.000000000000000000e+00 0.000000000000000000e+00
9.100000000000000000e+01 -1.000000000000000000e+00 -1.000000000000000000e+00 0.000000000000000000e+00
9.200000000000000000e+01 -1.000000000000000000e+00 -1.000000000000000000e+00 0.000000000000000000e+00
9.300000000000000000e+01 -1.000000000000000000e+00 -1.000000000000000000e+00 0.000000000000000000e+00
9.400000000000000000e+01 -1.000000000000000000e+00 -1.000000000000000000e+00 0.000000000000000000e+00
9.500000000000000000e+01 -1.000000000000000000e+00 -1.000000000000000000e+00 0.000000000000000000e+00
9.600000000000000000e+01 -1.000000000000000000e+00 -1.000000000000000000e+00 0.000000000000000000e+00
9.700000000000000000e+01 -1.000000000000000000e+00 -1.000000000000000000e+00 0.000000000000000000e+00
9.800000000000000000e+01 -1.000000000000000000e+00 -1.000000000000000000e+00 0.000000000000000000e+00
9.900000000000000000e+01 -1.000000000000000000e+00 -1.000000000000000000e+00 0.000000000000000000e+00
1.000000000000000000e+02 -1.000000000000000000e+00 -1.000000000000000000e+00 0.000000000000000000e+00
1.010000000000000000e+02 -1.000000000000000000e+00 -1.000000000000000000e+00 0.000000000000000000e+00
1.020000000000000000e+02 -1.000000000000000000e+00 -1.000000000000000000e+00 0.000000000000000000e+00
1.030000000000000000e+02 -1.000000000000000000e+00 -1.000000000000000000e+00 0.000000000000000000e+00
1.040000000000000000e+02 -1.000000000000000000e+00 -1.000000000000000000e+00 0.000000000000000000e+00
1.050000000000000000e+02 -1.000000000000000000e+00 -1.000000000000000000e+00 0.000000000000000000e+00
1.060000000000000000e+02 -1.000000000000000000e+00 -1.000000000000000000e+00 0.000000000000000000e+00
1.070000000000000000e+02 -1.000000000000000000e+00 -1.000000000000000000e+00 0.000000000000000000e+00
1.080000000000000000e+02 -1.000000000000000000e+00 -1.000000000000000000e+00 0.000000000000000000e+00
1.090000000000000000e+02 -1.000000000000000000e+00 -1.000000000000000000e+00 0.000000000000000000e+00
1.100000000000000000e+02 -1.000000000000000000e+00 -1.000000000000000000e+00 0.000000000000000000e+00
1.110000000000000000e+02 -1.000000000000000000e+00 -1.000000000000000000e+00 0.000000000000000000e+00
1.120000000000000000e+02 -1.000000000000000000e+00 -1.000000000000000000e+00 0.000000000000000000e+00
1.130000000000000000e+02 -1.000000000000000000e+00 -1.000000000000000000e+00 0.000000000000000000e+00
1.140000000000000000e+02 -1.000000000000000000e+00 -1.000000000000000000e+00 0.000000000000000000e+00
1.150000000000000000e+02 -1.000000000000000000e+00 -1.000000000000000000e+00 0.000000000000000000e+00
1.160000000000000000e+02 -1.000000000000000000e+00 -1.000000000000000000e+00 0.000000000000000000e+00
1.170000000000000000e+02 -1.000000000000000000e+00 -1.000000000000000000e+00 0.000000000000000000e+00
1.180000000000000000e+02 -1.000000000000000000e+00 -1.000000000000000000e+00 0.000000000000000000e+00
1.190000000000000000e+02 -1.000000000000000000e+00 -1.000000000000000000e+00 0.000000000000000000e+00
1.200000000000000000e+02 -1.000000000000000000e+00 -1.000000000000000000e+00 0.000000000000000000e+00
