1.000000000000000000e+00 1.809999999999999942e-01 6.635570000000000412e+00 7.452900000000000080e-01
2.000000000000000000e+00 1.739999999999999880e-01 6.045370000000000132e+00 7.366899999999999560e-01
3.000000000000000000e+00 1.940000000000000058e-01 7.186960000000000015e+00 1.298799999999999955e-01
4.000000000000000000e+00 1.940000000000000058e-01 4.685699999999999754e+00 3.975000000000000200e-01
5.000000000000000000e+00 1.940000000000000058e-01 4.753650000000000375e+00 3.725100000000000078e-01
6.000000000000000000e+00 2.079999999999999905e-01 4.777219999999999800e+00 3.699700000000000211e-01
7.000000000000000000e+00 2.079999999999999905e-01 4.782160000000000188e+00 3.740100000000000091e-01
8.000000000000000000e+00 2.079999999999999905e-01 4.788280000000000314e+00 3.774299999999999877e-01
9.000000000000000000e+00 2.079999999999999905e-01 4.794769999999999754e+00 3.806499999999999884e-01
1.000000000000000000e+01 2.079999999999999905e-01 4.810640000000000249e+00 3.844799999999999884e-01
1.100000000000000000e+01 2.079999999999999905e-01 4.831509999999999749e+00 3.875799999999999801e-01
1.200000000000000000e+01 2.079999999999999905e-01 4.857599999999999696e+00 3.926899999999999835e-01
1.300000000000000000e+01 2.079999999999999905e-01 4.883820000000000050e+00 3.975000000000000200e-01
1.400000000000000000e+01 2.010000000000000120e-01 4.911959999999999660e+00 4.030900000000000039e-01
1.500000000000000000e+01 2.010000000000000120e-01 4.938950000000000173e+00 4.080199999999999938e-01
1.600000000000000000e+01 1.940000000000000058e-01 4.964699999999999669e+00 4.125099999999999878e-01
1.700000000000000000e+01 1.940000000000000058e-01 4.990590000000000082e+00 4.168200000000000238e-01
1.800000000000000000e+01 1.940000000000000058e-01 5.017000000000000348e+00 4.210099999999999953e-01
1.900000000000000000e+01 1.940000000000000058e-01 5.038789999999999658e+00 4.306099999999999928e-01
2.000000000000000000e+01 1.940000000000000058e-01 5.065900000000000070e+00 4.353699999999999792e-01
2.100000000000000000e+01 1.940000000000000058e-01 5.089489999999999625e+00 4.400600000000000067e-01
2.200000000000000000e+01 1.940000000000000058e-01 5.111550000000000260e+00 4.443799999999999972e-01
2.300000000000000000e+01 1.940000000000000058e-01 5.132439999999999891e+00 4.484299999999999953e-01
2.400000000000000000e+01 1.940000000000000058e-01 5.157409999999999606e+00 4.523900000000000143e-01
2.500000000000000000e+01 1.880000000000000004e-01 5.191639999999999588e+00 4.573099999999999943e-01
2.600000000000000000e+01 1.880000000000000004e-01 5.231090000000000018e+00 4.624699999999999922e-01
2.700000000000000000e+01 1.880000000000000004e-01 5.265900000000000247e+00 4.671699999999999742e-01
2.800000000000000000e+01 1.880000000000000004e-01 5.304269999999999818e+00 4.707200000000000273e-01
2.900000000000000000e+01 1.880000000000000004e-01 5.344669999999999810e+00 4.742700000000000249e-01
3.000000000000000000e+01 1.880000000000000004e-01 5.384079999999999977e+00 4.777299999999999880e-01
3.100000000000000000e+01 1.880000000000000004e-01 5.424879999999999924e+00 4.814200000000000146e-01
3.200000000000000000e+01 1.809999999999999942e-01 5.461549999999999905e+00 4.849999999999999867e-01
3.300000000000000000e+01 1.809999999999999942e-01 5.497840000000000060e+00 4.883899999999999908e-01
3.400000000000000000e+01 1.809999999999999942e-01 5.530219999999999914e+00 4.915100000000000025e-01
3.500000000000000000e+01 1.809999999999999942e-01 5.561049999999999827e+00 4.945499999999999896e-01
3.600000000000000000e+01 1.809999999999999942e-01 5.597419999999999618e+00 4.980499999999999927e-01
3.700000000000000000e+01 1.809999999999999942e-01 5.636790000000000411e+00 5.016500000000000403e-01
3.800000000000000000e+01 1.809999999999999942e-01 5.674070000000000391e+00 5.048599999999999755e-01
3.900000000000000000e+01 1.739999999999999880e-01 5.711090000000000444e+00 5.076399999999999801e-01
4.000000000000000000e+01 1.739999999999999880e-01 5.750960000000000072e+00 5.102100000000000524e-01
4.100000000000000000e+01 1.739999999999999880e-01 5.786909999999999776e+00 5.130200000000000315e-01
4.200000000000000000e+01 1.739999999999999880e-01 5.818929999999999936e+00 5.159500000000000197e-01
4.300000000000000000e+01 1.739999999999999880e-01 5.849050000000000082e+00 5.190700000000000314e-01
4.400000000000000000e+01 1.739999999999999880e-01 5.878680000000000128e+00 5.221599999999999575e-01
4.500000000000000000e+01 1.739999999999999880e-01 5.905920000000000059e+00 5.252299999999999747e-01
4.600000000000000000e+01 1.739999999999999880e-01 5.931420000000000137e+00 5.281700000000000284e-01
4.700000000000000000e+01 1.739999999999999880e-01 5.955589999999999939e+00 5.310700000000000420e-01
4.800000000000000000e+01 1.739999999999999880e-01 5.980369999999999742e+00 5.333599999999999453e-01
4.900000000000000000e+01 1.739999999999999880e-01 6.003840000000000288e+00 5.355999999999999650e-01
5.000000000000000000e+01 1.739999999999999880e-01 6.026609999999999800e+00 5.377699999999999703e-01
5.100000000000000000e+01 1.670000000000000095e-01 6.048980000000000246e+00 5.398199999999999665e-01
5.200000000000000000e+01 1.739999999999999880e-01 6.067109999999999559e+00 5.421700000000000408e-01
5.300000000000000000e+01 1.739999999999999880e-01 6.083649999999999558e+00 5.443200000000000260e-01
5.400000000000000000e+01 1.739999999999999880e-01 6.099429999999999907e+00 5.464499999999999913e-01
5.500000000000000000e+01 1.739999999999999880e-01 6.113190000000000346e+00 5.485700000000000021e-01
5.600000000000000000e+01 1.739999999999999880e-01 6.125899999999999679e+00 5.507699999999999818e-01
5.700000000000000000e+01 1.739999999999999880e-01 6.138959999999999972e+00 5.528699999999999726e-01
5.800000000000000000e+01 1.739999999999999880e-01 6.149799999999999933e+00 5.552200000000000468e-01
5.900000000000000000e+01 1.739999999999999880e-01 6.162700000000000067e+00 5.571399999999999686e-01
6.000000000000000000e+01 1.739999999999999880e-01 6.174699999999999633e+00 5.592500000000000249e-01
6.100000000000000000e+01 1.739999999999999880e-01 6.183580000000000076e+00 5.571800000000000086e-01
6.200000000000000000e+01 1.739999999999999880e-01 6.197259999999999991e+00 5.543500000000000094e-01
6.300000000000000000e+01 1.739999999999999880e-01 6.211430000000000007e+00 5.518199999999999772e-01
6.400000000000000000e+01 1.739999999999999880e-01 6.220229999999999926e+00 5.497999999999999554e-01
6.500000000000000000e+01 1.739999999999999880e-01 6.225889999999999702e+00 5.472500000000000142e-01
6.600000000000000000e+01 1.739999999999999880e-01 6.234709999999999752e+00 5.439100000000000046e-01
6.700000000000000000e+01 1.739999999999999880e-01 6.244799999999999685e+00 5.406300000000000550e-01
6.800000000000000000e+01 1.739999999999999880e-01 6.254959999999999631e+00 5.374600000000000488e-01
6.900000000000000000e+01 1.739999999999999880e-01 6.266429999999999723e+00 5.345699999999999896e-01
7.000000000000000000e+01 1.739999999999999880e-01 6.278279999999999639e+00 5.317800000000000304e-01
7.100000000000000000e+01 1.739999999999999880e-01 6.291009999999999991e+00 5.288800000000000168e-01
7.200000000000000000e+01 1.739999999999999880e-01 6.304960000000000342e+00 5.257600000000000051e-01
7.300000000000000000e+01 1.739999999999999880e-01 6.328870000000000218e+00 5.214900000000000091e-01
7.400000000000000000e+01 1.670000000000000095e-01 6.350349999999999717e+00 5.170500000000000096e-01
7.500000000000000000e+01 1.670000000000000095e-01 6.375799999999999912e+00 5.121700000000000141e-01
7.600000000000000000e+01 1.529999999999999971e-01 6.399610000000000021e+00 5.076399999999999801e-01
7.700000000000000000e+01 1.529999999999999971e-01 6.426890000000000214e+00 5.027899999999999592e-01
7.800000000000000000e+01 1.529999999999999971e-01 6.453219999999999956e+00 4.981300000000000172e-01
7.900000000000000000e+01 1.529999999999999971e-01 6.476860000000000284e+00 4.938799999999999857e-01
8.000000000000000000e+01 1.529999999999999971e-01 6.497189999999999799e+00 4.902500000000000191e-01
8.100000000000000000e+01 1.529999999999999971e-01 6.516960000000000086e+00 4.866800000000000015e-01
8.200000000000000000e+01 1.459999999999999909e-01 6.536959999999999660e+00 4.830200000000000049e-01
8.300000000000000000e+01 1.459999999999999909e-01 6.559689999999999799e+00 4.791599999999999748e-01
8.400000000000000000e+01 1.459999999999999909e-01 6.583319999999999617e+00 4.752199999999999758e-01
8.500000000000000000e+01 1.529999999999999971e-01 6.623969999999999914e+00 4.685500000000000220e-01
8.600000000000000000e+01 1.529999999999999971e-01 6.667989999999999640e+00 4.605400000000000049e-01
8.700000000000000000e+01 1.529999999999999971e-01 6.709609999999999630e+00 4.526000000000000023e-01
8.800000000000000000e+01 1.529999999999999971e-01 6.753540000000000099e+00 4.436399999999999788e-01
8.900000000000000000e+01 1.529999999999999971e-01 6.792169999999999597e+00 4.348199999999999843e-01
9.000000000000000000e+01 1.529999999999999971e-01 6.827460000000000306e+00 4.262199999999999878e-01
9.100000000000000000e+01 1.529999999999999971e-01 6.863780000000000214e+00 4.162399999999999989e-01
9.200000000000000000e+01 1.529999999999999971e-01 6.895590000000000330e+00 4.052399999999999891e-01
9.300000000000000000e+01 1.529999999999999971e-01 6.923020000000000174e+00 3.930600000000000205e-01
9.400000000000000000e+01 1.459999999999999909e-01 6.940229999999999677e+00 3.835600000000000120e-01
9.500000000000000000e+01 1.529999999999999971e-01 6.948719999999999786e+00 3.773199999999999887e-01
9.600000000000000000e+01 1.529999999999999971e-01 6.954390000000000072e+00 3.732900000000000107e-01
9.700000000000000000e+01 1.739999999999999880e-01 6.957279999999999909e+00 3.689700000000000202e-01
9.800000000000000000e+01 1.600000000000000033e-01 6.959570000000000256e+00 3.656400000000000206e-01
9.900000000000000000e+01 1.600000000000000033e-01 6.961470000000000269e+00 3.629499999999999948e-01
1.000000000000000000e+02 1.600000000000000033e-01 6.963090000000000224e+00 3.602500000000000147e-01
1.010000000000000000e+02 1.600000000000000033e-01 6.965390000000000192e+00 3.583500000000000019e-01
1.020000000000000000e+02 1.600000000000000033e-01 6.967819999999999681e+00 3.566300000000000026e-01
1.030000000000000000e+02 1.459999999999999909e-01 6.967620000000000147e+00 3.548000000000000043e-01
1.040000000000000000e+02 1.459999999999999909e-01 6.968169999999999753e+00 3.535800000000000054e-01
1.050000000000000000e+02 1.459999999999999909e-01 6.971890000000000143e+00 3.533700000000000174e-01
1.060000000000000000e+02 1.459999999999999909e-01 6.978040000000000020e+00 3.537000000000000144e-01
1.070000000000000000e+02 1.529999999999999971e-01 6.986419999999999852e+00 3.543899999999999828e-01
1.080000000000000000e+02 1.529999999999999971e-01 6.997419999999999973e+00 3.554700000000000082e-01
1.090000000000000000e+02 1.529999999999999971e-01 7.008589999999999876e+00 3.565099999999999936e-01
1.100000000000000000e+02 1.529999999999999971e-01 7.020080000000000098e+00 3.576799999999999979e-01
1.110000000000000000e+02 1.529999999999999971e-01 7.036909999999999776e+00 3.597699999999999787e-01
1.120000000000000000e+02 1.529999999999999971e-01 7.059309999999999974e+00 3.630099999999999993e-01
1.130000000000000000e+02 1.529999999999999971e-01 7.082729999999999748e+00 3.666800000000000059e-01
1.140000000000000000e+02 1.529999999999999971e-01 7.105080000000000062e+00 3.704500000000000015e-01
1.150000000000000000e+02 1.529999999999999971e-01 7.126009999999999955e+00 3.742599999999999816e-01
1.160000000000000000e+02 1.459999999999999909e-01 7.149210000000000065e+00 3.789600000000000191e-01
1.170000000000000000e+02 1.459999999999999909e-01 7.172860000000000014e+00 3.841200000000000170e-01
1.180000000000000000e+02 1.459999999999999909e-01 7.198579999999999757e+00 3.897999999999999798e-01
1.190000000000000000e+02 1.459999999999999909e-01 7.223709999999999631e+00 3.957999999999999852e-01
1.200000000000000000e+02 1.459999999999999909e-01 7.247560000000000002e+00 4.017899999999999805e-01
