1.000000000000000000e+00 1.739999999999999880e-01 5.786539999999999573e+00 4.334100000000000175e-01
2.000000000000000000e+00 1.739999999999999880e-01 5.865509999999999557e+00 5.116000000000000547e-01
3.000000000000000000e+00 1.739999999999999880e-01 5.907759999999999678e+00 5.486400000000000166e-01
4.000000000000000000e+00 1.739999999999999880e-01 5.930710000000000370e+00 5.669800000000000395e-01
5.000000000000000000e+00 1.739999999999999880e-01 5.945050000000000168e+00 5.756099999999999550e-01
6.000000000000000000e+00 1.739999999999999880e-01 5.954850000000000421e+00 5.801800000000000290e-01
7.000000000000000000e+00 1.739999999999999880e-01 5.946290000000000298e+00 5.844599999999999795e-01
8.000000000000000000e+00 1.739999999999999880e-01 5.952090000000000103e+00 5.854300000000000059e-01
9.000000000000000000e+00 1.739999999999999880e-01 5.964879999999999960e+00 5.856700000000000239e-01
1.000000000000000000e+01 1.739999999999999880e-01 5.997720000000000162e+00 5.900400000000000089e-01
1.100000000000000000e+01 1.739999999999999880e-01 6.080739999999999590e+00 5.953300000000000258e-01
1.200000000000000000e+01 1.739999999999999880e-01 6.231139999999999901e+00 6.021900000000000031e-01
1.300000000000000000e+01 1.739999999999999880e-01 6.419430000000000192e+00 6.095300000000000162e-01
1.400000000000000000e+01 1.739999999999999880e-01 6.579869999999999663e+00 6.157799999999999940e-01
1.500000000000000000e+01 1.739999999999999880e-01 6.733780000000000321e+00 6.474999999999999645e-01
1.600000000000000000e+01 1.739999999999999880e-01 6.705320000000000391e+00 6.430099999999999705e-01
1.700000000000000000e+01 1.739999999999999880e-01 6.686370000000000147e+00 6.399700000000000388e-01
1.800000000000000000e+01 1.739999999999999880e-01 6.682170000000000165e+00 6.390299999999999869e-01
1.900000000000000000e+01 1.739999999999999880e-01 6.680539999999999701e+00 6.395800000000000374e-01
2.000000000000000000e+01 1.739999999999999880e-01 6.681770000000000209e+00 6.412799999999999612e-01
2.100000000000000000e+01 1.739999999999999880e-01 6.682109999999999772e+00 6.421499999999999986e-01
2.200000000000000000e+01 1.739999999999999880e-01 6.678639999999999688e+00 6.422799999999999621e-01
2.300000000000000000e+01 1.739999999999999880e-01 6.676610000000000156e+00 6.426800000000000290e-01
2.400000000000000000e+01 1.739999999999999880e-01 6.674430000000000085e+00 6.429399999999999560e-01
2.500000000000000000e+01 1.739999999999999880e-01 6.672399999999999665e+00 6.433299999999999574e-01
2.600000000000000000e+01 1.739999999999999880e-01 6.667690000000000339e+00 6.433299999999999574e-01
2.700000000000000000e+01 1.739999999999999880e-01 6.665989999999999860e+00 6.433499999999999774e-01
2.800000000000000000e+01 1.739999999999999880e-01 6.669959999999999667e+00 6.441900000000000404e-01
2.900000000000000000e+01 1.739999999999999880e-01 6.677150000000000141e+00 6.435800000000000409e-01
3.000000000000000000e+01 1.739999999999999880e-01 6.682349999999999568e+00 6.420200000000000351e-01
3.100000000000000000e+01 1.739999999999999880e-01 6.684510000000000396e+00 6.409799999999999942e-01
3.200000000000000000e+01 1.739999999999999880e-01 6.683840000000000003e+00 6.397399999999999753e-01
3.300000000000000000e+01 1.739999999999999880e-01 6.682089999999999641e+00 6.387000000000000455e-01
3.400000000000000000e+01 1.739999999999999880e-01 6.678600000000000314e+00 6.379799999999999915e-01
3.500000000000000000e+01 1.739999999999999880e-01 6.673099999999999810e+00 6.371099999999999541e-01
3.600000000000000000e+01 1.739999999999999880e-01 6.663859999999999673e+00 6.357599999999999918e-01
3.700000000000000000e+01 1.739999999999999880e-01 6.656039999999999957e+00 6.345199999999999729e-01
3.800000000000000000e+01 1.739999999999999880e-01 6.652389999999999581e+00 6.326600000000000001e-01
3.900000000000000000e+01 1.739999999999999880e-01 6.651099999999999568e+00 6.308200000000000474e-01
4.000000000000000000e+01 1.739999999999999880e-01 6.651810000000000223e+00 6.290700000000000180e-01
4.100000000000000000e+01 1.739999999999999880e-01 6.654519999999999769e+00 6.279000000000000137e-01
4.200000000000000000e+01 1.739999999999999880e-01 6.659340000000000259e+00 6.267500000000000293e-01
4.300000000000000000e+01 1.739999999999999880e-01 6.664979999999999905e+00 6.258200000000000429e-01
4.400000000000000000e+01 1.739999999999999880e-01 6.670770000000000088e+00 6.253300000000000525e-01
4.500000000000000000e+01 1.739999999999999880e-01 6.678040000000000198e+00 6.251700000000000035e-01
4.600000000000000000e+01 1.739999999999999880e-01 6.681930000000000369e+00 6.250599999999999490e-01
4.700000000000000000e+01 1.739999999999999880e-01 6.685740000000000016e+00 6.251600000000000490e-01
4.800000000000000000e+01 1.739999999999999880e-01 6.689390000000000391e+00 6.254300000000000415e-01
4.900000000000000000e+01 1.739999999999999880e-01 6.690610000000000390e+00 6.253699999999999815e-01
5.000000000000000000e+01 1.739999999999999880e-01 6.693279999999999674e+00 6.253400000000000070e-01
5.100000000000000000e+01 1.739999999999999880e-01 6.696150000000000269e+00 6.252799999999999470e-01
5.200000000000000000e+01 1.739999999999999880e-01 6.699329999999999785e+00 6.253699999999999815e-01
5.300000000000000000e+01 1.739999999999999880e-01 6.703700000000000436e+00 6.253699999999999815e-01
5.400000000000000000e+01 1.739999999999999880e-01 6.709450000000000358e+00 6.255500000000000504e-01
5.500000000000000000e+01 1.739999999999999880e-01 6.715300000000000047e+00 6.255399999999999849e-01
5.600000000000000000e+01 1.739999999999999880e-01 6.720559999999999867e+00 6.253900000000000015e-01
5.700000000000000000e+01 1.739999999999999880e-01 6.723980000000000068e+00 6.250000000000000000e-01
5.800000000000000000e+01 1.739999999999999880e-01 6.727850000000000108e+00 6.246599999999999930e-01
5.900000000000000000e+01 1.739999999999999880e-01 6.732990000000000030e+00 6.243600000000000261e-01
6.000000000000000000e+01 1.739999999999999880e-01 6.737199999999999633e+00 6.239599999999999591e-01
6.100000000000000000e+01 1.739999999999999880e-01 6.740800000000000125e+00 6.233699999999999797e-01
6.200000000000000000e+01 1.739999999999999880e-01 6.744650000000000034e+00 6.227599999999999802e-01
6.300000000000000000e+01 1.739999999999999880e-01 6.749069999999999681e+00 6.222100000000000408e-01
6.400000000000000000e+01 1.739999999999999880e-01 6.754080000000000084e+00 6.217500000000000249e-01
6.500000000000000000e+01 1.739999999999999880e-01 6.760030000000000427e+00 6.214800000000000324e-01
6.600000000000000000e+01 1.809999999999999942e-01 6.754620000000000068e+00 3.899900000000000033e-01
6.700000000000000000e+01 1.739999999999999880e-01 6.773139999999999716e+00 6.209599999999999564e-01
6.800000000000000000e+01 1.739999999999999880e-01 6.781570000000000320e+00 6.205699999999999550e-01
6.900000000000000000e+01 1.739999999999999880e-01 6.790510000000000268e+00 6.201200000000000045e-01
7.000000000000000000e+01 1.739999999999999880e-01 6.799080000000000013e+00 6.197200000000000486e-01
7.100000000000000000e+01 1.809999999999999942e-01 6.327530000000000321e+00 3.640900000000000247e-01
7.200000000000000000e+01 1.739999999999999880e-01 6.817750000000000199e+00 6.191100000000000492e-01
7.300000000000000000e+01 1.739999999999999880e-01 6.826950000000000074e+00 6.188599999999999657e-01
7.400000000000000000e+01 1.739999999999999880e-01 6.836359999999999992e+00 6.186300000000000132e-01
7.500000000000000000e+01 1.739999999999999880e-01 6.845909999999999940e+00 6.183999999999999497e-01
7.600000000000000000e+01 1.739999999999999880e-01 6.855220000000000091e+00 6.182199999999999918e-01
7.700000000000000000e+01 1.739999999999999880e-01 6.864729999999999777e+00 6.181600000000000428e-01
7.800000000000000000e+01 1.739999999999999880e-01 6.874509999999999899e+00 6.182499999999999662e-01
7.900000000000000000e+01 1.739999999999999880e-01 6.883899999999999686e+00 6.184100000000000152e-01
8.000000000000000000e+01 1.739999999999999880e-01 6.893979999999999997e+00 6.185899999999999732e-01
8.100000000000000000e+01 1.739999999999999880e-01 6.903439999999999799e+00 6.187399999999999567e-01
8.200000000000000000e+01 1.739999999999999880e-01 6.912499999999999645e+00 6.188599999999999657e-01
8.300000000000000000e+01 1.739999999999999880e-01 6.921859999999999680e+00 6.190400000000000347e-01
8.400000000000000000e+01 1.739999999999999880e-01 6.931449999999999889e+00 6.193499999999999561e-01
8.500000000000000000e+01 1.739999999999999880e-01 6.941150000000000375e+00 6.197200000000000486e-01
8.600000000000000000e+01 1.739999999999999880e-01 6.950630000000000308e+00 6.200799999999999645e-01
8.700000000000000000e+01 1.739999999999999880e-01 6.959830000000000183e+00 6.204100000000000170e-01
8.800000000000000000e+01 1.739999999999999880e-01 6.969570000000000043e+00 6.207799999999999985e-01
8.900000000000000000e+01 1.739999999999999880e-01 6.979890000000000150e+00 6.211600000000000454e-01
9.000000000000000000e+01 1.739999999999999880e-01 6.990490000000000315e+00 6.216000000000000414e-01
9.100000000000000000e+01 1.739999999999999880e-01 7.001079999999999970e+00 6.220200000000000173e-01
9.200000000000000000e+01 1.739999999999999880e-01 7.011400000000000077e+00 6.224399999999999933e-01
9.300000000000000000e+01 1.739999999999999880e-01 7.022009999999999863e+00 6.229200000000000292e-01
9.400000000000000000e+01 1.739999999999999880e-01 7.032619999999999649e+00 6.234600000000000142e-01
9.500000000000000000e+01 1.739999999999999880e-01 7.043180000000000440e+00 6.240200000000000191e-01
9.600000000000000000e+01 1.739999999999999880e-01 7.053790000000000227e+00 6.245500000000000496e-01
9.700000000000000000e+01 1.739999999999999880e-01 7.064390000000000391e+00 6.250999999999999890e-01
9.800000000000000000e+01 1.739999999999999880e-01 7.075260000000000105e+00 6.256500000000000394e-01
9.900000000000000000e+01 1.739999999999999880e-01 7.085810000000000386e+00 6.262699999999999934e-01
1.000000000000000000e+02 1.739999999999999880e-01 7.096000000000000085e+00 6.269099999999999673e-01
1.010000000000000000e+02 1.739999999999999880e-01 7.106630000000000003e+00 6.275300000000000322e-01
1.020000000000000000e+02 1.739999999999999880e-01 7.117230000000000167e+00 6.281600000000000517e-01
1.030000000000000000e+02 1.739999999999999880e-01 7.128140000000000143e+00 6.287700000000000511e-01
1.040000000000000000e+02 1.739999999999999880e-01 7.138829999999999565e+00 6.293800000000000505e-01
1.050000000000000000e+02 1.739999999999999880e-01 7.149659999999999904e+00 6.300200000000000244e-01
1.060000000000000000e+02 1.739999999999999880e-01 7.160949999999999704e+00 6.307500000000000329e-01
1.070000000000000000e+02 1.739999999999999880e-01 7.172220000000000262e+00 6.315199999999999703e-01
1.080000000000000000e+02 1.739999999999999880e-01 7.183539999999999814e+00 6.322299999999999587e-01
1.090000000000000000e+02 1.739999999999999880e-01 7.194519999999999804e+00 6.329299999999999926e-01
1.100000000000000000e+02 1.739999999999999880e-01 7.205729999999999968e+00 6.336399999999999810e-01
1.110000000000000000e+02 1.739999999999999880e-01 7.217380000000000351e+00 6.343800000000000550e-01
1.120000000000000000e+02 1.739999999999999880e-01 7.229149999999999743e+00 6.351400000000000379e-01
1.130000000000000000e+02 1.670000000000000095e-01 7.240929999999999644e+00 6.359299999999999953e-01
1.140000000000000000e+02 1.670000000000000095e-01 7.252550000000000274e+00 6.366800000000000237e-01
1.150000000000000000e+02 1.670000000000000095e-01 7.263849999999999696e+00 6.374100000000000321e-01
1.160000000000000000e+02 1.670000000000000095e-01 7.275380000000000180e+00 6.381400000000000405e-01
1.170000000000000000e+02 1.670000000000000095e-01 7.286739999999999995e+00 6.388700000000000490e-01
1.180000000000000000e+02 1.670000000000000095e-01 7.298149999999999693e+00 6.396100000000000119e-01
1.190000000000000000e+02 1.670000000000000095e-01 7.309720000000000439e+00 6.403900000000000148e-01
1.200000000000000000e+02 1.670000000000000095e-01 7.321220000000000283e+00 6.411700000000000177e-01
