1.000000000000000000e+00 1.940000000000000058e-01 1.133492000000000033e+01 3.248300000000000076e-01
2.000000000000000000e+00 2.079999999999999905e-01 1.259041000000000032e+01 4.813600000000000101e-01
3.000000000000000000e+00 2.010000000000000120e-01 1.019722999999999935e+01 5.772999999999999660e-02
4.000000000000000000e+00 -1.000000000000000000e+00 -1.000000000000000000e+00 0.000000000000000000e+00
5.000000000000000000e+00 -1.000000000000000000e+00 -1.000000000000000000e+00 0.000000000000000000e+00
6.000000000000000000e+00 -1.000000000000000000e+00 -1.000000000000000000e+00 0.000000000000000000e+00
7.000000000000000000e+00 1.809999999999999942e-01 3.075990000000000002e+00 1.134799999999999975e-01
8.000000000000000000e+00 1.809999999999999942e-01 2.925289999999999946e+00 1.297099999999999920e-01
9.000000000000000000e+00 1.880000000000000004e-01 2.366249999999999964e+00 1.624800000000000133e-01
1.000000000000000000e+01 1.880000000000000004e-01 2.091709999999999958e+00 1.994900000000000007e-01
1.100000000000000000e+01 1.880000000000000004e-01 2.104760000000000186e+00 2.302500000000000102e-01
1.200000000000000000e+01 1.809999999999999942e-01 2.939480000000000093e+00 2.707999999999999852e-01
1.300000000000000000e+01 1.809999999999999942e-01 3.665760000000000129e+00 3.077900000000000080e-01
1.400000000000000000e+01 1.809999999999999942e-01 4.321909999999999918e+00 3.459400000000000253e-01
1.500000000000000000e+01 1.809999999999999942e-01 4.612199999999999633e+00 3.673500000000000099e-01
1.600000000000000000e+01 1.809999999999999942e-01 4.763950000000000351e+00 3.793300000000000005e-01
1.700000000000000000e+01 1.809999999999999942e-01 4.852009999999999934e+00 3.869000000000000217e-01
1.800000000000000000e+01 1.809999999999999942e-01 4.894470000000000098e+00 3.920500000000000096e-01
1.900000000000000000e+01 1.809999999999999942e-01 4.913059999999999761e+00 3.953200000000000047e-01
2.000000000000000000e+01 1.809999999999999942e-01 4.914679999999999715e+00 3.973400000000000265e-01
2.100000000000000000e+01 1.809999999999999942e-01 4.898780000000000356e+00 3.985099999999999754e-01
2.200000000000000000e+01 1.809999999999999942e-01 4.982879999999999754e+00 4.067799999999999749e-01
2.300000000000000000e+01 1.809999999999999942e-01 5.041120000000000267e+00 4.129900000000000237e-01
2.400000000000000000e+01 1.809999999999999942e-01 5.082169999999999632e+00 4.177699999999999747e-01
2.500000000000000000e+01 1.809999999999999942e-01 5.123289999999999900e+00 4.226800000000000002e-01
2.600000000000000000e+01 1.809999999999999942e-01 5.151110000000000078e+00 4.267900000000000027e-01
2.700000000000000000e+01 1.809999999999999942e-01 5.255899999999999572e+00 4.334700000000000220e-01
2.800000000000000000e+01 1.809999999999999942e-01 5.328809999999999825e+00 4.383699999999999819e-01
2.900000000000000000e+01 1.880000000000000004e-01 5.379380000000000273e+00 4.423500000000000210e-01
3.000000000000000000e+01 1.880000000000000004e-01 5.408839999999999648e+00 4.457099999999999951e-01
3.100000000000000000e+01 1.880000000000000004e-01 5.427249999999999908e+00 4.484000000000000208e-01
3.200000000000000000e+01 1.880000000000000004e-01 5.439300000000000246e+00 4.507200000000000095e-01
3.300000000000000000e+01 1.880000000000000004e-01 5.453890000000000349e+00 4.529099999999999793e-01
3.400000000000000000e+01 1.880000000000000004e-01 5.466149999999999842e+00 4.549199999999999910e-01
3.500000000000000000e+01 1.880000000000000004e-01 5.474870000000000125e+00 4.567700000000000093e-01
3.600000000000000000e+01 1.880000000000000004e-01 5.484980000000000189e+00 4.585500000000000131e-01
3.700000000000000000e+01 1.880000000000000004e-01 5.490529999999999688e+00 4.601899999999999880e-01
3.800000000000000000e+01 1.809999999999999942e-01 5.494259999999999700e+00 4.616999999999999993e-01
3.900000000000000000e+01 1.809999999999999942e-01 5.500910000000000188e+00 4.630600000000000271e-01
4.000000000000000000e+01 1.809999999999999942e-01 5.509660000000000224e+00 4.642600000000000060e-01
4.100000000000000000e+01 1.809999999999999942e-01 5.537390000000000256e+00 4.659099999999999908e-01
4.200000000000000000e+01 1.809999999999999942e-01 5.568559999999999732e+00 4.677100000000000146e-01
4.300000000000000000e+01 1.809999999999999942e-01 5.605739999999999945e+00 4.696899999999999964e-01
4.400000000000000000e+01 1.739999999999999880e-01 5.650500000000000078e+00 4.722100000000000186e-01
4.500000000000000000e+01 1.179999999999999938e-01 6.502550000000000274e+00 3.633199999999999763e-01
4.600000000000000000e+01 1.179999999999999938e-01 6.499080000000000190e+00 3.639999999999999902e-01
4.700000000000000000e+01 1.179999999999999938e-01 6.494449999999999612e+00 3.647099999999999786e-01
4.800000000000000000e+01 1.179999999999999938e-01 6.492689999999999628e+00 3.649000000000000021e-01
4.900000000000000000e+01 1.179999999999999938e-01 6.493409999999999904e+00 3.651599999999999846e-01
5.000000000000000000e+01 1.179999999999999938e-01 6.494209999999999816e+00 3.654999999999999916e-01
5.100000000000000000e+01 1.179999999999999938e-01 6.494469999999999743e+00 3.658399999999999985e-01
5.200000000000000000e+01 1.179999999999999938e-01 6.494950000000000223e+00 3.662300000000000000e-01
5.300000000000000000e+01 1.179999999999999938e-01 6.495770000000000266e+00 3.666800000000000059e-01
5.400000000000000000e+01 1.179999999999999938e-01 6.497270000000000323e+00 3.671400000000000219e-01
5.500000000000000000e+01 1.179999999999999938e-01 6.500020000000000131e+00 3.673799999999999844e-01
5.600000000000000000e+01 1.739999999999999880e-01 9.486230000000000828e+00 5.006399999999999739e-01
5.700000000000000000e+01 1.179999999999999938e-01 6.511009999999999742e+00 3.677699999999999858e-01
5.800000000000000000e+01 1.179999999999999938e-01 6.516000000000000014e+00 3.679799999999999738e-01
5.900000000000000000e+01 1.179999999999999938e-01 6.522409999999999819e+00 3.681800000000000073e-01
6.000000000000000000e+01 1.179999999999999938e-01 6.525809999999999889e+00 3.684899999999999842e-01
6.100000000000000000e+01 1.179999999999999938e-01 6.529729999999999812e+00 3.687900000000000067e-01
6.200000000000000000e+01 1.179999999999999938e-01 6.534019999999999939e+00 3.689600000000000102e-01
6.300000000000000000e+01 1.179999999999999938e-01 6.538330000000000197e+00 3.690200000000000147e-01
6.400000000000000000e+01 1.179999999999999938e-01 6.543230000000000324e+00 3.691900000000000182e-01
6.500000000000000000e+01 1.179999999999999938e-01 6.548989999999999867e+00 3.693199999999999816e-01
6.600000000000000000e+01 1.739999999999999880e-01 9.535949999999999704e+00 4.857400000000000051e-01
6.700000000000000000e+01 1.179999999999999938e-01 6.558639999999999581e+00 3.694700000000000206e-01
6.800000000000000000e+01 1.179999999999999938e-01 6.564689999999999692e+00 3.695499999999999896e-01
6.900000000000000000e+01 1.739999999999999880e-01 9.551159999999999428e+00 4.805900000000000172e-01
7.000000000000000000e+01 1.179999999999999938e-01 6.577709999999999724e+00 3.698400000000000021e-01
7.100000000000000000e+01 1.739999999999999880e-01 9.561040000000000205e+00 4.772399999999999975e-01
7.200000000000000000e+01 1.179999999999999938e-01 6.591809999999999725e+00 3.697099999999999831e-01
7.300000000000000000e+01 1.739999999999999880e-01 9.574830000000000396e+00 4.727799999999999780e-01
7.400000000000000000e+01 1.739999999999999880e-01 9.581519999999999371e+00 4.706400000000000028e-01
7.500000000000000000e+01 1.739999999999999880e-01 9.588020000000000209e+00 4.685300000000000020e-01
7.600000000000000000e+01 1.179999999999999938e-01 6.625130000000000408e+00 3.694100000000000161e-01
7.700000000000000000e+01 1.739999999999999880e-01 9.598399999999999821e+00 4.642600000000000060e-01
7.800000000000000000e+01 1.739999999999999880e-01 9.602190000000000225e+00 4.623700000000000032e-01
7.900000000000000000e+01 1.739999999999999880e-01 9.606410000000000338e+00 4.604199999999999959e-01
8.000000000000000000e+01 1.739999999999999880e-01 9.611319999999999197e+00 4.582399999999999807e-01
8.100000000000000000e+01 1.739999999999999880e-01 9.615309999999999135e+00 4.561399999999999899e-01
8.200000000000000000e+01 1.739999999999999880e-01 9.618919999999999249e+00 4.539300000000000002e-01
8.300000000000000000e+01 1.739999999999999880e-01 9.622859999999999303e+00 4.517200000000000104e-01
8.400000000000000000e+01 1.739999999999999880e-01 9.624829999999999330e+00 4.498599999999999821e-01
8.500000000000000000e+01 1.739999999999999880e-01 9.627829999999999444e+00 4.478599999999999803e-01
8.600000000000000000e+01 1.739999999999999880e-01 9.632239999999999469e+00 4.456800000000000206e-01
8.700000000000000000e+01 1.739999999999999880e-01 9.634869999999999379e+00 4.437900000000000178e-01
8.800000000000000000e+01 1.739999999999999880e-01 9.638009999999999522e+00 4.417699999999999960e-01
8.900000000000000000e+01 1.739999999999999880e-01 9.639820000000000277e+00 4.398799999999999932e-01
9.000000000000000000e+01 1.739999999999999880e-01 9.642049999999999343e+00 4.379399999999999959e-01
9.100000000000000000e+01 1.739999999999999880e-01 9.644640000000000768e+00 4.359199999999999742e-01
9.200000000000000000e+01 1.739999999999999880e-01 9.645070000000000476e+00 4.341300000000000159e-01
9.300000000000000000e+01 1.739999999999999880e-01 9.646280000000000854e+00 4.322500000000000231e-01
9.400000000000000000e+01 1.739999999999999880e-01 9.647230000000000416e+00 4.303899999999999948e-01
9.500000000000000000e+01 1.739999999999999880e-01 9.648569999999999425e+00 4.284399999999999875e-01
9.600000000000000000e+01 1.739999999999999880e-01 9.650399999999999423e+00 4.263899999999999912e-01
9.700000000000000000e+01 1.739999999999999880e-01 9.650949999999999918e+00 4.246699999999999919e-01
9.800000000000000000e+01 1.739999999999999880e-01 9.652219999999999800e+00 4.228399999999999936e-01
9.900000000000000000e+01 1.739999999999999880e-01 9.652789999999999537e+00 4.211199999999999943e-01
1.000000000000000000e+02 1.739999999999999880e-01 9.653130000000000877e+00 4.194399999999999795e-01
1.010000000000000000e+02 1.739999999999999880e-01 9.653399999999999537e+00 4.178200000000000247e-01
1.020000000000000000e+02 1.739999999999999880e-01 9.653919999999999391e+00 4.161299999999999999e-01
1.030000000000000000e+02 1.739999999999999880e-01 9.653930000000000788e+00 4.145499999999999741e-01
1.040000000000000000e+02 1.739999999999999880e-01 9.654130000000000322e+00 4.129700000000000037e-01
1.050000000000000000e+02 1.739999999999999880e-01 9.653380000000000294e+00 4.115599999999999814e-01
1.060000000000000000e+02 1.739999999999999880e-01 9.652810000000000556e+00 4.101099999999999746e-01
1.070000000000000000e+02 1.739999999999999880e-01 9.652570000000000761e+00 4.086199999999999832e-01
1.080000000000000000e+02 1.739999999999999880e-01 9.651350000000000762e+00 4.072799999999999754e-01
1.090000000000000000e+02 1.739999999999999880e-01 9.650750000000000384e+00 4.058300000000000241e-01
1.100000000000000000e+02 1.739999999999999880e-01 9.649319999999999453e+00 4.044699999999999962e-01
1.110000000000000000e+02 1.739999999999999880e-01 9.647769999999999513e+00 4.031100000000000239e-01
1.120000000000000000e+02 1.739999999999999880e-01 9.645970000000000155e+00 4.017899999999999805e-01
1.130000000000000000e+02 1.739999999999999880e-01 9.644600000000000506e+00 4.004199999999999982e-01
1.140000000000000000e+02 1.739999999999999880e-01 9.643079999999999430e+00 3.990799999999999903e-01
1.150000000000000000e+02 1.739999999999999880e-01 9.641199999999999548e+00 3.978599999999999914e-01
1.160000000000000000e+02 1.739999999999999880e-01 9.639709999999999113e+00 3.966100000000000181e-01
1.170000000000000000e+02 1.739999999999999880e-01 9.638149999999999551e+00 3.954300000000000037e-01
1.180000000000000000e+02 1.739999999999999880e-01 9.635529999999999262e+00 3.944300000000000028e-01
1.190000000000000000e+02 1.739999999999999880e-01 9.634190000000000254e+00 3.931899999999999840e-01
1.200000000000000000e+02 1.739999999999999880e-01 9.632759999999999323e+00 3.920100000000000251e-01
