1.000000000000000000e+00 1.940000000000000058e-01 7.696979999999999933e+00 5.532899999999999485e-01
2.000000000000000000e+00 -1.000000000000000000e+00 -1.000000000000000000e+00 0.000000000000000000e+00
3.000000000000000000e+00 -1.000000000000000000e+00 -1.000000000000000000e+00 0.000000000000000000e+00
4.000000000000000000e+00 -1.000000000000000000e+00 -1.000000000000000000e+00 0.000000000000000000e+00
5.000000000000000000e+00 -1.000000000000000000e+00 -1.000000000000000000e+00 0.000000000000000000e+00
6.000000000000000000e+00 -1.000000000000000000e+00 -1.000000000000000000e+00 0.000000000000000000e+00
7.000000000000000000e+00 -1.000000000000000000e+00 -1.000000000000000000e+00 0.000000000000000000e+00
8.000000000000000000e+00 -1.000000000000000000e+00 -1.000000000000000000e+00 0.000000000000000000e+00
9.000000000000000000e+00 -1.000000000000000000e+00 -1.000000000000000000e+00 0.000000000000000000e+00
1.000000000000000000e+01 2.079999999999999905e-01 6.792239999999999611e+00 8.909999999999999518e-03
1.100000000000000000e+01 1.940000000000000058e-01 6.689070000000000071e+00 1.078299999999999953e-01
1.200000000000000000e+01 1.809999999999999942e-01 6.627100000000000435e+00 1.448299999999999865e-01
1.300000000000000000e+01 1.809999999999999942e-01 6.573010000000000019e+00 1.666100000000000081e-01
1.400000000000000000e+01 1.739999999999999880e-01 6.480500000000000149e+00 2.004299999999999971e-01
1.500000000000000000e+01 1.739999999999999880e-01 6.415320000000000356e+00 2.227200000000000013e-01
1.600000000000000000e+01 1.670000000000000095e-01 6.345659999999999634e+00 2.530200000000000227e-01
1.700000000000000000e+01 1.600000000000000033e-01 6.287379999999999747e+00 2.828999999999999848e-01
1.800000000000000000e+01 1.670000000000000095e-01 6.266720000000000290e+00 2.982400000000000051e-01
1.900000000000000000e+01 1.739999999999999880e-01 6.254970000000000141e+00 3.095800000000000218e-01
2.000000000000000000e+01 1.809999999999999942e-01 6.239790000000000170e+00 3.144100000000000228e-01
2.100000000000000000e+01 1.809999999999999942e-01 6.223019999999999996e+00 3.162800000000000056e-01
2.200000000000000000e+01 1.880000000000000004e-01 6.209109999999999907e+00 3.164299999999999891e-01
2.300000000000000000e+01 1.880000000000000004e-01 6.215329999999999799e+00 3.175799999999999734e-01
2.400000000000000000e+01 1.880000000000000004e-01 6.219039999999999679e+00 3.173599999999999755e-01
2.500000000000000000e+01 1.869999999999999996e-01 6.220060000000000144e+00 3.170000000000000040e-01
2.600000000000000000e+01 1.880000000000000004e-01 6.224090000000000344e+00 3.173799999999999955e-01
2.700000000000000000e+01 1.880000000000000004e-01 6.228559999999999874e+00 3.167900000000000160e-01
2.800000000000000000e+01 1.880000000000000004e-01 6.236189999999999678e+00 3.161999999999999811e-01
2.900000000000000000e+01 1.880000000000000004e-01 6.245940000000000047e+00 3.149899999999999922e-01
3.000000000000000000e+01 1.869999999999999996e-01 6.260710000000000441e+00 3.140200000000000213e-01
3.100000000000000000e+01 1.869999999999999996e-01 6.277919999999999945e+00 3.132400000000000184e-01
3.200000000000000000e+01 1.869999999999999996e-01 6.305489999999999817e+00 3.133299999999999974e-01
3.300000000000000000e+01 1.869999999999999996e-01 6.329299999999999926e+00 3.131599999999999939e-01
3.400000000000000000e+01 1.869999999999999996e-01 6.356410000000000338e+00 3.125600000000000045e-01
3.500000000000000000e+01 1.869999999999999996e-01 6.383169999999999789e+00 3.114999999999999991e-01
3.600000000000000000e+01 1.869999999999999996e-01 6.401469999999999771e+00 3.090700000000000114e-01
3.700000000000000000e+01 1.809999999999999942e-01 6.416879999999999917e+00 3.060100000000000042e-01
3.800000000000000000e+01 1.809999999999999942e-01 6.430900000000000283e+00 3.026200000000000001e-01
3.900000000000000000e+01 1.739999999999999880e-01 6.450199999999999712e+00 2.992400000000000060e-01
4.000000000000000000e+01 1.739999999999999880e-01 6.767260000000000275e+00 3.052400000000000113e-01
4.100000000000000000e+01 1.600000000000000033e-01 9.114269999999999428e+00 3.121300000000000185e-01
4.200000000000000000e+01 1.459999999999999909e-01 9.189280000000000115e+00 3.106999999999999762e-01
4.300000000000000000e+01 1.600000000000000033e-01 9.124129999999999185e+00 3.091700000000000004e-01
4.400000000000000000e+01 1.670000000000000095e-01 9.043210000000000193e+00 3.077900000000000080e-01
4.500000000000000000e+01 1.670000000000000095e-01 8.980050000000000310e+00 3.064899999999999847e-01
4.600000000000000000e+01 1.670000000000000095e-01 8.932760000000000034e+00 3.056200000000000028e-01
4.700000000000000000e+01 1.670000000000000095e-01 8.915680000000000049e+00 3.051200000000000023e-01
4.800000000000000000e+01 1.670000000000000095e-01 8.933939999999999770e+00 3.047400000000000109e-01
4.900000000000000000e+01 1.670000000000000095e-01 8.941480000000000317e+00 3.041699999999999959e-01
5.000000000000000000e+01 1.670000000000000095e-01 8.940619999999999123e+00 3.032400000000000095e-01
5.100000000000000000e+01 1.670000000000000095e-01 8.928029999999999688e+00 3.025100000000000011e-01
5.200000000000000000e+01 1.670000000000000095e-01 8.910379999999999967e+00 3.019399999999999862e-01
5.300000000000000000e+01 1.670000000000000095e-01 8.893909999999999982e+00 3.014200000000000212e-01
5.400000000000000000e+01 1.600000000000000033e-01 8.893850000000000477e+00 3.013000000000000123e-01
5.500000000000000000e+01 1.600000000000000033e-01 8.886950000000000571e+00 3.012799999999999923e-01
5.600000000000000000e+01 1.600000000000000033e-01 8.880630000000000024e+00 3.012400000000000078e-01
5.700000000000000000e+01 1.600000000000000033e-01 8.871850000000000236e+00 3.011800000000000033e-01
5.800000000000000000e+01 1.600000000000000033e-01 8.868380000000000152e+00 3.010800000000000143e-01
5.900000000000000000e+01 1.600000000000000033e-01 8.867599999999999483e+00 3.009100000000000108e-01
6.000000000000000000e+01 1.600000000000000033e-01 8.867680000000000007e+00 3.007099999999999773e-01
6.100000000000000000e+01 1.600000000000000033e-01 8.867580000000000240e+00 3.004600000000000048e-01
6.200000000000000000e+01 1.600000000000000033e-01 8.865809999999999746e+00 3.001300000000000079e-01
6.300000000000000000e+01 1.600000000000000033e-01 8.860939999999999372e+00 2.997799999999999909e-01
6.400000000000000000e+01 1.600000000000000033e-01 8.856619999999999493e+00 2.992799999999999905e-01
6.500000000000000000e+01 1.600000000000000033e-01 8.852140000000000342e+00 2.987299999999999955e-01
6.600000000000000000e+01 1.600000000000000033e-01 8.846859999999999502e+00 2.982799999999999896e-01
6.700000000000000000e+01 1.600000000000000033e-01 8.844200000000000728e+00 2.975900000000000212e-01
6.800000000000000000e+01 1.600000000000000033e-01 8.842729999999999535e+00 2.968000000000000083e-01
6.900000000000000000e+01 1.600000000000000033e-01 8.840239999999999654e+00 2.960200000000000053e-01
7.000000000000000000e+01 1.600000000000000033e-01 8.837889999999999802e+00 2.951699999999999879e-01
7.100000000000000000e+01 1.600000000000000033e-01 8.836740000000000705e+00 2.942799999999999860e-01
7.200000000000000000e+01 1.600000000000000033e-01 8.834080000000000155e+00 2.933999999999999941e-01
7.300000000000000000e+01 1.600000000000000033e-01 8.833159999999999457e+00 2.924700000000000077e-01
7.400000000000000000e+01 1.600000000000000033e-01 8.835689999999999600e+00 2.915300000000000114e-01
7.500000000000000000e+01 1.600000000000000033e-01 8.843809999999999505e+00 2.903800000000000270e-01
7.600000000000000000e+01 1.600000000000000033e-01 8.852180000000000604e+00 2.890599999999999836e-01
7.700000000000000000e+01 1.600000000000000033e-01 8.859410000000000451e+00 2.877700000000000258e-01
7.800000000000000000e+01 1.600000000000000033e-01 8.866640000000000299e+00 2.865400000000000169e-01
7.900000000000000000e+01 1.600000000000000033e-01 8.873469999999999303e+00 2.853700000000000125e-01
8.000000000000000000e+01 1.600000000000000033e-01 8.882120000000000459e+00 2.842999999999999972e-01
8.100000000000000000e+01 1.600000000000000033e-01 8.896549999999999514e+00 2.833999999999999853e-01
8.200000000000000000e+01 1.600000000000000033e-01 8.914369999999999905e+00 2.825799999999999979e-01
8.300000000000000000e+01 1.600000000000000033e-01 8.932840000000000558e+00 2.817600000000000104e-01
8.400000000000000000e+01 1.600000000000000033e-01 8.949389999999999290e+00 2.809499999999999775e-01
8.500000000000000000e+01 1.600000000000000033e-01 8.965350000000000819e+00 2.801699999999999746e-01
8.600000000000000000e+01 1.600000000000000033e-01 8.989620000000000388e+00 2.795000000000000262e-01
8.700000000000000000e+01 1.600000000000000033e-01 9.032610000000000028e+00 2.791699999999999737e-01
8.800000000000000000e+01 1.600000000000000033e-01 9.075269999999999726e+00 2.788300000000000223e-01
8.900000000000000000e+01 1.600000000000000033e-01 9.117039999999999367e+00 2.785500000000000198e-01
9.000000000000000000e+01 1.600000000000000033e-01 9.156750000000000611e+00 2.784300000000000108e-01
9.100000000000000000e+01 1.600000000000000033e-01 9.197549999999999670e+00 2.783999999999999808e-01
9.200000000000000000e+01 1.600000000000000033e-01 9.237420000000000186e+00 2.783800000000000163e-01
9.300000000000000000e+01 1.600000000000000033e-01 9.265219999999999345e+00 2.786500000000000088e-01
9.400000000000000000e+01 1.600000000000000033e-01 9.289059999999999206e+00 2.791399999999999992e-01
9.500000000000000000e+01 1.600000000000000033e-01 9.314489999999999270e+00 2.796699999999999742e-01
9.600000000000000000e+01 1.600000000000000033e-01 9.341150000000000730e+00 2.802000000000000046e-01
9.700000000000000000e+01 1.600000000000000033e-01 9.369450000000000500e+00 2.807299999999999796e-01
9.800000000000000000e+01 1.600000000000000033e-01 9.398020000000000707e+00 2.812500000000000000e-01
9.900000000000000000e+01 1.600000000000000033e-01 9.429330000000000211e+00 2.817000000000000060e-01
1.000000000000000000e+02 1.600000000000000033e-01 9.461999999999999744e+00 2.822200000000000264e-01
1.010000000000000000e+02 1.600000000000000033e-01 9.493610000000000326e+00 2.827100000000000168e-01
1.020000000000000000e+02 1.600000000000000033e-01 9.524710000000000676e+00 2.831899999999999973e-01
1.030000000000000000e+02 1.600000000000000033e-01 9.555759999999999366e+00 2.836799999999999877e-01
1.040000000000000000e+02 1.600000000000000033e-01 9.588070000000000093e+00 2.841500000000000137e-01
1.050000000000000000e+02 1.600000000000000033e-01 9.623630000000000351e+00 2.847799999999999776e-01
1.060000000000000000e+02 1.600000000000000033e-01 9.659480000000000288e+00 2.853700000000000125e-01
1.070000000000000000e+02 1.600000000000000033e-01 9.701859999999999928e+00 2.860900000000000110e-01
1.080000000000000000e+02 1.600000000000000033e-01 9.749719999999999942e+00 2.869300000000000184e-01
1.090000000000000000e+02 1.600000000000000033e-01 9.801149999999999807e+00 2.879300000000000193e-01
1.100000000000000000e+02 1.600000000000000033e-01 9.853809999999999292e+00 2.889200000000000101e-01
1.110000000000000000e+02 1.600000000000000033e-01 9.907799999999999940e+00 2.899499999999999855e-01
1.120000000000000000e+02 1.600000000000000033e-01 9.966260000000000119e+00 2.912799999999999834e-01
1.130000000000000000e+02 1.600000000000000033e-01 1.002647999999999939e+01 2.926900000000000057e-01
1.140000000000000000e+02 1.600000000000000033e-01 1.008727000000000018e+01 2.941199999999999926e-01
1.150000000000000000e+02 -1.000000000000000000e+00 -1.000000000000000000e+00 0.000000000000000000e+00
1.160000000000000000e+02 -1.000000000000000000e+00 -1.000000000000000000e+00 0.000000000000000000e+00
1.170000000000000000e+02 -1.000000000000000000e+00 -1.000000000000000000e+00 0.000000000000000000e+00
1.180000000000000000e+02 -1.000000000000000000e+00 -1.000000000000000000e+00 0.000000000000000000e+00
1.190000000000000000e+02 -1.000000000000000000e+00 -1.000000000000000000e+00 0.000000000000000000e+00
1.200000000000000000e+02 -1.000000000000000000e+00 -1.000000000000000000e+00 0.000000000000000000e+00
