1.000000000000000000e+00 1.250000000000000000e-01 5.188889999999999780e+00 6.646499999999999631e-01
2.000000000000000000e+00 1.320000000000000062e-01 4.967410000000000103e+00 7.323899999999999855e-01
3.000000000000000000e+00 1.390000000000000124e-01 4.864889999999999937e+00 7.680099999999999705e-01
4.000000000000000000e+00 1.390000000000000124e-01 4.824460000000000193e+00 7.672999999999999821e-01
5.000000000000000000e+00 1.390000000000000124e-01 4.797679999999999723e+00 7.563999999999999613e-01
6.000000000000000000e+00 1.390000000000000124e-01 4.781399999999999650e+00 7.469500000000000028e-01
7.000000000000000000e+00 1.459999999999999909e-01 4.770710000000000228e+00 7.403199999999999781e-01
8.000000000000000000e+00 1.390000000000000124e-01 4.804759999999999920e+00 7.281999999999999584e-01
9.000000000000000000e+00 1.529999999999999971e-01 6.983399999999999608e+00 2.772299999999999764e-01
1.000000000000000000e+01 1.529999999999999971e-01 6.866450000000000387e+00 2.922000000000000153e-01
1.100000000000000000e+01 1.529999999999999971e-01 6.770389999999999908e+00 3.009399999999999853e-01
1.200000000000000000e+01 1.600000000000000033e-01 6.685410000000000075e+00 3.054499999999999993e-01
1.300000000000000000e+01 1.529999999999999971e-01 6.593639999999999723e+00 3.106200000000000072e-01
1.400000000000000000e+01 1.459999999999999909e-01 6.520529999999999937e+00 3.167800000000000060e-01
1.500000000000000000e+01 1.459999999999999909e-01 6.478760000000000296e+00 3.262800000000000145e-01
1.600000000000000000e+01 1.459999999999999909e-01 6.474969999999999892e+00 3.375199999999999867e-01
1.700000000000000000e+01 1.459999999999999909e-01 6.514789999999999637e+00 3.511500000000000177e-01
1.800000000000000000e+01 1.390000000000000124e-01 6.574659999999999727e+00 3.652400000000000091e-01
1.900000000000000000e+01 1.459999999999999909e-01 6.726969999999999672e+00 3.876399999999999846e-01
2.000000000000000000e+01 1.390000000000000124e-01 6.880029999999999646e+00 4.089200000000000057e-01
2.100000000000000000e+01 1.390000000000000124e-01 7.035230000000000317e+00 4.295900000000000274e-01
2.200000000000000000e+01 1.390000000000000124e-01 7.169590000000000352e+00 4.470500000000000029e-01
2.300000000000000000e+01 1.110000000000000014e-01 4.525409999999999933e+00 6.799899999999999833e-01
2.400000000000000000e+01 1.110000000000000014e-01 4.597620000000000040e+00 6.877199999999999980e-01
2.500000000000000000e+01 1.670000000000000095e-01 5.244110000000000049e+00 7.919800000000000173e-01
2.600000000000000000e+01 1.670000000000000095e-01 5.308989999999999654e+00 7.894799999999999596e-01
2.700000000000000000e+01 1.670000000000000095e-01 5.340729999999999755e+00 7.886400000000000077e-01
2.800000000000000000e+01 1.670000000000000095e-01 5.360420000000000407e+00 7.890399999999999636e-01
2.900000000000000000e+01 1.670000000000000095e-01 5.371929999999999872e+00 7.901799999999999935e-01
3.000000000000000000e+01 1.670000000000000095e-01 5.377259999999999707e+00 7.917100000000000248e-01
3.100000000000000000e+01 1.670000000000000095e-01 5.386700000000000266e+00 7.926199999999999912e-01
3.200000000000000000e+01 1.390000000000000124e-01 8.037319999999999354e+00 5.690699999999999648e-01
3.300000000000000000e+01 1.390000000000000124e-01 8.031449999999999534e+00 5.712000000000000410e-01
3.400000000000000000e+01 1.390000000000000124e-01 8.023540000000000560e+00 5.734099999999999753e-01
3.500000000000000000e+01 1.390000000000000124e-01 8.019059999999999633e+00 5.750899999999999901e-01
3.600000000000000000e+01 1.390000000000000124e-01 8.013500000000000512e+00 5.767600000000000504e-01
3.700000000000000000e+01 1.390000000000000124e-01 8.006729999999999237e+00 5.784099999999999797e-01
3.800000000000000000e+01 1.390000000000000124e-01 8.002620000000000289e+00 5.802199999999999580e-01
3.900000000000000000e+01 1.390000000000000124e-01 7.995560000000000223e+00 5.821100000000000163e-01
4.000000000000000000e+01 1.390000000000000124e-01 7.989530000000000243e+00 5.838100000000000511e-01
4.100000000000000000e+01 1.390000000000000124e-01 7.987770000000000259e+00 5.855599999999999694e-01
4.200000000000000000e+01 1.390000000000000124e-01 7.986189999999999678e+00 5.871600000000000152e-01
4.300000000000000000e+01 1.320000000000000062e-01 7.982059999999999711e+00 5.887799999999999701e-01
4.400000000000000000e+01 1.600000000000000033e-01 7.281539999999999679e+00 6.190400000000000347e-01
4.500000000000000000e+01 1.320000000000000062e-01 7.974330000000000140e+00 5.918099999999999472e-01
4.600000000000000000e+01 1.600000000000000033e-01 7.240370000000000417e+00 6.159799999999999720e-01
4.700000000000000000e+01 1.320000000000000062e-01 7.971879999999999633e+00 5.940600000000000325e-01
4.800000000000000000e+01 1.600000000000000033e-01 7.158559999999999590e+00 6.069999999999999840e-01
4.900000000000000000e+01 1.320000000000000062e-01 7.974809999999999732e+00 5.964899999999999647e-01
5.000000000000000000e+01 1.600000000000000033e-01 7.082819999999999894e+00 5.968799999999999661e-01
5.100000000000000000e+01 1.600000000000000033e-01 7.043499999999999872e+00 5.912399999999999878e-01
5.200000000000000000e+01 1.600000000000000033e-01 6.995079999999999742e+00 5.837400000000000366e-01
5.300000000000000000e+01 1.600000000000000033e-01 6.953140000000000320e+00 5.767099999999999449e-01
5.400000000000000000e+01 1.600000000000000033e-01 6.913669999999999760e+00 5.697200000000000042e-01
5.500000000000000000e+01 1.600000000000000033e-01 6.871109999999999829e+00 5.626700000000000035e-01
5.600000000000000000e+01 1.670000000000000095e-01 6.831649999999999778e+00 5.565200000000000147e-01
5.700000000000000000e+01 1.670000000000000095e-01 6.798989999999999867e+00 5.516799999999999482e-01
5.800000000000000000e+01 1.670000000000000095e-01 6.775439999999999685e+00 5.489699999999999580e-01
5.900000000000000000e+01 1.670000000000000095e-01 6.757520000000000415e+00 5.476299999999999502e-01
6.000000000000000000e+01 1.670000000000000095e-01 6.741640000000000299e+00 5.467600000000000238e-01
6.100000000000000000e+01 1.670000000000000095e-01 6.727890000000000370e+00 5.464700000000000113e-01
6.200000000000000000e+01 1.670000000000000095e-01 6.717089999999999783e+00 5.467600000000000238e-01
6.300000000000000000e+01 1.670000000000000095e-01 6.708179999999999588e+00 5.478399999999999936e-01
6.400000000000000000e+01 1.670000000000000095e-01 6.700230000000000352e+00 5.493200000000000305e-01
6.500000000000000000e+01 1.670000000000000095e-01 6.693399999999999572e+00 5.513000000000000123e-01
6.600000000000000000e+01 1.739999999999999880e-01 6.686849999999999739e+00 5.538800000000000390e-01
6.700000000000000000e+01 1.739999999999999880e-01 6.681160000000000210e+00 5.565400000000000347e-01
6.800000000000000000e+01 1.739999999999999880e-01 6.676190000000000069e+00 5.593000000000000194e-01
6.900000000000000000e+01 1.739999999999999880e-01 6.671969999999999956e+00 5.621199999999999530e-01
7.000000000000000000e+01 1.739999999999999880e-01 6.668599999999999639e+00 5.650399999999999867e-01
7.100000000000000000e+01 1.739999999999999880e-01 6.665799999999999947e+00 5.681500000000000439e-01
7.200000000000000000e+01 1.739999999999999880e-01 6.663649999999999629e+00 5.712800000000000100e-01
7.300000000000000000e+01 1.739999999999999880e-01 6.661590000000000344e+00 5.744000000000000217e-01
7.400000000000000000e+01 1.739999999999999880e-01 6.659930000000000128e+00 5.774899999999999478e-01
7.500000000000000000e+01 1.739999999999999880e-01 6.759610000000000340e+00 6.027200000000000335e-01
7.600000000000000000e+01 1.739999999999999880e-01 6.658269999999999911e+00 5.837900000000000311e-01
7.700000000000000000e+01 1.739999999999999880e-01 6.658470000000000333e+00 5.869100000000000428e-01
7.800000000000000000e+01 1.739999999999999880e-01 6.659329999999999750e+00 5.899699999999999944e-01
7.900000000000000000e+01 1.739999999999999880e-01 6.660319999999999574e+00 5.929900000000000171e-01
8.000000000000000000e+01 1.809999999999999942e-01 6.661819999999999631e+00 5.958900000000000308e-01
8.100000000000000000e+01 1.809999999999999942e-01 6.663549999999999862e+00 5.982600000000000140e-01
8.200000000000000000e+01 1.809999999999999942e-01 6.665429999999999744e+00 5.999799999999999578e-01
8.300000000000000000e+01 1.809999999999999942e-01 6.667489999999999917e+00 6.016700000000000381e-01
8.400000000000000000e+01 1.809999999999999942e-01 6.669669999999999987e+00 6.032899999999999929e-01
8.500000000000000000e+01 1.809999999999999942e-01 6.672080000000000233e+00 6.048599999999999532e-01
8.600000000000000000e+01 1.809999999999999942e-01 6.674680000000000391e+00 6.063399999999999901e-01
8.700000000000000000e+01 1.809999999999999942e-01 6.677139999999999631e+00 6.078000000000000069e-01
8.800000000000000000e+01 1.809999999999999942e-01 6.679929999999999701e+00 6.091999999999999638e-01
8.900000000000000000e+01 1.809999999999999942e-01 6.683550000000000324e+00 6.107000000000000206e-01
9.000000000000000000e+01 1.809999999999999942e-01 6.687660000000000160e+00 6.120400000000000285e-01
9.100000000000000000e+01 1.809999999999999942e-01 6.692099999999999937e+00 6.132100000000000328e-01
9.200000000000000000e+01 1.809999999999999942e-01 6.696799999999999642e+00 6.142999999999999572e-01
9.300000000000000000e+01 1.809999999999999942e-01 6.699360000000000426e+00 6.156300000000000106e-01
9.400000000000000000e+01 1.809999999999999942e-01 6.700009999999999799e+00 6.171400000000000219e-01
9.500000000000000000e+01 1.809999999999999942e-01 6.694130000000000358e+00 6.187200000000000477e-01
9.600000000000000000e+01 1.809999999999999942e-01 6.687020000000000408e+00 6.202499999999999680e-01
9.700000000000000000e+01 1.809999999999999942e-01 6.581830000000000069e+00 6.205300000000000260e-01
9.800000000000000000e+01 1.809999999999999942e-01 6.671529999999999738e+00 6.227500000000000258e-01
9.900000000000000000e+01 1.809999999999999942e-01 6.662079999999999558e+00 6.238200000000000411e-01
1.000000000000000000e+02 1.739999999999999880e-01 6.652319999999999567e+00 6.247399999999999620e-01
1.010000000000000000e+02 1.739999999999999880e-01 6.642830000000000013e+00 6.253800000000000470e-01
1.020000000000000000e+02 1.739999999999999880e-01 6.633399999999999963e+00 6.257399999999999629e-01
1.030000000000000000e+02 1.739999999999999880e-01 6.624060000000000059e+00 6.259500000000000064e-01
1.040000000000000000e+02 1.739999999999999880e-01 6.614939999999999820e+00 6.259799999999999809e-01
1.050000000000000000e+02 1.739999999999999880e-01 6.606110000000000149e+00 6.258099999999999774e-01
1.060000000000000000e+02 1.739999999999999880e-01 6.597520000000000273e+00 6.254399999999999959e-01
1.070000000000000000e+02 1.809999999999999942e-01 6.544990000000000308e+00 6.236000000000000432e-01
1.080000000000000000e+02 1.809999999999999942e-01 6.541850000000000165e+00 6.238599999999999701e-01
1.090000000000000000e+02 1.809999999999999942e-01 6.538890000000000313e+00 6.240999999999999881e-01
1.100000000000000000e+02 1.809999999999999942e-01 6.536010000000000097e+00 6.243199999999999861e-01
1.110000000000000000e+02 1.739999999999999880e-01 6.557199999999999918e+00 6.219799999999999773e-01
1.120000000000000000e+02 1.739999999999999880e-01 6.549509999999999721e+00 6.210599999999999454e-01
1.130000000000000000e+02 1.739999999999999880e-01 6.541999999999999815e+00 6.201699999999999990e-01
1.140000000000000000e+02 1.739999999999999880e-01 6.534950000000000259e+00 6.193999999999999506e-01
1.150000000000000000e+02 1.739999999999999880e-01 6.527770000000000294e+00 6.187799999999999967e-01
1.160000000000000000e+02 1.809999999999999942e-01 6.519319999999999560e+00 6.254499999999999504e-01
1.170000000000000000e+02 1.809999999999999942e-01 6.516449999999999854e+00 6.256099999999999994e-01
1.180000000000000000e+02 1.809999999999999942e-01 6.513729999999999798e+00 6.257800000000000029e-01
1.190000000000000000e+02 1.670000000000000095e-01 6.499799999999999578e+00 6.184300000000000352e-01
1.200000000000000000e+02 1.670000000000000095e-01 6.492379999999999818e+00 6.189500000000000002e-01
