1.000000000000000000e+00 1.110000000000000014e-01 6.447040000000000326e+00 3.669000000000000039e-01
2.000000000000000000e+00 1.110000000000000014e-01 6.462069999999999759e+00 3.467399999999999927e-01
3.000000000000000000e+00 1.459999999999999909e-01 6.452259999999999884e+00 2.646499999999999964e-01
4.000000000000000000e+00 1.459999999999999909e-01 6.360759999999999970e+00 2.004299999999999971e-01
5.000000000000000000e+00 1.529999999999999971e-01 6.249270000000000103e+00 1.063299999999999940e-01
6.000000000000000000e+00 -1.000000000000000000e+00 -1.000000000000000000e+00 0.000000000000000000e+00
7.000000000000000000e+00 -1.000000000000000000e+00 -1.000000000000000000e+00 0.000000000000000000e+00
8.000000000000000000e+00 -1.000000000000000000e+00 -1.000000000000000000e+00 0.000000000000000000e+00
9.000000000000000000e+00 -1.000000000000000000e+00 -1.000000000000000000e+00 0.000000000000000000e+00
1.000000000000000000e+01 -1.000000000000000000e+00 -1.000000000000000000e+00 0.000000000000000000e+00
1.100000000000000000e+01 -1.000000000000000000e+00 -1.000000000000000000e+00 0.000000000000000000e+00
1.200000000000000000e+01 -1.000000000000000000e+00 -1.000000000000000000e+00 0.000000000000000000e+00
1.300000000000000000e+01 2.010000000000000120e-01 5.897560000000000358e+00 7.539400000000000546e-01
1.400000000000000000e+01 -1.000000000000000000e+00 -1.000000000000000000e+00 0.000000000000000000e+00
1.500000000000000000e+01 -1.000000000000000000e+00 -1.000000000000000000e+00 0.000000000000000000e+00
1.600000000000000000e+01 -1.000000000000000000e+00 -1.000000000000000000e+00 0.000000000000000000e+00
1.700000000000000000e+01 -1.000000000000000000e+00 -1.000000000000000000e+00 0.000000000000000000e+00
1.800000000000000000e+01 -1.000000000000000000e+00 -1.000000000000000000e+00 0.000000000000000000e+00
1.900000000000000000e+01 2.010000000000000120e-01 5.927880000000000038e+00 7.629200000000000426e-01
2.000000000000000000e+01 -1.000000000000000000e+00 -1.000000000000000000e+00 0.000000000000000000e+00
2.100000000000000000e+01 2.010000000000000120e-01 5.914489999999999803e+00 7.697699999999999543e-01
2.200000000000000000e+01 2.010000000000000120e-01 5.868549999999999933e+00 7.793200000000000127e-01
2.300000000000000000e+01 2.010000000000000120e-01 5.819239999999999746e+00 7.903599999999999515e-01
2.400000000000000000e+01 1.250000000000000000e-01 3.529619999999999980e+00 4.392499999999999738e-01
2.500000000000000000e+01 1.250000000000000000e-01 3.554100000000000037e+00 4.423099999999999810e-01
2.600000000000000000e+01 2.010000000000000120e-01 5.724319999999999631e+00 8.269999999999999574e-01
2.700000000000000000e+01 2.010000000000000120e-01 5.724470000000000169e+00 8.417999999999999927e-01
2.800000000000000000e+01 1.250000000000000000e-01 3.621820000000000039e+00 4.479299999999999948e-01
2.900000000000000000e+01 1.250000000000000000e-01 3.644190000000000040e+00 4.490700000000000247e-01
3.000000000000000000e+01 1.250000000000000000e-01 3.665770000000000195e+00 4.502099999999999991e-01
3.100000000000000000e+01 1.250000000000000000e-01 3.688439999999999941e+00 4.512800000000000145e-01
3.200000000000000000e+01 1.250000000000000000e-01 3.712940000000000129e+00 4.523900000000000143e-01
3.300000000000000000e+01 1.250000000000000000e-01 3.737159999999999815e+00 4.534199999999999897e-01
3.400000000000000000e+01 1.250000000000000000e-01 3.760679999999999801e+00 4.546899999999999831e-01
3.500000000000000000e+01 1.250000000000000000e-01 3.783640000000000114e+00 4.559300000000000019e-01
3.600000000000000000e+01 1.250000000000000000e-01 3.805909999999999904e+00 4.571100000000000163e-01
3.700000000000000000e+01 1.250000000000000000e-01 3.827560000000000073e+00 4.582399999999999807e-01
3.800000000000000000e+01 1.250000000000000000e-01 3.848360000000000003e+00 4.594799999999999995e-01
3.900000000000000000e+01 1.250000000000000000e-01 3.868510000000000115e+00 4.607999999999999874e-01
4.000000000000000000e+01 1.250000000000000000e-01 3.887570000000000192e+00 4.621500000000000052e-01
4.100000000000000000e+01 1.250000000000000000e-01 3.906229999999999869e+00 4.635299999999999976e-01
4.200000000000000000e+01 1.179999999999999938e-01 3.924970000000000070e+00 4.648100000000000009e-01
4.300000000000000000e+01 1.179999999999999938e-01 3.944199999999999928e+00 4.658300000000000218e-01
4.400000000000000000e+01 1.880000000000000004e-01 8.500849999999999795e+00 5.035300000000000331e-01
4.500000000000000000e+01 1.179999999999999938e-01 3.981380000000000141e+00 4.679300000000000126e-01
4.600000000000000000e+01 1.179999999999999938e-01 3.999680000000000124e+00 4.691500000000000115e-01
4.700000000000000000e+01 1.179999999999999938e-01 4.017249999999999766e+00 4.703700000000000103e-01
4.800000000000000000e+01 1.809999999999999942e-01 8.475749999999999673e+00 5.050200000000000244e-01
4.900000000000000000e+01 1.179999999999999938e-01 4.051700000000000301e+00 4.727399999999999936e-01
5.000000000000000000e+01 1.179999999999999938e-01 4.068939999999999557e+00 4.738499999999999934e-01
5.100000000000000000e+01 1.880000000000000004e-01 8.460110000000000241e+00 5.061900000000000288e-01
5.200000000000000000e+01 1.179999999999999938e-01 4.103850000000000442e+00 4.759800000000000142e-01
5.300000000000000000e+01 1.179999999999999938e-01 4.122160000000000046e+00 4.769900000000000251e-01
5.400000000000000000e+01 1.179999999999999938e-01 4.140550000000000175e+00 4.776400000000000090e-01
5.500000000000000000e+01 1.880000000000000004e-01 8.440390000000000725e+00 5.085199999999999720e-01
5.600000000000000000e+01 1.880000000000000004e-01 8.435349999999999682e+00 5.092299999999999605e-01
5.700000000000000000e+01 1.179999999999999938e-01 4.198199999999999932e+00 4.791000000000000258e-01
5.800000000000000000e+01 1.880000000000000004e-01 8.424789999999999779e+00 5.110700000000000243e-01
5.900000000000000000e+01 1.179999999999999938e-01 4.236539999999999750e+00 4.796199999999999908e-01
6.000000000000000000e+01 1.880000000000000004e-01 8.412829999999999586e+00 5.135399999999999965e-01
6.100000000000000000e+01 2.010000000000000120e-01 8.406370000000000786e+00 5.149299999999999988e-01
6.200000000000000000e+01 2.010000000000000120e-01 8.400209999999999511e+00 5.162600000000000522e-01
6.300000000000000000e+01 2.010000000000000120e-01 8.394249999999999545e+00 5.175699999999999745e-01
6.400000000000000000e+01 2.010000000000000120e-01 8.388489999999999114e+00 5.188500000000000334e-01
6.500000000000000000e+01 2.010000000000000120e-01 8.383660000000000778e+00 5.201500000000000012e-01
6.600000000000000000e+01 1.179999999999999938e-01 4.356290000000000440e+00 4.815499999999999781e-01
6.700000000000000000e+01 1.179999999999999938e-01 4.372300000000000075e+00 4.817199999999999815e-01
6.800000000000000000e+01 2.010000000000000120e-01 8.370229999999999393e+00 5.239099999999999868e-01
6.900000000000000000e+01 2.010000000000000120e-01 8.366229999999999833e+00 5.250500000000000167e-01
7.000000000000000000e+01 1.179999999999999938e-01 4.417110000000000092e+00 4.824899999999999745e-01
7.100000000000000000e+01 1.940000000000000058e-01 8.357229999999999492e+00 5.275600000000000289e-01
7.200000000000000000e+01 1.179999999999999938e-01 4.444600000000000328e+00 4.831400000000000139e-01
7.300000000000000000e+01 1.940000000000000058e-01 8.348330000000000695e+00 5.300399999999999556e-01
7.400000000000000000e+01 2.010000000000000120e-01 8.344329999999999359e+00 5.311599999999999655e-01
7.500000000000000000e+01 2.010000000000000120e-01 8.340809999999999391e+00 5.323499999999999899e-01
7.600000000000000000e+01 2.010000000000000120e-01 8.337189999999999657e+00 5.335699999999999887e-01
7.700000000000000000e+01 2.010000000000000120e-01 8.333439999999999515e+00 5.348199999999999621e-01
7.800000000000000000e+01 2.010000000000000120e-01 8.329919999999999547e+00 5.360200000000000520e-01
7.900000000000000000e+01 2.010000000000000120e-01 8.326370000000000715e+00 5.371799999999999908e-01
8.000000000000000000e+01 2.010000000000000120e-01 8.323059999999999903e+00 5.383000000000000007e-01
8.100000000000000000e+01 2.010000000000000120e-01 8.320380000000000109e+00 5.394400000000000306e-01
8.200000000000000000e+01 2.010000000000000120e-01 8.318770000000000664e+00 5.407800000000000384e-01
8.300000000000000000e+01 2.010000000000000120e-01 8.317520000000000024e+00 5.421799999999999953e-01
8.400000000000000000e+01 2.010000000000000120e-01 8.316580000000000084e+00 5.434900000000000286e-01
8.500000000000000000e+01 2.010000000000000120e-01 8.317959999999999354e+00 5.451099999999999834e-01
8.600000000000000000e+01 2.010000000000000120e-01 8.319639999999999702e+00 5.467199999999999838e-01
8.700000000000000000e+01 2.010000000000000120e-01 8.320489999999999498e+00 5.485400000000000276e-01
8.800000000000000000e+01 2.010000000000000120e-01 8.322309999999999874e+00 5.503500000000000059e-01
8.900000000000000000e+01 2.010000000000000120e-01 8.323859999999999815e+00 5.521000000000000352e-01
9.000000000000000000e+01 2.010000000000000120e-01 8.325189999999999202e+00 5.537499999999999645e-01
9.100000000000000000e+01 2.079999999999999905e-01 8.326050000000000395e+00 5.552899999999999503e-01
9.200000000000000000e+01 2.079999999999999905e-01 8.326869999999999550e+00 5.568600000000000216e-01
9.300000000000000000e+01 2.079999999999999905e-01 8.327799999999999869e+00 5.583599999999999675e-01
9.400000000000000000e+01 2.079999999999999905e-01 8.328720000000000567e+00 5.598699999999999788e-01
9.500000000000000000e+01 2.079999999999999905e-01 8.329909999999999926e+00 5.613700000000000356e-01
9.600000000000000000e+01 2.079999999999999905e-01 8.331450000000000244e+00 5.629300000000000415e-01
9.700000000000000000e+01 2.079999999999999905e-01 8.333239999999999981e+00 5.643899999999999473e-01
9.800000000000000000e+01 2.079999999999999905e-01 8.335029999999999717e+00 5.658400000000000096e-01
9.900000000000000000e+01 2.079999999999999905e-01 8.337300000000000821e+00 5.672300000000000120e-01
1.000000000000000000e+02 2.079999999999999905e-01 8.340090000000000003e+00 5.685999999999999943e-01
1.010000000000000000e+02 2.010000000000000120e-01 8.342639999999999390e+00 5.699699999999999767e-01
1.020000000000000000e+02 2.010000000000000120e-01 8.345150000000000290e+00 5.713300000000000045e-01
1.030000000000000000e+02 2.010000000000000120e-01 8.347469999999999501e+00 5.726400000000000379e-01
1.040000000000000000e+02 2.010000000000000120e-01 8.349780000000000868e+00 5.739199999999999857e-01
1.050000000000000000e+02 2.010000000000000120e-01 8.352259999999999351e+00 5.752800000000000136e-01
1.060000000000000000e+02 2.010000000000000120e-01 8.354609999999999204e+00 5.766099999999999559e-01
1.070000000000000000e+02 2.010000000000000120e-01 8.357160000000000366e+00 5.778999999999999693e-01
1.080000000000000000e+02 2.010000000000000120e-01 8.359750000000000014e+00 5.792100000000000026e-01
1.090000000000000000e+02 2.010000000000000120e-01 8.362399999999999167e+00 5.804700000000000415e-01
1.100000000000000000e+02 2.010000000000000120e-01 8.364819999999999922e+00 5.817400000000000349e-01
1.110000000000000000e+02 2.010000000000000120e-01 8.367390000000000327e+00 5.829999999999999627e-01
1.120000000000000000e+02 2.010000000000000120e-01 8.369939999999999714e+00 5.842100000000000071e-01
1.130000000000000000e+02 2.010000000000000120e-01 8.372400000000000730e+00 5.853300000000000169e-01
1.140000000000000000e+02 2.010000000000000120e-01 8.374589999999999534e+00 5.864800000000000013e-01
1.150000000000000000e+02 2.010000000000000120e-01 8.376849999999999241e+00 5.875500000000000167e-01
1.160000000000000000e+02 2.010000000000000120e-01 8.378899999999999793e+00 5.885799999999999921e-01
1.170000000000000000e+02 2.010000000000000120e-01 8.381050000000000111e+00 5.896200000000000330e-01
1.180000000000000000e+02 2.010000000000000120e-01 8.383549999999999613e+00 5.906700000000000284e-01
1.190000000000000000e+02 2.010000000000000120e-01 8.386229999999999407e+00 5.915799999999999947e-01
1.200000000000000000e+02 2.010000000000000120e-01 8.388600000000000279e+00 5.923899999999999721e-01
