1.000000000000000000e+00 1.880000000000000004e-01 6.563400000000000345e-01 2.137999999999999901e-01
2.000000000000000000e+00 1.809999999999999942e-01 7.225700000000000456e-01 2.348000000000000087e-01
3.000000000000000000e+00 1.600000000000000033e-01 6.419899999999999496e-01 4.072100000000000164e-01
4.000000000000000000e+00 1.940000000000000058e-01 7.131300000000000416e-01 3.921399999999999886e-01
5.000000000000000000e+00 1.739999999999999880e-01 7.581499999999999906e-01 2.410400000000000043e-01
6.000000000000000000e+00 1.250000000000000000e-01 6.162900000000000045e-01 4.064499999999999780e-01
7.000000000000000000e+00 1.250000000000000000e-01 6.453400000000000247e-01 3.453999999999999848e-01
8.000000000000000000e+00 1.250000000000000000e-01 6.754400000000000404e-01 2.986800000000000010e-01
9.000000000000000000e+00 1.250000000000000000e-01 7.012899999999999689e-01 2.699099999999999833e-01
1.000000000000000000e+01 1.320000000000000062e-01 7.224699999999999456e-01 2.535000000000000031e-01
1.100000000000000000e+01 -1.000000000000000000e+00 -1.000000000000000000e+00 0.000000000000000000e+00
1.200000000000000000e+01 1.320000000000000062e-01 7.562499999999999778e-01 2.372900000000000009e-01
1.300000000000000000e+01 -1.000000000000000000e+00 -1.000000000000000000e+00 0.000000000000000000e+00
1.400000000000000000e+01 1.320000000000000062e-01 7.931799999999999962e-01 2.465100000000000069e-01
1.500000000000000000e+01 1.250000000000000000e-01 8.487200000000000299e-01 2.893399999999999861e-01
1.600000000000000000e+01 1.250000000000000000e-01 9.504200000000000426e-01 3.534999999999999809e-01
1.700000000000000000e+01 1.179999999999999938e-01 1.067059999999999897e+00 4.160400000000000209e-01
1.800000000000000000e+01 1.179999999999999938e-01 1.188390000000000057e+00 4.763299999999999756e-01
1.900000000000000000e+01 1.179999999999999938e-01 1.305989999999999984e+00 5.332700000000000218e-01
2.000000000000000000e+01 1.179999999999999938e-01 1.416500000000000092e+00 5.864099999999999868e-01
2.100000000000000000e+01 1.179999999999999938e-01 1.521570000000000089e+00 6.360500000000000043e-01
2.200000000000000000e+01 1.250000000000000000e-01 1.618910000000000071e+00 6.815799999999999637e-01
2.300000000000000000e+01 1.250000000000000000e-01 1.709410000000000096e+00 7.247400000000000508e-01
2.400000000000000000e+01 1.250000000000000000e-01 1.793199999999999905e+00 7.657500000000000417e-01
2.500000000000000000e+01 1.250000000000000000e-01 1.870209999999999928e+00 8.044799999999999729e-01
2.600000000000000000e+01 1.179999999999999938e-01 1.941529999999999978e+00 8.403100000000000014e-01
2.700000000000000000e+01 1.179999999999999938e-01 2.008150000000000102e+00 8.721999999999999753e-01
2.800000000000000000e+01 1.250000000000000000e-01 2.067039999999999988e+00 9.016699999999999715e-01
2.900000000000000000e+01 1.250000000000000000e-01 2.118100000000000094e+00 9.287999999999999590e-01
3.000000000000000000e+01 1.250000000000000000e-01 2.161989999999999856e+00 9.529699999999999838e-01
3.100000000000000000e+01 1.320000000000000062e-01 2.202080000000000037e+00 9.731499999999999595e-01
3.200000000000000000e+01 1.320000000000000062e-01 2.238129999999999953e+00 9.810799999999999521e-01
3.300000000000000000e+01 1.320000000000000062e-01 2.271599999999999842e+00 9.708900000000000308e-01
3.400000000000000000e+01 1.320000000000000062e-01 2.302820000000000089e+00 9.557999999999999829e-01
3.500000000000000000e+01 1.320000000000000062e-01 2.332419999999999938e+00 9.412899999999999601e-01
3.600000000000000000e+01 1.320000000000000062e-01 2.363179999999999836e+00 9.280599999999999961e-01
3.700000000000000000e+01 1.390000000000000124e-01 2.397380000000000067e+00 9.171300000000000008e-01
3.800000000000000000e+01 1.390000000000000124e-01 2.430229999999999890e+00 9.074499999999999789e-01
3.900000000000000000e+01 1.390000000000000124e-01 2.461570000000000036e+00 8.990299999999999958e-01
4.000000000000000000e+01 1.390000000000000124e-01 2.491680000000000117e+00 8.919599999999999751e-01
4.100000000000000000e+01 1.390000000000000124e-01 2.520469999999999988e+00 8.853199999999999958e-01
4.200000000000000000e+01 1.459999999999999909e-01 2.549420000000000019e+00 8.798599999999999755e-01
4.300000000000000000e+01 1.459999999999999909e-01 2.576649999999999885e+00 8.750499999999999945e-01
4.400000000000000000e+01 1.459999999999999909e-01 2.603390000000000093e+00 8.705399999999999805e-01
4.500000000000000000e+01 1.459999999999999909e-01 2.629379999999999828e+00 8.662999999999999590e-01
4.600000000000000000e+01 1.459999999999999909e-01 2.653360000000000163e+00 8.627200000000000424e-01
4.700000000000000000e+01 1.459999999999999909e-01 2.676579999999999959e+00 8.593499999999999472e-01
4.800000000000000000e+01 1.459999999999999909e-01 2.698119999999999852e+00 8.562499999999999556e-01
4.900000000000000000e+01 1.459999999999999909e-01 2.718220000000000081e+00 8.535500000000000309e-01
5.000000000000000000e+01 1.459999999999999909e-01 2.737280000000000157e+00 8.509999999999999787e-01
5.100000000000000000e+01 1.459999999999999909e-01 2.755920000000000147e+00 8.485800000000000010e-01
5.200000000000000000e+01 1.459999999999999909e-01 2.772440000000000015e+00 8.465200000000000502e-01
5.300000000000000000e+01 1.459999999999999909e-01 2.788670000000000204e+00 8.445700000000000429e-01
5.400000000000000000e+01 1.459999999999999909e-01 2.803630000000000067e+00 8.427599999999999536e-01
5.500000000000000000e+01 1.459999999999999909e-01 2.818719999999999892e+00 8.410400000000000098e-01
5.600000000000000000e+01 1.459999999999999909e-01 2.832980000000000054e+00 8.394000000000000350e-01
5.700000000000000000e+01 1.459999999999999909e-01 2.846119999999999983e+00 8.378900000000000237e-01
5.800000000000000000e+01 1.459999999999999909e-01 2.858530000000000015e+00 8.365700000000000358e-01
5.900000000000000000e+01 1.459999999999999909e-01 2.870439999999999880e+00 8.353599999999999914e-01
6.000000000000000000e+01 1.459999999999999909e-01 2.881969999999999921e+00 8.341699999999999671e-01
6.100000000000000000e+01 1.459999999999999909e-01 2.892980000000000107e+00 8.330199999999999827e-01
6.200000000000000000e+01 1.459999999999999909e-01 2.902899999999999814e+00 8.319100000000000383e-01
6.300000000000000000e+01 1.459999999999999909e-01 2.912520000000000220e+00 8.307900000000000285e-01
6.400000000000000000e+01 1.459999999999999909e-01 2.921190000000000175e+00 8.296999999999999931e-01
6.500000000000000000e+01 1.459999999999999909e-01 2.929330000000000211e+00 8.286999999999999922e-01
6.600000000000000000e+01 1.459999999999999909e-01 2.936949999999999950e+00 8.277400000000000313e-01
6.700000000000000000e+01 1.459999999999999909e-01 2.943869999999999987e+00 8.269199999999999884e-01
6.800000000000000000e+01 1.459999999999999909e-01 2.951169999999999849e+00 8.260600000000000165e-01
6.900000000000000000e+01 1.459999999999999909e-01 2.958040000000000003e+00 8.253399999999999626e-01
7.000000000000000000e+01 1.459999999999999909e-01 2.964920000000000222e+00 8.247100000000000541e-01
7.100000000000000000e+01 1.459999999999999909e-01 2.970940000000000136e+00 8.242099999999999982e-01
7.200000000000000000e+01 1.459999999999999909e-01 2.977219999999999978e+00 8.237700000000000022e-01
7.300000000000000000e+01 1.459999999999999909e-01 2.982920000000000016e+00 8.234599999999999698e-01
7.400000000000000000e+01 1.459999999999999909e-01 2.988249999999999851e+00 8.231699999999999573e-01
7.500000000000000000e+01 1.459999999999999909e-01 2.993320000000000203e+00 8.229499999999999593e-01
7.600000000000000000e+01 1.459999999999999909e-01 2.998250000000000082e+00 8.226799999999999669e-01
7.700000000000000000e+01 1.459999999999999909e-01 3.003070000000000128e+00 8.225099999999999634e-01
7.800000000000000000e+01 1.459999999999999909e-01 3.007289999999999797e+00 8.223300000000000054e-01
7.900000000000000000e+01 1.459999999999999909e-01 3.011550000000000171e+00 8.221600000000000019e-01
8.000000000000000000e+01 1.459999999999999909e-01 3.015229999999999855e+00 8.220600000000000129e-01
8.100000000000000000e+01 1.459999999999999909e-01 3.019449999999999967e+00 8.219499999999999584e-01
8.200000000000000000e+01 1.459999999999999909e-01 3.023280000000000189e+00 8.218699999999999894e-01
8.300000000000000000e+01 1.459999999999999909e-01 3.027219999999999800e+00 8.217700000000000005e-01
8.400000000000000000e+01 1.459999999999999909e-01 3.030969999999999942e+00 8.217200000000000060e-01
8.500000000000000000e+01 1.459999999999999909e-01 3.034299999999999997e+00 8.217700000000000005e-01
8.600000000000000000e+01 1.459999999999999909e-01 3.037889999999999979e+00 8.218400000000000150e-01
8.700000000000000000e+01 1.459999999999999909e-01 3.041170000000000151e+00 8.219199999999999839e-01
8.800000000000000000e+01 1.459999999999999909e-01 3.044220000000000148e+00 8.220399999999999929e-01
8.900000000000000000e+01 1.459999999999999909e-01 3.047190000000000065e+00 8.221500000000000474e-01
9.000000000000000000e+01 1.459999999999999909e-01 3.049510000000000165e+00 8.222800000000000109e-01
9.100000000000000000e+01 1.459999999999999909e-01 3.051639999999999908e+00 8.224599999999999689e-01
9.200000000000000000e+01 1.459999999999999909e-01 3.053539999999999921e+00 8.226900000000000324e-01
9.300000000000000000e+01 1.459999999999999909e-01 3.055200000000000138e+00 8.229600000000000248e-01
9.400000000000000000e+01 1.459999999999999909e-01 3.056639999999999802e+00 8.232500000000000373e-01
9.500000000000000000e+01 1.459999999999999909e-01 3.058059999999999778e+00 8.235299999999999843e-01
9.600000000000000000e+01 1.459999999999999909e-01 3.059330000000000105e+00 8.238199999999999967e-01
9.700000000000000000e+01 1.459999999999999909e-01 3.060410000000000075e+00 8.240899999999999892e-01
9.800000000000000000e+01 1.459999999999999909e-01 3.061640000000000139e+00 8.243500000000000272e-01
9.900000000000000000e+01 1.459999999999999909e-01 3.062780000000000058e+00 8.246299999999999741e-01
1.000000000000000000e+02 1.459999999999999909e-01 3.064080000000000137e+00 8.249300000000000521e-01
1.010000000000000000e+02 1.459999999999999909e-01 3.064799999999999969e+00 8.252699999999999481e-01
1.020000000000000000e+02 1.459999999999999909e-01 3.065690000000000026e+00 8.256000000000000005e-01
1.030000000000000000e+02 1.459999999999999909e-01 3.066129999999999800e+00 8.259699999999999820e-01
1.040000000000000000e+02 1.459999999999999909e-01 3.066089999999999982e+00 8.263700000000000490e-01
1.050000000000000000e+02 1.459999999999999909e-01 3.065900000000000070e+00 8.267799999999999594e-01
1.060000000000000000e+02 1.459999999999999909e-01 3.065580000000000194e+00 8.271800000000000264e-01
1.070000000000000000e+02 1.459999999999999909e-01 3.064049999999999940e+00 8.276599999999999513e-01
1.080000000000000000e+02 1.459999999999999909e-01 3.061580000000000190e+00 8.282300000000000217e-01
1.090000000000000000e+02 1.459999999999999909e-01 3.059000000000000163e+00 8.287999999999999812e-01
1.100000000000000000e+02 1.459999999999999909e-01 3.055829999999999824e+00 8.293899999999999606e-01
1.110000000000000000e+02 1.459999999999999909e-01 3.052610000000000046e+00 8.299800000000000511e-01
1.120000000000000000e+02 1.459999999999999909e-01 3.049110000000000209e+00 8.305700000000000305e-01
1.130000000000000000e+02 1.459999999999999909e-01 3.045170000000000154e+00 8.311800000000000299e-01
1.140000000000000000e+02 1.459999999999999909e-01 3.041139999999999954e+00 8.317799999999999638e-01
1.150000000000000000e+02 1.459999999999999909e-01 3.037129999999999885e+00 8.323700000000000543e-01
1.160000000000000000e+02 1.459999999999999909e-01 3.033160000000000078e+00 8.329199999999999937e-01
1.170000000000000000e+02 1.459999999999999909e-01 3.028950000000000031e+00 8.333700000000000552e-01
1.180000000000000000e+02 1.390000000000000124e-01 3.024859999999999882e+00 8.338200000000000056e-01
1.190000000000000000e+02 1.390000000000000124e-01 3.020700000000000163e+00 8.342699999999999561e-01
1.200000000000000000e+02 1.390000000000000124e-01 3.016420000000000101e+00 8.347299999999999720e-01
