1.000000000000000000e+00 1.940000000000000058e-01 7.751949999999999896e+00 3.416799999999999837e-01
2.000000000000000000e+00 1.739999999999999880e-01 1.023460000000000036e+00 6.392700000000000049e-01
3.000000000000000000e+00 1.670000000000000095e-01 8.737800000000000011e-01 6.164600000000000080e-01
4.000000000000000000e+00 1.670000000000000095e-01 8.454599999999999893e-01 6.366500000000000492e-01
5.000000000000000000e+00 1.670000000000000095e-01 9.021599999999999620e-01 6.255199999999999649e-01
6.000000000000000000e+00 1.670000000000000095e-01 9.417200000000000015e-01 6.212499999999999689e-01
7.000000000000000000e+00 1.670000000000000095e-01 9.743199999999999639e-01 6.218700000000000339e-01
8.000000000000000000e+00 1.739999999999999880e-01 9.945000000000000506e-01 6.224199999999999733e-01
9.000000000000000000e+00 1.739999999999999880e-01 9.901699999999999946e-01 6.284600000000000186e-01
1.000000000000000000e+01 1.529999999999999971e-01 4.876099999999999879e-01 3.684399999999999897e-01
1.100000000000000000e+01 1.529999999999999971e-01 5.225600000000000245e-01 3.667599999999999749e-01
1.200000000000000000e+01 1.529999999999999971e-01 6.109700000000000131e-01 3.832699999999999996e-01
1.300000000000000000e+01 1.529999999999999971e-01 6.883200000000000429e-01 3.811599999999999988e-01
1.400000000000000000e+01 1.529999999999999971e-01 7.740299999999999958e-01 3.458800000000000208e-01
1.500000000000000000e+01 1.529999999999999971e-01 8.517599999999999616e-01 3.064000000000000057e-01
1.600000000000000000e+01 1.459999999999999909e-01 9.150599999999999845e-01 2.911599999999999744e-01
1.700000000000000000e+01 1.390000000000000124e-01 9.463599999999999790e-01 2.768800000000000150e-01
1.800000000000000000e+01 1.459999999999999909e-01 9.542899999999999716e-01 2.647800000000000153e-01
1.900000000000000000e+01 1.459999999999999909e-01 9.227600000000000247e-01 2.544899999999999940e-01
2.000000000000000000e+01 1.529999999999999971e-01 8.530400000000000205e-01 2.459099999999999897e-01
2.100000000000000000e+01 1.459999999999999909e-01 7.758800000000000141e-01 2.418200000000000072e-01
2.200000000000000000e+01 1.459999999999999909e-01 7.204899999999999638e-01 2.432600000000000040e-01
2.300000000000000000e+01 1.459999999999999909e-01 6.820300000000000251e-01 2.499399999999999955e-01
2.400000000000000000e+01 1.600000000000000033e-01 6.725600000000000467e-01 2.588599999999999790e-01
2.500000000000000000e+01 1.600000000000000033e-01 6.804000000000000048e-01 2.679599999999999760e-01
2.600000000000000000e+01 1.670000000000000095e-01 7.029400000000000093e-01 2.775299999999999989e-01
2.700000000000000000e+01 1.670000000000000095e-01 7.365300000000000180e-01 2.858800000000000230e-01
2.800000000000000000e+01 1.670000000000000095e-01 7.946299999999999475e-01 2.956799999999999984e-01
2.900000000000000000e+01 1.670000000000000095e-01 8.633999999999999453e-01 3.073799999999999866e-01
3.000000000000000000e+01 1.739999999999999880e-01 9.194799999999999640e-01 3.180399999999999894e-01
3.100000000000000000e+01 1.739999999999999880e-01 9.664599999999999858e-01 3.274199999999999888e-01
3.200000000000000000e+01 1.739999999999999880e-01 1.010729999999999906e+00 3.353400000000000269e-01
3.300000000000000000e+01 1.809999999999999942e-01 1.051299999999999901e+00 3.419499999999999762e-01
3.400000000000000000e+01 1.809999999999999942e-01 1.083350000000000035e+00 3.466600000000000237e-01
3.500000000000000000e+01 1.390000000000000124e-01 2.183320000000000149e+00 6.633599999999999497e-01
3.600000000000000000e+01 1.390000000000000124e-01 2.196279999999999788e+00 6.667699999999999738e-01
3.700000000000000000e+01 1.390000000000000124e-01 2.208829999999999849e+00 6.697100000000000275e-01
3.800000000000000000e+01 1.459999999999999909e-01 2.220959999999999823e+00 6.715900000000000203e-01
3.900000000000000000e+01 1.459999999999999909e-01 2.232569999999999943e+00 6.727100000000000302e-01
4.000000000000000000e+01 1.459999999999999909e-01 2.245089999999999808e+00 6.734099999999999531e-01
4.100000000000000000e+01 1.390000000000000124e-01 2.259630000000000027e+00 6.728699999999999681e-01
4.200000000000000000e+01 1.739999999999999880e-01 1.184819999999999984e+00 3.641300000000000092e-01
4.300000000000000000e+01 1.809999999999999942e-01 1.184809999999999919e+00 3.654399999999999871e-01
4.400000000000000000e+01 1.809999999999999942e-01 1.178870000000000084e+00 3.658299999999999885e-01
4.500000000000000000e+01 1.809999999999999942e-01 1.175820000000000087e+00 3.668399999999999994e-01
4.600000000000000000e+01 1.809999999999999942e-01 1.175939999999999985e+00 3.687199999999999922e-01
4.700000000000000000e+01 1.459999999999999909e-01 2.310259999999999980e+00 6.797299999999999454e-01
4.800000000000000000e+01 1.459999999999999909e-01 2.317660000000000053e+00 6.815799999999999637e-01
4.900000000000000000e+01 1.459999999999999909e-01 2.326000000000000068e+00 6.835900000000000309e-01
5.000000000000000000e+01 1.390000000000000124e-01 2.335960000000000036e+00 6.845400000000000373e-01
5.100000000000000000e+01 1.459999999999999909e-01 2.345229999999999926e+00 6.860899999999999777e-01
5.200000000000000000e+01 1.459999999999999909e-01 2.353380000000000027e+00 6.882000000000000339e-01
5.300000000000000000e+01 1.459999999999999909e-01 2.362190000000000012e+00 6.903399999999999537e-01
5.400000000000000000e+01 1.459999999999999909e-01 2.370909999999999851e+00 6.920800000000000285e-01
5.500000000000000000e+01 1.459999999999999909e-01 2.379739999999999966e+00 6.939100000000000268e-01
5.600000000000000000e+01 1.459999999999999909e-01 2.388689999999999980e+00 6.955000000000000071e-01
5.700000000000000000e+01 1.459999999999999909e-01 2.397219999999999906e+00 6.980499999999999483e-01
5.800000000000000000e+01 1.459999999999999909e-01 2.405479999999999841e+00 7.004899999999999460e-01
5.900000000000000000e+01 1.459999999999999909e-01 2.414960000000000218e+00 7.027400000000000313e-01
6.000000000000000000e+01 1.459999999999999909e-01 2.426260000000000083e+00 7.045000000000000151e-01
6.100000000000000000e+01 1.459999999999999909e-01 2.437860000000000138e+00 7.060499999999999554e-01
6.200000000000000000e+01 1.459999999999999909e-01 2.448999999999999844e+00 7.075399999999999467e-01
6.300000000000000000e+01 1.459999999999999909e-01 2.459820000000000118e+00 7.089999999999999636e-01
6.400000000000000000e+01 1.459999999999999909e-01 2.470380000000000020e+00 7.103599999999999914e-01
6.500000000000000000e+01 1.459999999999999909e-01 2.480609999999999982e+00 7.116799999999999793e-01
6.600000000000000000e+01 1.459999999999999909e-01 2.490009999999999835e+00 7.130199999999999871e-01
6.700000000000000000e+01 1.459999999999999909e-01 2.500020000000000131e+00 7.148299999999999654e-01
6.800000000000000000e+01 1.459999999999999909e-01 2.509920000000000151e+00 7.165099999999999802e-01
6.900000000000000000e+01 1.459999999999999909e-01 2.520169999999999799e+00 7.180900000000000061e-01
7.000000000000000000e+01 1.459999999999999909e-01 2.529760000000000009e+00 7.193699999999999539e-01
7.100000000000000000e+01 1.459999999999999909e-01 2.539590000000000014e+00 7.207400000000000473e-01
7.200000000000000000e+01 1.459999999999999909e-01 2.548789999999999889e+00 7.219700000000000006e-01
7.300000000000000000e+01 1.459999999999999909e-01 2.557799999999999851e+00 7.231400000000000050e-01
7.400000000000000000e+01 1.459999999999999909e-01 2.567349999999999799e+00 7.244199999999999529e-01
7.500000000000000000e+01 1.459999999999999909e-01 2.577290000000000081e+00 7.255000000000000338e-01
7.600000000000000000e+01 1.459999999999999909e-01 2.586710000000000065e+00 7.265000000000000346e-01
7.700000000000000000e+01 1.459999999999999909e-01 2.596229999999999816e+00 7.274800000000000155e-01
7.800000000000000000e+01 1.459999999999999909e-01 2.605989999999999807e+00 7.285000000000000364e-01
7.900000000000000000e+01 1.459999999999999909e-01 2.615899999999999892e+00 7.295000000000000373e-01
8.000000000000000000e+01 1.459999999999999909e-01 2.625630000000000130e+00 7.305300000000000127e-01
8.100000000000000000e+01 1.459999999999999909e-01 2.635889999999999844e+00 7.316899999999999515e-01
8.200000000000000000e+01 1.459999999999999909e-01 2.646360000000000046e+00 7.328900000000000414e-01
8.300000000000000000e+01 1.459999999999999909e-01 2.656229999999999869e+00 7.341400000000000148e-01
8.400000000000000000e+01 1.459999999999999909e-01 2.665280000000000094e+00 7.354199999999999626e-01
8.500000000000000000e+01 1.459999999999999909e-01 2.674069999999999947e+00 7.366599999999999815e-01
8.600000000000000000e+01 1.529999999999999971e-01 2.682580000000000187e+00 7.379200000000000204e-01
8.700000000000000000e+01 1.529999999999999971e-01 2.690679999999999961e+00 7.390999999999999792e-01
8.800000000000000000e+01 1.529999999999999971e-01 2.699019999999999975e+00 7.402199999999999891e-01
8.900000000000000000e+01 1.529999999999999971e-01 2.706739999999999924e+00 7.412300000000000555e-01
9.000000000000000000e+01 1.529999999999999971e-01 2.714609999999999967e+00 7.422499999999999654e-01
9.100000000000000000e+01 1.529999999999999971e-01 2.722389999999999866e+00 7.432400000000000118e-01
9.200000000000000000e+01 1.529999999999999971e-01 2.730090000000000128e+00 7.441999999999999726e-01
9.300000000000000000e+01 1.529999999999999971e-01 2.737429999999999808e+00 7.450700000000000101e-01
9.400000000000000000e+01 1.529999999999999971e-01 2.744559999999999889e+00 7.458900000000000530e-01
9.500000000000000000e+01 1.529999999999999971e-01 2.751399999999999846e+00 7.467000000000000304e-01
9.600000000000000000e+01 1.529999999999999971e-01 2.757989999999999942e+00 7.475800000000000223e-01
9.700000000000000000e+01 1.529999999999999971e-01 2.764289999999999914e+00 7.484300000000000397e-01
9.800000000000000000e+01 1.529999999999999971e-01 2.770770000000000177e+00 7.493400000000000061e-01
9.900000000000000000e+01 1.529999999999999971e-01 2.777379999999999960e+00 7.502999999999999670e-01
1.000000000000000000e+02 1.529999999999999971e-01 2.783450000000000202e+00 7.511999999999999789e-01
1.010000000000000000e+02 1.529999999999999971e-01 2.789019999999999833e+00 7.521600000000000508e-01
1.020000000000000000e+02 1.529999999999999971e-01 2.795059999999999878e+00 7.531900000000000261e-01
1.030000000000000000e+02 1.529999999999999971e-01 2.801050000000000040e+00 7.542299999999999560e-01
1.040000000000000000e+02 1.529999999999999971e-01 2.806319999999999926e+00 7.551499999999999879e-01
1.050000000000000000e+02 1.529999999999999971e-01 2.811700000000000088e+00 7.560799999999999743e-01
1.060000000000000000e+02 1.529999999999999971e-01 2.817369999999999930e+00 7.570500000000000007e-01
1.070000000000000000e+02 1.529999999999999971e-01 2.822639999999999816e+00 7.579599999999999671e-01
1.080000000000000000e+02 1.529999999999999971e-01 2.827490000000000059e+00 7.587800000000000100e-01
1.090000000000000000e+02 1.529999999999999971e-01 2.832730000000000192e+00 7.596000000000000529e-01
1.100000000000000000e+02 1.529999999999999971e-01 2.837990000000000013e+00 7.604199999999999848e-01
1.110000000000000000e+02 1.529999999999999971e-01 2.842490000000000183e+00 7.612299999999999622e-01
1.120000000000000000e+02 1.529999999999999971e-01 2.847129999999999939e+00 7.621099999999999541e-01
1.130000000000000000e+02 1.529999999999999971e-01 2.851729999999999876e+00 7.630000000000000115e-01
1.140000000000000000e+02 1.529999999999999971e-01 2.855989999999999807e+00 7.638599999999999834e-01
1.150000000000000000e+02 1.529999999999999971e-01 2.860739999999999839e+00 7.647800000000000153e-01
1.160000000000000000e+02 1.529999999999999971e-01 2.864949999999999886e+00 7.656300000000000328e-01
1.170000000000000000e+02 1.529999999999999971e-01 2.869110000000000049e+00 7.664699999999999847e-01
1.180000000000000000e+02 1.529999999999999971e-01 2.873279999999999834e+00 7.673100000000000476e-01
1.190000000000000000e+02 1.529999999999999971e-01 2.877870000000000150e+00 7.681999999999999940e-01
1.200000000000000000e+02 1.529999999999999971e-01 2.881660000000000110e+00 7.690000000000000169e-01
