1.000000000000000000e+00 1.600000000000000033e-01 5.613719999999999821e+00 5.949299999999999589e-01
2.000000000000000000e+00 8.999999999999999667e-02 3.299110000000000209e+00 3.813699999999999868e-01
3.000000000000000000e+00 1.250000000000000000e-01 4.455390000000000406e+00 6.566199999999999815e-01
4.000000000000000000e+00 4.900000000000000189e-02 4.215419999999999945e+00 4.955100000000000060e-01
5.000000000000000000e+00 5.600000000000000117e-02 4.545770000000000088e+00 5.345499999999999696e-01
6.000000000000000000e+00 5.600000000000000117e-02 4.601009999999999600e+00 5.430399999999999672e-01
7.000000000000000000e+00 4.200000000000000261e-02 4.489799999999999791e+00 5.652700000000000502e-01
8.000000000000000000e+00 3.500000000000000333e-02 4.339179999999999815e+00 5.856500000000000039e-01
9.000000000000000000e+00 4.200000000000000261e-02 4.360769999999999591e+00 5.691599999999999993e-01
1.000000000000000000e+01 8.300000000000000433e-02 4.385620000000000296e+00 5.493099999999999650e-01
1.100000000000000000e+01 8.300000000000000433e-02 4.364300000000000068e+00 5.433499999999999996e-01
1.200000000000000000e+01 8.300000000000000433e-02 4.345250000000000057e+00 5.384999999999999787e-01
1.300000000000000000e+01 8.300000000000000433e-02 4.359219999999999651e+00 5.334699999999999998e-01
1.400000000000000000e+01 8.300000000000000433e-02 4.374390000000000001e+00 5.261700000000000266e-01
1.500000000000000000e+01 8.300000000000000433e-02 4.381750000000000256e+00 5.214600000000000346e-01
1.600000000000000000e+01 8.999999999999999667e-02 4.351020000000000110e+00 5.143600000000000394e-01
1.700000000000000000e+01 8.999999999999999667e-02 4.324889999999999901e+00 5.072499999999999787e-01
1.800000000000000000e+01 8.999999999999999667e-02 4.308720000000000105e+00 5.016000000000000458e-01
1.900000000000000000e+01 8.999999999999999667e-02 4.296640000000000015e+00 4.969799999999999773e-01
2.000000000000000000e+01 8.999999999999999667e-02 4.290180000000000327e+00 4.926099999999999923e-01
2.100000000000000000e+01 8.999999999999999667e-02 4.291419999999999568e+00 4.892099999999999782e-01
2.200000000000000000e+01 8.999999999999999667e-02 4.289119999999999600e+00 4.868199999999999750e-01
2.300000000000000000e+01 8.999999999999999667e-02 4.277739999999999654e+00 4.844100000000000072e-01
2.400000000000000000e+01 8.999999999999999667e-02 4.265509999999999913e+00 4.820599999999999885e-01
2.500000000000000000e+01 8.999999999999999667e-02 4.260449999999999626e+00 4.786099999999999799e-01
2.600000000000000000e+01 9.700000000000000289e-02 4.255869999999999820e+00 4.731299999999999950e-01
2.700000000000000000e+01 1.039999999999999952e-01 4.274879999999999569e+00 4.656399999999999983e-01
2.800000000000000000e+01 1.039999999999999952e-01 4.276379999999999626e+00 4.577399999999999802e-01
2.900000000000000000e+01 1.039999999999999952e-01 4.275009999999999977e+00 4.496800000000000241e-01
3.000000000000000000e+01 1.039999999999999952e-01 4.281150000000000233e+00 4.421200000000000130e-01
3.100000000000000000e+01 1.039999999999999952e-01 4.275990000000000180e+00 4.366399999999999726e-01
3.200000000000000000e+01 1.039999999999999952e-01 4.263200000000000323e+00 4.326599999999999890e-01
3.300000000000000000e+01 1.039999999999999952e-01 4.238940000000000374e+00 4.291900000000000159e-01
3.400000000000000000e+01 1.039999999999999952e-01 4.213790000000000369e+00 4.263100000000000223e-01
3.500000000000000000e+01 1.039999999999999952e-01 4.180559999999999832e+00 4.234999999999999876e-01
3.600000000000000000e+01 1.039999999999999952e-01 4.139569999999999972e+00 4.209100000000000064e-01
3.700000000000000000e+01 1.250000000000000000e-01 4.457460000000000200e+00 6.331200000000000161e-01
3.800000000000000000e+01 1.250000000000000000e-01 4.489510000000000112e+00 6.408599999999999852e-01
3.900000000000000000e+01 1.250000000000000000e-01 4.523769999999999847e+00 6.489399999999999613e-01
4.000000000000000000e+01 1.250000000000000000e-01 4.560240000000000293e+00 6.574200000000000044e-01
4.100000000000000000e+01 1.250000000000000000e-01 4.607510000000000439e+00 6.683799999999999741e-01
4.200000000000000000e+01 1.250000000000000000e-01 4.648200000000000109e+00 6.780800000000000161e-01
4.300000000000000000e+01 1.320000000000000062e-01 4.686090000000000089e+00 6.862300000000000066e-01
4.400000000000000000e+01 1.390000000000000124e-01 4.730870000000000353e+00 6.954000000000000181e-01
4.500000000000000000e+01 1.390000000000000124e-01 4.762579999999999814e+00 7.020399999999999974e-01
4.600000000000000000e+01 1.390000000000000124e-01 4.795460000000000278e+00 7.082199999999999607e-01
4.700000000000000000e+01 1.390000000000000124e-01 4.831170000000000186e+00 7.140600000000000280e-01
4.800000000000000000e+01 1.390000000000000124e-01 4.876350000000000406e+00 7.208299999999999708e-01
4.900000000000000000e+01 1.390000000000000124e-01 4.932870000000000310e+00 7.277200000000000335e-01
5.000000000000000000e+01 1.390000000000000124e-01 4.969339999999999868e+00 7.314800000000000191e-01
5.100000000000000000e+01 1.459999999999999909e-01 5.003519999999999968e+00 7.346300000000000052e-01
5.200000000000000000e+01 1.459999999999999909e-01 5.031699999999999839e+00 7.369099999999999540e-01
5.300000000000000000e+01 1.459999999999999909e-01 5.056980000000000253e+00 7.386500000000000288e-01
5.400000000000000000e+01 1.459999999999999909e-01 5.080899999999999750e+00 7.404199999999999671e-01
5.500000000000000000e+01 1.459999999999999909e-01 5.102850000000000108e+00 7.410600000000000520e-01
5.600000000000000000e+01 1.459999999999999909e-01 5.125560000000000116e+00 7.420299999999999674e-01
5.700000000000000000e+01 1.459999999999999909e-01 5.149580000000000268e+00 7.431499999999999773e-01
5.800000000000000000e+01 1.459999999999999909e-01 5.171630000000000393e+00 7.440799999999999637e-01
5.900000000000000000e+01 1.459999999999999909e-01 5.192940000000000111e+00 7.449700000000000211e-01
6.000000000000000000e+01 1.459999999999999909e-01 5.213009999999999700e+00 7.457200000000000495e-01
6.100000000000000000e+01 1.459999999999999909e-01 5.233629999999999782e+00 7.464499999999999469e-01
6.200000000000000000e+01 1.459999999999999909e-01 5.255379999999999718e+00 7.471400000000000263e-01
6.300000000000000000e+01 1.459999999999999909e-01 5.275610000000000355e+00 7.476399999999999713e-01
6.400000000000000000e+01 1.459999999999999909e-01 5.296310000000000073e+00 7.481400000000000272e-01
6.500000000000000000e+01 1.390000000000000124e-01 5.315360000000000085e+00 7.484699999999999687e-01
6.600000000000000000e+01 1.390000000000000124e-01 5.332889999999999908e+00 7.487700000000000466e-01
6.700000000000000000e+01 1.390000000000000124e-01 5.349160000000000359e+00 7.490400000000000391e-01
6.800000000000000000e+01 1.390000000000000124e-01 5.363839999999999719e+00 7.490299999999999736e-01
6.900000000000000000e+01 1.390000000000000124e-01 5.377010000000000289e+00 7.488399999999999501e-01
7.000000000000000000e+01 1.390000000000000124e-01 5.388530000000000264e+00 7.485500000000000487e-01
7.100000000000000000e+01 1.390000000000000124e-01 5.399469999999999992e+00 7.482699999999999907e-01
7.200000000000000000e+01 1.390000000000000124e-01 5.409839999999999982e+00 7.479700000000000237e-01
7.300000000000000000e+01 1.390000000000000124e-01 5.419760000000000133e+00 7.476300000000000168e-01
7.400000000000000000e+01 1.390000000000000124e-01 5.429039999999999644e+00 7.473400000000000043e-01
7.500000000000000000e+01 1.390000000000000124e-01 5.437610000000000277e+00 7.469900000000000428e-01
7.600000000000000000e+01 1.320000000000000062e-01 5.445809999999999818e+00 7.466300000000000159e-01
7.700000000000000000e+01 1.320000000000000062e-01 5.453960000000000363e+00 7.463499999999999579e-01
7.800000000000000000e+01 1.320000000000000062e-01 5.461619999999999919e+00 7.459999999999999964e-01
7.900000000000000000e+01 1.320000000000000062e-01 5.469269999999999854e+00 7.456300000000000150e-01
8.000000000000000000e+01 1.320000000000000062e-01 5.476560000000000095e+00 7.452999999999999625e-01
8.100000000000000000e+01 1.320000000000000062e-01 5.484099999999999753e+00 7.449900000000000411e-01
8.200000000000000000e+01 1.320000000000000062e-01 5.491310000000000358e+00 7.446599999999999886e-01
8.300000000000000000e+01 1.320000000000000062e-01 5.498289999999999900e+00 7.443400000000000016e-01
8.400000000000000000e+01 1.320000000000000062e-01 5.505080000000000418e+00 7.440099999999999492e-01
8.500000000000000000e+01 1.320000000000000062e-01 5.511379999999999946e+00 7.436899999999999622e-01
8.600000000000000000e+01 1.320000000000000062e-01 5.517689999999999984e+00 7.433899999999999952e-01
8.700000000000000000e+01 1.320000000000000062e-01 5.523590000000000444e+00 7.430900000000000283e-01
8.800000000000000000e+01 1.320000000000000062e-01 5.529510000000000147e+00 7.428000000000000158e-01
8.900000000000000000e+01 1.320000000000000062e-01 5.536089999999999733e+00 7.425800000000000178e-01
9.000000000000000000e+01 1.320000000000000062e-01 5.542930000000000135e+00 7.423899999999999944e-01
9.100000000000000000e+01 1.320000000000000062e-01 5.550019999999999953e+00 7.422699999999999854e-01
9.200000000000000000e+01 1.320000000000000062e-01 5.557150000000000034e+00 7.420900000000000274e-01
9.300000000000000000e+01 1.320000000000000062e-01 5.564009999999999678e+00 7.418900000000000494e-01
9.400000000000000000e+01 1.320000000000000062e-01 5.570859999999999701e+00 7.416599999999999859e-01
9.500000000000000000e+01 1.320000000000000062e-01 5.577480000000000437e+00 7.413800000000000390e-01
9.600000000000000000e+01 1.320000000000000062e-01 5.584010000000000140e+00 7.410600000000000520e-01
9.700000000000000000e+01 1.320000000000000062e-01 5.590259999999999785e+00 7.407000000000000250e-01
9.800000000000000000e+01 1.320000000000000062e-01 5.596440000000000303e+00 7.403399999999999981e-01
9.900000000000000000e+01 1.320000000000000062e-01 5.602669999999999817e+00 7.399700000000000166e-01
1.000000000000000000e+02 1.320000000000000062e-01 5.608859999999999957e+00 7.395199999999999552e-01
1.010000000000000000e+02 1.320000000000000062e-01 5.614989999999999704e+00 7.390700000000000047e-01
1.020000000000000000e+02 1.320000000000000062e-01 5.621579999999999799e+00 7.386899999999999578e-01
1.030000000000000000e+02 1.320000000000000062e-01 5.628120000000000012e+00 7.383399999999999963e-01
1.040000000000000000e+02 1.390000000000000124e-01 5.634459999999999802e+00 7.379999999999999893e-01
1.050000000000000000e+02 1.390000000000000124e-01 5.640579999999999927e+00 7.376399999999999624e-01
1.060000000000000000e+02 1.390000000000000124e-01 5.646589999999999776e+00 7.372900000000000009e-01
1.070000000000000000e+02 1.390000000000000124e-01 5.652739999999999654e+00 7.369299999999999740e-01
1.080000000000000000e+02 1.390000000000000124e-01 5.658520000000000216e+00 7.365699999999999470e-01
1.090000000000000000e+02 1.390000000000000124e-01 5.664250000000000007e+00 7.361900000000000110e-01
1.100000000000000000e+02 1.390000000000000124e-01 5.669800000000000395e+00 7.358200000000000296e-01
1.110000000000000000e+02 1.390000000000000124e-01 5.675229999999999997e+00 7.354500000000000481e-01
1.120000000000000000e+02 1.390000000000000124e-01 5.680519999999999570e+00 7.350900000000000212e-01
1.130000000000000000e+02 1.390000000000000124e-01 5.685920000000000307e+00 7.346799999999999997e-01
1.140000000000000000e+02 1.390000000000000124e-01 5.691370000000000040e+00 7.342899999999999983e-01
1.150000000000000000e+02 1.390000000000000124e-01 5.696649999999999991e+00 7.338900000000000423e-01
1.160000000000000000e+02 1.390000000000000124e-01 5.702090000000000103e+00 7.334500000000000464e-01
1.170000000000000000e+02 1.390000000000000124e-01 5.707550000000000345e+00 7.330200000000000049e-01
1.180000000000000000e+02 1.390000000000000124e-01 5.713049999999999962e+00 7.326000000000000290e-01
1.190000000000000000e+02 1.390000000000000124e-01 5.718580000000000219e+00 7.321699999999999875e-01
1.200000000000000000e+02 1.390000000000000124e-01 5.724300000000000388e+00 7.317700000000000315e-01
