1.000000000000000000e+00 2.010000000000000120e-01 5.999170000000000336e+00 2.446699999999999986e-01
2.000000000000000000e+00 1.880000000000000004e-01 6.418590000000000018e+00 2.911299999999999999e-01
3.000000000000000000e+00 1.880000000000000004e-01 6.927170000000000272e+00 2.426999999999999991e-01
4.000000000000000000e+00 1.809999999999999942e-01 6.705289999999999750e+00 2.647200000000000109e-01
5.000000000000000000e+00 1.809999999999999942e-01 6.968029999999999724e+00 2.469099999999999906e-01
6.000000000000000000e+00 1.809999999999999942e-01 6.684650000000000425e+00 3.039200000000000235e-01
7.000000000000000000e+00 1.809999999999999942e-01 6.867729999999999890e+00 3.053199999999999803e-01
8.000000000000000000e+00 1.809999999999999942e-01 7.040079999999999671e+00 3.052199999999999913e-01
9.000000000000000000e+00 1.739999999999999880e-01 7.126009999999999955e+00 2.963100000000000178e-01
1.000000000000000000e+01 1.670000000000000095e-01 7.141910000000000203e+00 2.749599999999999822e-01
1.100000000000000000e+01 1.670000000000000095e-01 8.037929999999999353e+00 3.145700000000000163e-01
1.200000000000000000e+01 1.670000000000000095e-01 8.139459999999999695e+00 3.212599999999999900e-01
1.300000000000000000e+01 1.670000000000000095e-01 8.249840000000000728e+00 3.334300000000000042e-01
1.400000000000000000e+01 1.739999999999999880e-01 8.346379999999999910e+00 3.382299999999999751e-01
1.500000000000000000e+01 1.739999999999999880e-01 8.432539999999999480e+00 3.423999999999999821e-01
1.600000000000000000e+01 1.739999999999999880e-01 8.511609999999999232e+00 3.462600000000000122e-01
1.700000000000000000e+01 1.739999999999999880e-01 8.586479999999999890e+00 3.488399999999999834e-01
1.800000000000000000e+01 1.739999999999999880e-01 8.710549999999999571e+00 3.555099999999999927e-01
1.900000000000000000e+01 1.670000000000000095e-01 8.900750000000000384e+00 3.684600000000000097e-01
2.000000000000000000e+01 1.670000000000000095e-01 9.014070000000000249e+00 3.756200000000000094e-01
2.100000000000000000e+01 1.670000000000000095e-01 9.098390000000000200e+00 3.804600000000000204e-01
2.200000000000000000e+01 1.670000000000000095e-01 9.163009999999999877e+00 3.837599999999999900e-01
2.300000000000000000e+01 1.670000000000000095e-01 9.215469999999999828e+00 3.849000000000000199e-01
2.400000000000000000e+01 1.670000000000000095e-01 9.259729999999999350e+00 3.854799999999999893e-01
2.500000000000000000e+01 1.670000000000000095e-01 9.303229999999999222e+00 3.859000000000000208e-01
2.600000000000000000e+01 1.670000000000000095e-01 9.338889999999999247e+00 3.850000000000000089e-01
2.700000000000000000e+01 1.739999999999999880e-01 9.370050000000000878e+00 3.830999999999999961e-01
2.800000000000000000e+01 1.670000000000000095e-01 9.395099999999999341e+00 3.806499999999999884e-01
2.900000000000000000e+01 1.670000000000000095e-01 9.418120000000000047e+00 3.781999999999999806e-01
3.000000000000000000e+01 1.670000000000000095e-01 9.445439999999999614e+00 3.760399999999999854e-01
3.100000000000000000e+01 1.670000000000000095e-01 9.474249999999999616e+00 3.741900000000000226e-01
3.200000000000000000e+01 1.670000000000000095e-01 9.500360000000000582e+00 3.719600000000000128e-01
3.300000000000000000e+01 1.670000000000000095e-01 9.522660000000000124e+00 3.705499999999999905e-01
3.400000000000000000e+01 1.670000000000000095e-01 9.544059999999999988e+00 3.689399999999999902e-01
3.500000000000000000e+01 1.670000000000000095e-01 9.564260000000000872e+00 3.672099999999999809e-01
3.600000000000000000e+01 1.670000000000000095e-01 9.582560000000000855e+00 3.657599999999999740e-01
3.700000000000000000e+01 1.670000000000000095e-01 9.600149999999999295e+00 3.643899999999999917e-01
3.800000000000000000e+01 1.670000000000000095e-01 9.617100000000000648e+00 3.631900000000000128e-01
3.900000000000000000e+01 1.670000000000000095e-01 9.632699999999999818e+00 3.620099999999999985e-01
4.000000000000000000e+01 1.670000000000000095e-01 9.647919999999999163e+00 3.608600000000000141e-01
4.100000000000000000e+01 1.670000000000000095e-01 9.662060000000000315e+00 3.596099999999999852e-01
4.200000000000000000e+01 1.670000000000000095e-01 9.675570000000000448e+00 3.582699999999999774e-01
4.300000000000000000e+01 1.670000000000000095e-01 9.687979999999999592e+00 3.570300000000000140e-01
4.400000000000000000e+01 1.670000000000000095e-01 9.699239999999999640e+00 3.558600000000000096e-01
4.500000000000000000e+01 1.670000000000000095e-01 9.709319999999999951e+00 3.546900000000000053e-01
4.600000000000000000e+01 1.670000000000000095e-01 9.718730000000000757e+00 3.533000000000000029e-01
4.700000000000000000e+01 1.670000000000000095e-01 9.726689999999999614e+00 3.513000000000000012e-01
4.800000000000000000e+01 1.670000000000000095e-01 9.732649999999999579e+00 3.494300000000000184e-01
4.900000000000000000e+01 1.670000000000000095e-01 9.739850000000000563e+00 3.476400000000000046e-01
5.000000000000000000e+01 1.600000000000000033e-01 7.479280000000000150e+00 4.739399999999999724e-01
5.100000000000000000e+01 1.600000000000000033e-01 7.489329999999999821e+00 4.818200000000000260e-01
5.200000000000000000e+01 1.600000000000000033e-01 7.499089999999999812e+00 4.862000000000000210e-01
5.300000000000000000e+01 1.600000000000000033e-01 7.508079999999999643e+00 4.893000000000000127e-01
5.400000000000000000e+01 1.600000000000000033e-01 7.516399999999999970e+00 4.923399999999999999e-01
5.500000000000000000e+01 1.600000000000000033e-01 7.525579999999999714e+00 4.954600000000000115e-01
5.600000000000000000e+01 1.600000000000000033e-01 7.534130000000000216e+00 4.983899999999999997e-01
5.700000000000000000e+01 1.600000000000000033e-01 7.543420000000000236e+00 5.011900000000000244e-01
5.800000000000000000e+01 1.600000000000000033e-01 7.553289999999999615e+00 5.037599999999999856e-01
5.900000000000000000e+01 1.600000000000000033e-01 7.564309999999999867e+00 5.056899999999999729e-01
6.000000000000000000e+01 1.529999999999999971e-01 7.576900000000000190e+00 5.075100000000000167e-01
6.100000000000000000e+01 1.529999999999999971e-01 7.589760000000000062e+00 5.093999999999999639e-01
6.200000000000000000e+01 1.529999999999999971e-01 7.601980000000000182e+00 5.111799999999999677e-01
6.300000000000000000e+01 1.529999999999999971e-01 7.613349999999999618e+00 5.129500000000000171e-01
6.400000000000000000e+01 1.529999999999999971e-01 7.623890000000000278e+00 5.143999999999999684e-01
6.500000000000000000e+01 1.529999999999999971e-01 7.634579999999999700e+00 5.159099999999999797e-01
6.600000000000000000e+01 1.529999999999999971e-01 7.645190000000000374e+00 5.174800000000000511e-01
6.700000000000000000e+01 1.529999999999999971e-01 7.656399999999999650e+00 5.187599999999999989e-01
6.800000000000000000e+01 1.529999999999999971e-01 7.668490000000000251e+00 5.196199999999999708e-01
6.900000000000000000e+01 1.529999999999999971e-01 7.679140000000000299e+00 5.203799999999999537e-01
7.000000000000000000e+01 1.529999999999999971e-01 7.688600000000000101e+00 5.208899999999999642e-01
7.100000000000000000e+01 1.529999999999999971e-01 7.698249999999999815e+00 5.213999999999999746e-01
7.200000000000000000e+01 1.529999999999999971e-01 7.707600000000000229e+00 5.218800000000000106e-01
7.300000000000000000e+01 1.529999999999999971e-01 7.716809999999999725e+00 5.224199999999999955e-01
7.400000000000000000e+01 1.529999999999999971e-01 7.725749999999999673e+00 5.229300000000000059e-01
7.500000000000000000e+01 1.529999999999999971e-01 7.734589999999999854e+00 5.233100000000000529e-01
7.600000000000000000e+01 1.529999999999999971e-01 7.743439999999999657e+00 5.236699999999999688e-01
7.700000000000000000e+01 1.529999999999999971e-01 7.752019999999999911e+00 5.239700000000000468e-01
7.800000000000000000e+01 1.529999999999999971e-01 7.760390000000000121e+00 5.242700000000000138e-01
7.900000000000000000e+01 1.529999999999999971e-01 7.769580000000000375e+00 5.248300000000000187e-01
8.000000000000000000e+01 1.529999999999999971e-01 7.777730000000000032e+00 5.252499999999999947e-01
8.100000000000000000e+01 1.529999999999999971e-01 7.785330000000000084e+00 5.254100000000000437e-01
8.200000000000000000e+01 1.529999999999999971e-01 7.792239999999999611e+00 5.254100000000000437e-01
8.300000000000000000e+01 1.529999999999999971e-01 7.798429999999999751e+00 5.254400000000000182e-01
8.400000000000000000e+01 1.529999999999999971e-01 7.804229999999999556e+00 5.254199999999999982e-01
8.500000000000000000e+01 1.529999999999999971e-01 7.809820000000000206e+00 5.253700000000000037e-01
8.600000000000000000e+01 1.529999999999999971e-01 7.815360000000000085e+00 5.252900000000000347e-01
8.700000000000000000e+01 1.529999999999999971e-01 7.821049999999999613e+00 5.253400000000000292e-01
8.800000000000000000e+01 1.529999999999999971e-01 7.826870000000000438e+00 5.254199999999999982e-01
8.900000000000000000e+01 1.529999999999999971e-01 7.832320000000000171e+00 5.254600000000000382e-01
9.000000000000000000e+01 1.529999999999999971e-01 7.837310000000000443e+00 5.254999999999999671e-01
9.100000000000000000e+01 1.529999999999999971e-01 7.842159999999999798e+00 5.255499999999999616e-01
9.200000000000000000e+01 1.529999999999999971e-01 7.846829999999999750e+00 5.256100000000000216e-01
9.300000000000000000e+01 1.529999999999999971e-01 7.851210000000000022e+00 5.257399999999999851e-01
9.400000000000000000e+01 1.529999999999999971e-01 7.855319999999999858e+00 5.258699999999999486e-01
9.500000000000000000e+01 1.529999999999999971e-01 7.859449999999999825e+00 5.260000000000000231e-01
9.600000000000000000e+01 1.529999999999999971e-01 7.863520000000000287e+00 5.261700000000000266e-01
9.700000000000000000e+01 1.529999999999999971e-01 7.867560000000000109e+00 5.263799999999999590e-01
9.800000000000000000e+01 1.529999999999999971e-01 7.871450000000000280e+00 5.265800000000000480e-01
9.900000000000000000e+01 1.529999999999999971e-01 7.875539999999999985e+00 5.267800000000000260e-01
1.000000000000000000e+02 1.529999999999999971e-01 7.879489999999999661e+00 5.269500000000000295e-01
1.010000000000000000e+02 1.529999999999999971e-01 7.883160000000000167e+00 5.271500000000000075e-01
1.020000000000000000e+02 1.529999999999999971e-01 7.886440000000000339e+00 5.273099999999999454e-01
1.030000000000000000e+02 1.529999999999999971e-01 7.889549999999999841e+00 5.274499999999999744e-01
1.040000000000000000e+02 1.529999999999999971e-01 7.892590000000000217e+00 5.275699999999999834e-01
1.050000000000000000e+02 1.529999999999999971e-01 7.895529999999999937e+00 5.276899999999999924e-01
1.060000000000000000e+02 1.529999999999999971e-01 7.898290000000000255e+00 5.278100000000000014e-01
1.070000000000000000e+02 1.529999999999999971e-01 7.901010000000000311e+00 5.279099999999999904e-01
1.080000000000000000e+02 1.529999999999999971e-01 7.903570000000000206e+00 5.280000000000000249e-01
1.090000000000000000e+02 1.529999999999999971e-01 7.905890000000000306e+00 5.280899999999999483e-01
1.100000000000000000e+02 1.529999999999999971e-01 7.908059999999999867e+00 5.281400000000000539e-01
1.110000000000000000e+02 1.529999999999999971e-01 7.910230000000000317e+00 5.281900000000000484e-01
1.120000000000000000e+02 1.529999999999999971e-01 7.912399999999999878e+00 5.282400000000000428e-01
1.130000000000000000e+02 1.529999999999999971e-01 7.914710000000000356e+00 5.283200000000000118e-01
1.140000000000000000e+02 1.529999999999999971e-01 7.917010000000000325e+00 5.284100000000000463e-01
1.150000000000000000e+02 1.529999999999999971e-01 7.919209999999999638e+00 5.284799999999999498e-01
1.160000000000000000e+02 1.529999999999999971e-01 7.921389999999999709e+00 5.285499999999999643e-01
1.170000000000000000e+02 1.529999999999999971e-01 7.923560000000000159e+00 5.286300000000000443e-01
1.180000000000000000e+02 1.529999999999999971e-01 7.925830000000000375e+00 5.287399999999999878e-01
1.190000000000000000e+02 1.529999999999999971e-01 7.927920000000000300e+00 5.288599999999999968e-01
1.200000000000000000e+02 1.529999999999999971e-01 7.929920000000000080e+00 5.289899999999999602e-01
