1.000000000000000000e+00 1.459999999999999909e-01 4.606840000000000046e+00 5.352999999999999980e-01
2.000000000000000000e+00 1.320000000000000062e-01 3.793010000000000215e+00 6.845400000000000373e-01
3.000000000000000000e+00 1.179999999999999938e-01 4.165259999999999962e+00 5.523799999999999821e-01
4.000000000000000000e+00 1.400000000000000029e-02 1.452990000000000004e+00 6.578600000000000003e-01
5.000000000000000000e+00 2.100000000000000130e-02 1.577720000000000011e+00 6.761899999999999578e-01
6.000000000000000000e+00 1.459999999999999909e-01 6.393539999999999779e+00 5.593700000000000339e-01
7.000000000000000000e+00 1.459999999999999909e-01 6.232929999999999637e+00 5.556999999999999718e-01
8.000000000000000000e+00 8.999999999999999667e-02 4.071209999999999773e+00 7.274899999999999700e-01
9.000000000000000000e+00 1.459999999999999909e-01 5.976079999999999615e+00 5.856799999999999784e-01
1.000000000000000000e+01 1.459999999999999909e-01 5.898500000000000298e+00 5.973600000000000021e-01
1.100000000000000000e+01 1.390000000000000124e-01 5.824029999999999596e+00 6.034800000000000164e-01
1.200000000000000000e+01 1.390000000000000124e-01 5.772960000000000313e+00 6.038900000000000379e-01
1.300000000000000000e+01 1.320000000000000062e-01 5.746520000000000294e+00 6.025000000000000355e-01
1.400000000000000000e+01 1.250000000000000000e-01 5.859270000000000422e+00 5.995800000000000018e-01
1.500000000000000000e+01 1.320000000000000062e-01 1.250879999999999992e+00 5.656299999999999661e-01
1.600000000000000000e+01 1.320000000000000062e-01 1.392360000000000042e+00 4.814599999999999991e-01
1.700000000000000000e+01 1.320000000000000062e-01 1.527539999999999898e+00 4.372599999999999820e-01
1.800000000000000000e+01 1.250000000000000000e-01 1.647790000000000088e+00 4.074300000000000144e-01
1.900000000000000000e+01 1.250000000000000000e-01 1.756089999999999929e+00 3.879000000000000226e-01
2.000000000000000000e+01 1.250000000000000000e-01 1.830750000000000099e+00 3.729799999999999782e-01
2.100000000000000000e+01 1.250000000000000000e-01 1.907280000000000086e+00 3.604299999999999726e-01
2.200000000000000000e+01 1.320000000000000062e-01 1.989559999999999995e+00 3.499700000000000033e-01
2.300000000000000000e+01 1.320000000000000062e-01 2.069560000000000066e+00 3.416699999999999737e-01
2.400000000000000000e+01 1.320000000000000062e-01 2.128480000000000150e+00 3.378599999999999937e-01
2.500000000000000000e+01 1.320000000000000062e-01 2.180400000000000116e+00 3.336999999999999966e-01
2.600000000000000000e+01 1.250000000000000000e-01 2.240229999999999944e+00 3.287900000000000267e-01
2.700000000000000000e+01 1.250000000000000000e-01 2.306900000000000173e+00 3.261399999999999855e-01
2.800000000000000000e+01 1.250000000000000000e-01 2.387080000000000091e+00 3.249900000000000011e-01
2.900000000000000000e+01 1.250000000000000000e-01 2.442250000000000032e+00 3.235399999999999943e-01
3.000000000000000000e+01 1.250000000000000000e-01 2.500000000000000000e+00 3.225199999999999734e-01
3.100000000000000000e+01 1.250000000000000000e-01 2.551180000000000003e+00 3.220000000000000084e-01
3.200000000000000000e+01 1.250000000000000000e-01 2.597599999999999909e+00 3.223099999999999854e-01
3.300000000000000000e+01 1.250000000000000000e-01 2.626069999999999904e+00 3.234799999999999898e-01
3.400000000000000000e+01 1.250000000000000000e-01 2.656880000000000130e+00 3.254400000000000071e-01
3.500000000000000000e+01 1.250000000000000000e-01 2.697020000000000195e+00 3.282100000000000017e-01
3.600000000000000000e+01 1.250000000000000000e-01 2.747059999999999835e+00 3.310100000000000264e-01
3.700000000000000000e+01 1.250000000000000000e-01 2.796710000000000029e+00 3.341399999999999926e-01
3.800000000000000000e+01 1.250000000000000000e-01 2.839339999999999975e+00 3.368999999999999773e-01
3.900000000000000000e+01 1.250000000000000000e-01 2.889120000000000132e+00 3.393999999999999795e-01
4.000000000000000000e+01 1.250000000000000000e-01 2.939620000000000122e+00 3.416399999999999992e-01
4.100000000000000000e+01 1.250000000000000000e-01 2.989900000000000002e+00 3.434099999999999930e-01
4.200000000000000000e+01 1.250000000000000000e-01 3.035460000000000047e+00 3.447000000000000064e-01
4.300000000000000000e+01 1.250000000000000000e-01 3.077609999999999957e+00 3.461199999999999832e-01
4.400000000000000000e+01 1.250000000000000000e-01 3.119740000000000180e+00 3.474700000000000011e-01
4.500000000000000000e+01 1.250000000000000000e-01 3.161369999999999791e+00 3.486799999999999899e-01
4.600000000000000000e+01 1.250000000000000000e-01 3.202609999999999957e+00 3.501000000000000223e-01
4.700000000000000000e+01 1.250000000000000000e-01 3.241130000000000067e+00 3.513299999999999756e-01
4.800000000000000000e+01 1.250000000000000000e-01 3.281359999999999832e+00 3.524399999999999755e-01
4.900000000000000000e+01 1.250000000000000000e-01 3.325579999999999981e+00 3.533800000000000274e-01
5.000000000000000000e+01 1.179999999999999938e-01 3.371719999999999828e+00 3.544900000000000273e-01
5.100000000000000000e+01 1.179999999999999938e-01 3.411220000000000141e+00 3.552699999999999747e-01
5.200000000000000000e+01 1.179999999999999938e-01 3.446320000000000050e+00 3.556500000000000217e-01
5.300000000000000000e+01 1.179999999999999938e-01 3.475989999999999913e+00 3.558999999999999941e-01
5.400000000000000000e+01 1.179999999999999938e-01 3.503639999999999866e+00 3.561099999999999821e-01
5.500000000000000000e+01 1.179999999999999938e-01 3.533199999999999896e+00 3.560300000000000131e-01
5.600000000000000000e+01 1.179999999999999938e-01 3.567320000000000046e+00 3.556500000000000217e-01
5.700000000000000000e+01 1.179999999999999938e-01 3.597799999999999887e+00 3.552699999999999747e-01
5.800000000000000000e+01 1.179999999999999938e-01 3.629710000000000214e+00 3.547199999999999798e-01
5.900000000000000000e+01 1.179999999999999938e-01 3.671670000000000211e+00 3.536000000000000254e-01
6.000000000000000000e+01 1.179999999999999938e-01 3.715790000000000148e+00 3.521900000000000031e-01
6.100000000000000000e+01 1.110000000000000014e-01 3.753760000000000208e+00 3.508200000000000207e-01
6.200000000000000000e+01 1.110000000000000014e-01 3.787819999999999965e+00 3.496299999999999963e-01
6.300000000000000000e+01 1.110000000000000014e-01 3.821309999999999985e+00 3.486400000000000055e-01
6.400000000000000000e+01 1.110000000000000014e-01 3.853040000000000020e+00 3.474800000000000111e-01
6.500000000000000000e+01 1.110000000000000014e-01 3.879919999999999813e+00 3.462100000000000177e-01
6.600000000000000000e+01 1.110000000000000014e-01 3.906690000000000218e+00 3.447600000000000109e-01
6.700000000000000000e+01 1.110000000000000014e-01 3.932859999999999800e+00 3.433300000000000241e-01
6.800000000000000000e+01 1.110000000000000014e-01 3.955960000000000143e+00 3.418399999999999772e-01
6.900000000000000000e+01 1.110000000000000014e-01 3.976900000000000102e+00 3.404800000000000049e-01
7.000000000000000000e+01 1.110000000000000014e-01 3.994610000000000216e+00 3.395900000000000030e-01
7.100000000000000000e+01 1.110000000000000014e-01 4.011910000000000309e+00 3.388499999999999845e-01
7.200000000000000000e+01 1.110000000000000014e-01 4.026970000000000383e+00 3.381500000000000061e-01
7.300000000000000000e+01 1.110000000000000014e-01 4.040210000000000079e+00 3.374699999999999922e-01
7.400000000000000000e+01 1.110000000000000014e-01 4.052900000000000169e+00 3.367600000000000038e-01
7.500000000000000000e+01 1.110000000000000014e-01 4.066060000000000230e+00 3.359500000000000264e-01
7.600000000000000000e+01 1.110000000000000014e-01 4.076260000000000439e+00 3.356299999999999839e-01
7.700000000000000000e+01 1.110000000000000014e-01 4.086310000000000109e+00 3.352499999999999925e-01
7.800000000000000000e+01 1.110000000000000014e-01 4.095579999999999998e+00 3.349099999999999855e-01
7.900000000000000000e+01 1.110000000000000014e-01 4.103559999999999874e+00 3.346199999999999730e-01
8.000000000000000000e+01 1.110000000000000014e-01 4.110899999999999999e+00 3.343499999999999805e-01
8.100000000000000000e+01 1.110000000000000014e-01 4.117989999999999817e+00 3.342200000000000171e-01
8.200000000000000000e+01 1.110000000000000014e-01 4.124850000000000350e+00 3.340199999999999836e-01
8.300000000000000000e+01 1.110000000000000014e-01 4.131709999999999994e+00 3.339199999999999946e-01
8.400000000000000000e+01 1.110000000000000014e-01 4.141799999999999926e+00 3.337200000000000166e-01
8.500000000000000000e+01 1.110000000000000014e-01 4.152999999999999581e+00 3.333699999999999997e-01
8.600000000000000000e+01 1.110000000000000014e-01 4.165169999999999817e+00 3.329799999999999982e-01
8.700000000000000000e+01 1.110000000000000014e-01 4.177050000000000374e+00 3.326100000000000168e-01
8.800000000000000000e+01 1.110000000000000014e-01 4.189960000000000129e+00 3.321700000000000208e-01
8.900000000000000000e+01 1.110000000000000014e-01 4.202580000000000204e+00 3.320000000000000173e-01
9.000000000000000000e+01 1.110000000000000014e-01 4.214540000000000397e+00 3.320299999999999918e-01
9.100000000000000000e+01 1.110000000000000014e-01 4.228139999999999787e+00 3.321100000000000163e-01
9.200000000000000000e+01 1.110000000000000014e-01 4.241939999999999600e+00 3.323900000000000188e-01
9.300000000000000000e+01 1.110000000000000014e-01 4.255329999999999835e+00 3.327499999999999902e-01
9.400000000000000000e+01 1.039999999999999952e-01 4.270539999999999559e+00 3.326200000000000268e-01
9.500000000000000000e+01 1.039999999999999952e-01 4.285090000000000288e+00 3.325199999999999823e-01
9.600000000000000000e+01 1.039999999999999952e-01 4.298379999999999868e+00 3.323900000000000188e-01
9.700000000000000000e+01 1.039999999999999952e-01 4.312680000000000291e+00 3.322999999999999843e-01
9.800000000000000000e+01 1.039999999999999952e-01 4.327869999999999884e+00 3.323400000000000243e-01
9.900000000000000000e+01 1.039999999999999952e-01 4.343189999999999884e+00 3.326399999999999912e-01
1.000000000000000000e+02 1.039999999999999952e-01 4.356900000000000439e+00 3.327800000000000202e-01
1.010000000000000000e+02 1.039999999999999952e-01 4.371039999999999814e+00 3.329500000000000237e-01
1.020000000000000000e+02 1.039999999999999952e-01 4.383600000000000385e+00 3.331700000000000217e-01
1.030000000000000000e+02 1.039999999999999952e-01 4.395299999999999763e+00 3.333599999999999897e-01
1.040000000000000000e+02 1.039999999999999952e-01 4.407390000000000363e+00 3.334699999999999886e-01
1.050000000000000000e+02 1.039999999999999952e-01 4.420189999999999841e+00 3.336200000000000276e-01
1.060000000000000000e+02 1.039999999999999952e-01 4.433290000000000397e+00 3.338499999999999801e-01
1.070000000000000000e+02 1.039999999999999952e-01 4.445409999999999862e+00 3.341700000000000226e-01
1.080000000000000000e+02 1.039999999999999952e-01 4.456140000000000434e+00 3.345400000000000040e-01
1.090000000000000000e+02 1.039999999999999952e-01 4.468700000000000117e+00 3.348800000000000110e-01
1.100000000000000000e+02 1.039999999999999952e-01 4.480489999999999640e+00 3.349800000000000000e-01
1.110000000000000000e+02 1.039999999999999952e-01 4.492009999999999614e+00 3.349599999999999800e-01
1.120000000000000000e+02 1.039999999999999952e-01 4.503079999999999750e+00 3.350000000000000200e-01
1.130000000000000000e+02 1.039999999999999952e-01 4.512529999999999930e+00 3.350899999999999990e-01
1.140000000000000000e+02 1.039999999999999952e-01 4.521819999999999951e+00 3.351700000000000235e-01
1.150000000000000000e+02 1.039999999999999952e-01 4.529790000000000205e+00 3.353200000000000069e-01
1.160000000000000000e+02 1.039999999999999952e-01 4.538140000000000285e+00 3.355299999999999949e-01
1.170000000000000000e+02 1.039999999999999952e-01 4.547109999999999985e+00 3.360099999999999754e-01
1.180000000000000000e+02 1.039999999999999952e-01 4.555469999999999686e+00 3.367600000000000038e-01
1.190000000000000000e+02 1.039999999999999952e-01 4.563390000000000057e+00 3.376199999999999757e-01
1.200000000000000000e+02 1.110000000000000014e-01 4.570969999999999978e+00 3.387299999999999756e-01
