1.000000000000000000e+00 1.670000000000000095e-01 5.427929999999999922e+00 4.080199999999999938e-01
2.000000000000000000e+00 1.600000000000000033e-01 5.750119999999999898e+00 4.720300000000000051e-01
3.000000000000000000e+00 1.739999999999999880e-01 5.668490000000000251e+00 4.495299999999999851e-01
4.000000000000000000e+00 1.670000000000000095e-01 5.814820000000000100e+00 5.237199999999999633e-01
5.000000000000000000e+00 1.809999999999999942e-01 5.973119999999999763e+00 4.740099999999999869e-01
6.000000000000000000e+00 1.809999999999999942e-01 6.100249999999999950e+00 4.193999999999999950e-01
7.000000000000000000e+00 1.739999999999999880e-01 6.208129999999999704e+00 3.768699999999999828e-01
8.000000000000000000e+00 1.739999999999999880e-01 5.714369999999999727e+00 2.646800000000000264e-01
9.000000000000000000e+00 1.670000000000000095e-01 3.864689999999999959e+00 4.095400000000000151e-01
1.000000000000000000e+01 1.809999999999999942e-01 4.171470000000000233e+00 4.476499999999999924e-01
1.100000000000000000e+01 1.880000000000000004e-01 4.235929999999999751e+00 4.526000000000000023e-01
1.200000000000000000e+01 1.880000000000000004e-01 4.228620000000000267e+00 4.527300000000000213e-01
1.300000000000000000e+01 1.880000000000000004e-01 4.232669999999999710e+00 4.561899999999999844e-01
1.400000000000000000e+01 1.880000000000000004e-01 4.212799999999999656e+00 4.561600000000000099e-01
1.500000000000000000e+01 1.809999999999999942e-01 4.086520000000000152e+00 4.546600000000000086e-01
1.600000000000000000e+01 1.880000000000000004e-01 3.988910000000000178e+00 4.531000000000000028e-01
1.700000000000000000e+01 1.809999999999999942e-01 3.901450000000000085e+00 4.528200000000000003e-01
1.800000000000000000e+01 1.809999999999999942e-01 3.785429999999999851e+00 4.541299999999999781e-01
1.900000000000000000e+01 1.809999999999999942e-01 3.722140000000000004e+00 4.558499999999999774e-01
2.000000000000000000e+01 1.809999999999999942e-01 3.711469999999999825e+00 4.585799999999999876e-01
2.100000000000000000e+01 1.809999999999999942e-01 3.710570000000000146e+00 4.597499999999999920e-01
2.200000000000000000e+01 1.809999999999999942e-01 3.714830000000000076e+00 4.600000000000000200e-01
2.300000000000000000e+01 1.809999999999999942e-01 3.728870000000000129e+00 4.603700000000000014e-01
2.400000000000000000e+01 1.809999999999999942e-01 3.754000000000000004e+00 4.619900000000000118e-01
2.500000000000000000e+01 1.809999999999999942e-01 3.798379999999999868e+00 4.645000000000000240e-01
2.600000000000000000e+01 1.809999999999999942e-01 3.822579999999999867e+00 4.652700000000000169e-01
2.700000000000000000e+01 1.880000000000000004e-01 3.820460000000000189e+00 4.658399999999999763e-01
2.800000000000000000e+01 1.809999999999999942e-01 3.818060000000000009e+00 4.666899999999999937e-01
2.900000000000000000e+01 1.809999999999999942e-01 3.821940000000000115e+00 4.673300000000000232e-01
3.000000000000000000e+01 1.809999999999999942e-01 3.830319999999999947e+00 4.687799999999999745e-01
3.100000000000000000e+01 1.809999999999999942e-01 3.833819999999999784e+00 4.701299999999999923e-01
3.200000000000000000e+01 1.809999999999999942e-01 3.850690000000000168e+00 4.715099999999999847e-01
3.300000000000000000e+01 1.809999999999999942e-01 3.865590000000000082e+00 4.721199999999999841e-01
3.400000000000000000e+01 1.809999999999999942e-01 3.877130000000000187e+00 4.723399999999999821e-01
3.500000000000000000e+01 1.809999999999999942e-01 3.890249999999999986e+00 4.724499999999999811e-01
3.600000000000000000e+01 1.809999999999999942e-01 3.902190000000000047e+00 4.722500000000000031e-01
3.700000000000000000e+01 1.809999999999999942e-01 3.917060000000000208e+00 4.720199999999999951e-01
3.800000000000000000e+01 1.809999999999999942e-01 3.933170000000000055e+00 4.717199999999999727e-01
3.900000000000000000e+01 1.809999999999999942e-01 3.948449999999999793e+00 4.713700000000000112e-01
4.000000000000000000e+01 1.809999999999999942e-01 3.962559999999999860e+00 4.708600000000000008e-01
4.100000000000000000e+01 1.809999999999999942e-01 3.976980000000000182e+00 4.703600000000000003e-01
4.200000000000000000e+01 1.809999999999999942e-01 3.994289999999999896e+00 4.700799999999999979e-01
4.300000000000000000e+01 1.809999999999999942e-01 4.013779999999999681e+00 4.698599999999999999e-01
4.400000000000000000e+01 1.809999999999999942e-01 4.032079999999999664e+00 4.694699999999999984e-01
4.500000000000000000e+01 1.809999999999999942e-01 4.050639999999999574e+00 4.691699999999999759e-01
4.600000000000000000e+01 1.809999999999999942e-01 4.067890000000000228e+00 4.688499999999999890e-01
4.700000000000000000e+01 1.809999999999999942e-01 4.085130000000000372e+00 4.686400000000000010e-01
4.800000000000000000e+01 1.809999999999999942e-01 4.105269999999999975e+00 4.685400000000000120e-01
4.900000000000000000e+01 1.809999999999999942e-01 4.126970000000000027e+00 4.687899999999999845e-01
5.000000000000000000e+01 1.809999999999999942e-01 4.148930000000000007e+00 4.690900000000000070e-01
5.100000000000000000e+01 1.809999999999999942e-01 4.172690000000000232e+00 4.694599999999999884e-01
5.200000000000000000e+01 1.809999999999999942e-01 4.195079999999999920e+00 4.699900000000000189e-01
5.300000000000000000e+01 1.809999999999999942e-01 4.213370000000000282e+00 4.704499999999999793e-01
5.400000000000000000e+01 1.809999999999999942e-01 4.224459999999999660e+00 4.705099999999999838e-01
5.500000000000000000e+01 1.809999999999999942e-01 4.231370000000000076e+00 4.699200000000000044e-01
5.600000000000000000e+01 1.809999999999999942e-01 4.238929999999999865e+00 4.693300000000000249e-01
5.700000000000000000e+01 1.809999999999999942e-01 4.245549999999999713e+00 4.687100000000000155e-01
5.800000000000000000e+01 1.809999999999999942e-01 4.251360000000000028e+00 4.680199999999999916e-01
5.900000000000000000e+01 1.809999999999999942e-01 4.259450000000000180e+00 4.673499999999999877e-01
6.000000000000000000e+01 1.809999999999999942e-01 4.268889999999999851e+00 4.668200000000000127e-01
6.100000000000000000e+01 1.809999999999999942e-01 4.277969999999999828e+00 4.663700000000000068e-01
6.200000000000000000e+01 1.809999999999999942e-01 4.286529999999999951e+00 4.661299999999999888e-01
6.300000000000000000e+01 1.809999999999999942e-01 4.294710000000000250e+00 4.660400000000000098e-01
6.400000000000000000e+01 1.809999999999999942e-01 4.302629999999999733e+00 4.659499999999999753e-01
6.500000000000000000e+01 1.809999999999999942e-01 4.310620000000000118e+00 4.659699999999999953e-01
6.600000000000000000e+01 1.809999999999999942e-01 4.318710000000000271e+00 4.660900000000000043e-01
6.700000000000000000e+01 1.809999999999999942e-01 4.327090000000000103e+00 4.663100000000000023e-01
6.800000000000000000e+01 1.809999999999999942e-01 4.335340000000000416e+00 4.666600000000000192e-01
6.900000000000000000e+01 1.809999999999999942e-01 4.343499999999999694e+00 4.670799999999999952e-01
7.000000000000000000e+01 1.809999999999999942e-01 4.351359999999999673e+00 4.675099999999999811e-01
7.100000000000000000e+01 1.809999999999999942e-01 4.360140000000000349e+00 4.680300000000000016e-01
7.200000000000000000e+01 1.809999999999999942e-01 4.367899999999999672e+00 4.685199999999999920e-01
7.300000000000000000e+01 1.809999999999999942e-01 4.373739999999999739e+00 4.690300000000000025e-01
7.400000000000000000e+01 1.809999999999999942e-01 4.378239999999999910e+00 4.695400000000000129e-01
7.500000000000000000e+01 1.809999999999999942e-01 4.382810000000000095e+00 4.699800000000000089e-01
7.600000000000000000e+01 1.809999999999999942e-01 4.387089999999999712e+00 4.703100000000000058e-01
7.700000000000000000e+01 1.809999999999999942e-01 4.388670000000000293e+00 4.704800000000000093e-01
7.800000000000000000e+01 1.809999999999999942e-01 4.388189999999999813e+00 4.704300000000000148e-01
7.900000000000000000e+01 1.809999999999999942e-01 4.388379999999999725e+00 4.704099999999999948e-01
8.000000000000000000e+01 1.809999999999999942e-01 4.387730000000000352e+00 4.703999999999999848e-01
8.100000000000000000e+01 1.809999999999999942e-01 4.389199999999999768e+00 4.704999999999999738e-01
8.200000000000000000e+01 1.809999999999999942e-01 4.391119999999999912e+00 4.706799999999999873e-01
8.300000000000000000e+01 1.809999999999999942e-01 4.394079999999999764e+00 4.709099999999999953e-01
8.400000000000000000e+01 1.809999999999999942e-01 4.397590000000000110e+00 4.710799999999999987e-01
8.500000000000000000e+01 1.739999999999999880e-01 4.400369999999999671e+00 4.712000000000000077e-01
8.600000000000000000e+01 1.739999999999999880e-01 4.403400000000000425e+00 4.713399999999999812e-01
8.700000000000000000e+01 1.739999999999999880e-01 4.406489999999999796e+00 4.714999999999999747e-01
8.800000000000000000e+01 1.739999999999999880e-01 4.410800000000000054e+00 4.717600000000000127e-01
8.900000000000000000e+01 1.739999999999999880e-01 4.414810000000000123e+00 4.720500000000000251e-01
9.000000000000000000e+01 1.739999999999999880e-01 4.419150000000000134e+00 4.723800000000000221e-01
9.100000000000000000e+01 1.739999999999999880e-01 4.424150000000000027e+00 4.727000000000000091e-01
9.200000000000000000e+01 1.739999999999999880e-01 4.430670000000000108e+00 4.731600000000000250e-01
9.300000000000000000e+01 1.739999999999999880e-01 4.436650000000000205e+00 4.736500000000000155e-01
9.400000000000000000e+01 1.739999999999999880e-01 4.443579999999999863e+00 4.741099999999999759e-01
9.500000000000000000e+01 1.739999999999999880e-01 4.450890000000000235e+00 4.745400000000000174e-01
9.600000000000000000e+01 1.739999999999999880e-01 4.458669999999999689e+00 4.749300000000000188e-01
9.700000000000000000e+01 1.739999999999999880e-01 4.467859999999999943e+00 4.754599999999999937e-01
9.800000000000000000e+01 1.739999999999999880e-01 4.476580000000000226e+00 4.759399999999999742e-01
9.900000000000000000e+01 1.739999999999999880e-01 4.484919999999999796e+00 4.764100000000000001e-01
1.000000000000000000e+02 1.739999999999999880e-01 4.493490000000000428e+00 4.769499999999999851e-01
1.010000000000000000e+02 1.739999999999999880e-01 4.502819999999999823e+00 4.775499999999999745e-01
1.020000000000000000e+02 1.739999999999999880e-01 4.512870000000000381e+00 4.783200000000000229e-01
1.030000000000000000e+02 1.739999999999999880e-01 4.523579999999999934e+00 4.791500000000000203e-01
1.040000000000000000e+02 1.739999999999999880e-01 4.536179999999999879e+00 4.801699999999999857e-01
1.050000000000000000e+02 1.739999999999999880e-01 4.552520000000000344e+00 4.815699999999999981e-01
1.060000000000000000e+02 1.739999999999999880e-01 4.568749999999999645e+00 4.829300000000000259e-01
1.070000000000000000e+02 1.670000000000000095e-01 4.583960000000000257e+00 4.841500000000000248e-01
1.080000000000000000e+02 1.670000000000000095e-01 4.600139999999999674e+00 4.855999999999999761e-01
1.090000000000000000e+02 1.670000000000000095e-01 4.615520000000000067e+00 4.869899999999999785e-01
1.100000000000000000e+02 1.670000000000000095e-01 4.628669999999999618e+00 4.880900000000000238e-01
1.110000000000000000e+02 1.670000000000000095e-01 4.639549999999999841e+00 4.888700000000000268e-01
1.120000000000000000e+02 1.670000000000000095e-01 4.650999999999999801e+00 4.897299999999999986e-01
1.130000000000000000e+02 1.670000000000000095e-01 4.661609999999999587e+00 4.904899999999999816e-01
1.140000000000000000e+02 1.670000000000000095e-01 4.670659999999999812e+00 4.910599999999999965e-01
1.150000000000000000e+02 1.600000000000000033e-01 4.680380000000000429e+00 4.916900000000000159e-01
1.160000000000000000e+02 1.600000000000000033e-01 4.689779999999999838e+00 4.922799999999999954e-01
1.170000000000000000e+02 1.600000000000000033e-01 4.700210000000000221e+00 4.929999999999999938e-01
1.180000000000000000e+02 1.600000000000000033e-01 4.710410000000000430e+00 4.936900000000000177e-01
1.190000000000000000e+02 1.600000000000000033e-01 4.719929999999999737e+00 4.943500000000000116e-01
1.200000000000000000e+02 1.529999999999999971e-01 4.729359999999999786e+00 4.949899999999999856e-01
