1.000000000000000000e+00 1.739999999999999880e-01 5.271910000000000096e+00 1.107500000000000012e-01
2.000000000000000000e+00 1.670000000000000095e-01 4.803169999999999717e+00 2.508299999999999974e-01
3.000000000000000000e+00 1.739999999999999880e-01 4.674509999999999721e+00 2.657900000000000262e-01
4.000000000000000000e+00 1.739999999999999880e-01 5.085049999999999848e+00 2.953700000000000214e-01
5.000000000000000000e+00 1.670000000000000095e-01 5.175060000000000215e+00 3.437899999999999845e-01
6.000000000000000000e+00 1.670000000000000095e-01 5.581459999999999866e+00 3.613199999999999745e-01
7.000000000000000000e+00 1.670000000000000095e-01 5.749729999999999563e+00 3.678100000000000258e-01
8.000000000000000000e+00 1.600000000000000033e-01 5.462180000000000035e+00 3.416000000000000147e-01
9.000000000000000000e+00 1.600000000000000033e-01 5.350749999999999673e+00 3.358599999999999919e-01
1.000000000000000000e+01 1.600000000000000033e-01 5.241349999999999731e+00 3.317899999999999738e-01
1.100000000000000000e+01 1.529999999999999971e-01 5.105819999999999581e+00 3.293099999999999916e-01
1.200000000000000000e+01 1.670000000000000095e-01 4.265930000000000000e+00 4.804100000000000037e-01
1.300000000000000000e+01 1.670000000000000095e-01 4.185249999999999915e+00 4.853100000000000191e-01
1.400000000000000000e+01 1.600000000000000033e-01 4.184309999999999974e+00 4.845900000000000207e-01
1.500000000000000000e+01 1.179999999999999938e-01 3.127549999999999830e+00 7.809300000000000130e-01
1.600000000000000000e+01 1.250000000000000000e-01 3.075289999999999857e+00 7.773999999999999799e-01
1.700000000000000000e+01 1.179999999999999938e-01 3.039789999999999992e+00 7.743400000000000283e-01
1.800000000000000000e+01 1.179999999999999938e-01 3.016070000000000029e+00 7.717600000000000016e-01
1.900000000000000000e+01 1.179999999999999938e-01 3.002660000000000107e+00 7.694900000000000073e-01
2.000000000000000000e+01 1.179999999999999938e-01 2.989980000000000082e+00 7.673400000000000221e-01
2.100000000000000000e+01 1.179999999999999938e-01 2.970229999999999926e+00 7.640500000000000069e-01
2.200000000000000000e+01 1.179999999999999938e-01 2.946250000000000036e+00 7.613499999999999712e-01
2.300000000000000000e+01 1.179999999999999938e-01 2.928560000000000052e+00 7.584800000000000431e-01
2.400000000000000000e+01 1.179999999999999938e-01 2.916479999999999961e+00 7.561200000000000143e-01
2.500000000000000000e+01 1.179999999999999938e-01 2.906309999999999949e+00 7.539299999999999891e-01
2.600000000000000000e+01 1.179999999999999938e-01 2.895859999999999879e+00 7.511799999999999589e-01
2.700000000000000000e+01 1.179999999999999938e-01 2.883729999999999905e+00 7.482799999999999452e-01
2.800000000000000000e+01 1.179999999999999938e-01 2.863220000000000098e+00 7.449700000000000211e-01
2.900000000000000000e+01 1.179999999999999938e-01 2.839189999999999880e+00 7.406000000000000361e-01
3.000000000000000000e+01 1.179999999999999938e-01 2.818999999999999950e+00 7.357500000000000151e-01
3.100000000000000000e+01 1.179999999999999938e-01 2.805289999999999839e+00 7.315599999999999881e-01
3.200000000000000000e+01 1.809999999999999942e-01 6.206680000000000419e+00 5.746099999999999541e-01
3.300000000000000000e+01 1.809999999999999942e-01 6.191300000000000026e+00 5.719100000000000295e-01
3.400000000000000000e+01 1.809999999999999942e-01 6.173610000000000042e+00 5.689400000000000013e-01
3.500000000000000000e+01 1.809999999999999942e-01 6.152840000000000309e+00 5.654799999999999827e-01
3.600000000000000000e+01 1.809999999999999942e-01 6.129290000000000127e+00 5.617799999999999461e-01
3.700000000000000000e+01 1.809999999999999942e-01 6.103959999999999830e+00 5.576799999999999535e-01
3.800000000000000000e+01 1.809999999999999942e-01 6.076069999999999638e+00 5.534499999999999975e-01
3.900000000000000000e+01 1.809999999999999942e-01 6.048160000000000203e+00 5.495400000000000285e-01
4.000000000000000000e+01 1.809999999999999942e-01 6.023539999999999672e+00 5.457999999999999519e-01
4.100000000000000000e+01 1.809999999999999942e-01 6.001649999999999707e+00 5.420700000000000518e-01
4.200000000000000000e+01 1.809999999999999942e-01 5.977179999999999715e+00 5.381799999999999917e-01
4.300000000000000000e+01 1.809999999999999942e-01 5.954439999999999955e+00 5.343799999999999661e-01
4.400000000000000000e+01 1.809999999999999942e-01 5.930920000000000414e+00 5.305800000000000516e-01
4.500000000000000000e+01 1.809999999999999942e-01 5.907239999999999824e+00 5.267699999999999605e-01
4.600000000000000000e+01 1.809999999999999942e-01 5.886840000000000295e+00 5.231200000000000294e-01
4.700000000000000000e+01 1.809999999999999942e-01 5.867720000000000269e+00 5.193600000000000438e-01
4.800000000000000000e+01 1.809999999999999942e-01 5.851169999999999760e+00 5.158099999999999907e-01
4.900000000000000000e+01 1.809999999999999942e-01 5.836800000000000210e+00 5.124900000000000011e-01
5.000000000000000000e+01 1.809999999999999942e-01 5.820549999999999891e+00 5.090799999999999770e-01
5.100000000000000000e+01 1.809999999999999942e-01 5.804210000000000313e+00 5.057199999999999473e-01
5.200000000000000000e+01 1.809999999999999942e-01 5.786389999999999922e+00 5.023800000000000487e-01
5.300000000000000000e+01 1.809999999999999942e-01 5.768650000000000055e+00 4.991200000000000081e-01
5.400000000000000000e+01 1.809999999999999942e-01 5.752489999999999881e+00 4.958099999999999730e-01
5.500000000000000000e+01 1.809999999999999942e-01 5.736329999999999707e+00 4.925700000000000078e-01
5.600000000000000000e+01 1.809999999999999942e-01 5.720439999999999969e+00 4.893500000000000072e-01
5.700000000000000000e+01 1.809999999999999942e-01 5.704340000000000188e+00 4.862299999999999955e-01
5.800000000000000000e+01 1.809999999999999942e-01 5.687380000000000102e+00 4.832099999999999729e-01
5.900000000000000000e+01 1.809999999999999942e-01 5.674249999999999794e+00 4.802100000000000257e-01
6.000000000000000000e+01 1.809999999999999942e-01 5.665869999999999962e+00 4.771799999999999931e-01
6.100000000000000000e+01 1.809999999999999942e-01 5.659290000000000376e+00 4.741799999999999904e-01
6.200000000000000000e+01 1.809999999999999942e-01 5.654639999999999667e+00 4.711000000000000187e-01
6.300000000000000000e+01 1.809999999999999942e-01 5.649000000000000021e+00 4.682999999999999940e-01
6.400000000000000000e+01 1.739999999999999880e-01 5.641659999999999897e+00 4.656799999999999828e-01
6.500000000000000000e+01 1.739999999999999880e-01 5.633379999999999832e+00 4.630600000000000271e-01
6.600000000000000000e+01 1.739999999999999880e-01 5.624539999999999651e+00 4.604400000000000159e-01
6.700000000000000000e+01 1.670000000000000095e-01 5.613249999999999851e+00 4.578900000000000192e-01
6.800000000000000000e+01 1.670000000000000095e-01 5.600780000000000314e+00 4.554799999999999960e-01
6.900000000000000000e+01 1.670000000000000095e-01 5.586050000000000182e+00 4.530199999999999783e-01
7.000000000000000000e+01 1.670000000000000095e-01 5.571889999999999787e+00 4.505100000000000215e-01
7.100000000000000000e+01 1.670000000000000095e-01 5.558069999999999844e+00 4.479299999999999948e-01
7.200000000000000000e+01 1.739999999999999880e-01 5.543359999999999843e+00 4.452900000000000191e-01
7.300000000000000000e+01 1.739999999999999880e-01 5.526399999999999757e+00 4.427599999999999869e-01
7.400000000000000000e+01 1.739999999999999880e-01 5.508309999999999818e+00 4.403400000000000092e-01
7.500000000000000000e+01 1.739999999999999880e-01 5.489460000000000228e+00 4.379899999999999904e-01
7.600000000000000000e+01 1.739999999999999880e-01 5.470979999999999954e+00 4.356700000000000017e-01
7.700000000000000000e+01 1.739999999999999880e-01 5.452040000000000219e+00 4.334399999999999920e-01
7.800000000000000000e+01 1.739999999999999880e-01 5.433729999999999727e+00 4.311900000000000177e-01
7.900000000000000000e+01 1.739999999999999880e-01 5.414950000000000152e+00 4.289399999999999880e-01
8.000000000000000000e+01 1.739999999999999880e-01 5.397429999999999950e+00 4.267599999999999727e-01
8.100000000000000000e+01 1.670000000000000095e-01 5.381630000000000358e+00 4.246099999999999874e-01
8.200000000000000000e+01 1.670000000000000095e-01 5.365109999999999602e+00 4.224399999999999822e-01
8.300000000000000000e+01 1.670000000000000095e-01 5.347839999999999705e+00 4.202099999999999724e-01
8.400000000000000000e+01 1.670000000000000095e-01 5.331859999999999822e+00 4.179999999999999827e-01
8.500000000000000000e+01 1.670000000000000095e-01 5.316550000000000331e+00 4.158600000000000074e-01
8.600000000000000000e+01 1.670000000000000095e-01 5.301309999999999967e+00 4.137100000000000222e-01
8.700000000000000000e+01 1.670000000000000095e-01 5.287219999999999587e+00 4.116500000000000159e-01
8.800000000000000000e+01 1.670000000000000095e-01 5.272770000000000401e+00 4.096199999999999841e-01
8.900000000000000000e+01 1.670000000000000095e-01 5.259260000000000268e+00 4.076400000000000023e-01
9.000000000000000000e+01 1.670000000000000095e-01 5.246970000000000134e+00 4.058200000000000141e-01
9.100000000000000000e+01 1.670000000000000095e-01 5.236760000000000304e+00 4.040500000000000203e-01
9.200000000000000000e+01 1.670000000000000095e-01 5.225399999999999601e+00 4.022899999999999809e-01
9.300000000000000000e+01 1.670000000000000095e-01 5.216420000000000279e+00 4.003900000000000237e-01
9.400000000000000000e+01 1.670000000000000095e-01 5.208319999999999617e+00 3.985099999999999754e-01
9.500000000000000000e+01 1.670000000000000095e-01 5.198999999999999844e+00 3.966100000000000181e-01
9.600000000000000000e+01 1.670000000000000095e-01 5.191099999999999604e+00 3.946799999999999753e-01
9.700000000000000000e+01 1.739999999999999880e-01 5.182470000000000354e+00 3.925899999999999945e-01
9.800000000000000000e+01 1.739999999999999880e-01 5.174769999999999648e+00 3.904199999999999893e-01
9.900000000000000000e+01 1.739999999999999880e-01 5.169150000000000134e+00 3.881899999999999795e-01
1.000000000000000000e+02 1.739999999999999880e-01 5.163940000000000197e+00 3.858900000000000108e-01
1.010000000000000000e+02 1.739999999999999880e-01 5.157809999999999562e+00 3.833500000000000241e-01
1.020000000000000000e+02 1.739999999999999880e-01 5.153159999999999741e+00 3.806399999999999784e-01
1.030000000000000000e+02 1.739999999999999880e-01 5.147249999999999659e+00 3.779500000000000082e-01
1.040000000000000000e+02 1.739999999999999880e-01 5.144079999999999764e+00 3.754199999999999759e-01
1.050000000000000000e+02 1.739999999999999880e-01 5.177399999999999558e+00 4.382400000000000184e-01
1.060000000000000000e+02 1.739999999999999880e-01 5.164609999999999701e+00 4.407400000000000206e-01
1.070000000000000000e+02 1.739999999999999880e-01 5.168779999999999930e+00 4.407200000000000006e-01
1.080000000000000000e+02 1.739999999999999880e-01 5.173449999999999882e+00 4.406999999999999806e-01
1.090000000000000000e+02 1.670000000000000095e-01 5.178720000000000212e+00 4.406700000000000061e-01
1.100000000000000000e+02 1.670000000000000095e-01 5.184450000000000003e+00 4.406399999999999761e-01
1.110000000000000000e+02 1.670000000000000095e-01 5.190529999999999866e+00 4.406100000000000017e-01
1.120000000000000000e+02 1.670000000000000095e-01 5.196810000000000151e+00 4.406599999999999961e-01
1.130000000000000000e+02 1.670000000000000095e-01 5.203179999999999694e+00 4.407099999999999906e-01
1.140000000000000000e+02 1.670000000000000095e-01 5.209360000000000213e+00 4.407900000000000151e-01
1.150000000000000000e+02 1.670000000000000095e-01 5.214750000000000441e+00 4.408299999999999996e-01
1.160000000000000000e+02 1.670000000000000095e-01 5.220170000000000421e+00 4.408500000000000196e-01
1.170000000000000000e+02 1.670000000000000095e-01 5.225270000000000081e+00 4.408500000000000196e-01
1.180000000000000000e+02 1.670000000000000095e-01 5.229149999999999743e+00 4.407400000000000206e-01
1.190000000000000000e+02 1.670000000000000095e-01 5.232689999999999841e+00 4.405800000000000272e-01
1.200000000000000000e+02 1.670000000000000095e-01 5.236100000000000421e+00 4.404000000000000137e-01
