1.000000000000000000e+00 1.809999999999999942e-01 6.941629999999999967e+00 4.926200000000000023e-01
2.000000000000000000e+00 1.809999999999999942e-01 3.701109999999999900e+00 8.016699999999999937e-01
3.000000000000000000e+00 1.739999999999999880e-01 3.736069999999999780e+00 7.604499999999999593e-01
4.000000000000000000e+00 1.940000000000000058e-01 7.136589999999999989e+00 2.473499999999999865e-01
5.000000000000000000e+00 1.670000000000000095e-01 7.267070000000000363e+00 3.521900000000000031e-01
6.000000000000000000e+00 1.670000000000000095e-01 7.240000000000000213e+00 3.361399999999999944e-01
7.000000000000000000e+00 1.739999999999999880e-01 7.247300000000000075e+00 3.239400000000000057e-01
8.000000000000000000e+00 1.739999999999999880e-01 7.231519999999999726e+00 3.157800000000000051e-01
9.000000000000000000e+00 1.739999999999999880e-01 7.226099999999999746e+00 3.109199999999999742e-01
1.000000000000000000e+01 1.739999999999999880e-01 7.222319999999999851e+00 3.074299999999999811e-01
1.100000000000000000e+01 1.739999999999999880e-01 7.224499999999999922e+00 3.044600000000000084e-01
1.200000000000000000e+01 1.739999999999999880e-01 7.231359999999999566e+00 3.022000000000000242e-01
1.300000000000000000e+01 1.739999999999999880e-01 7.243249999999999744e+00 2.994899999999999785e-01
1.400000000000000000e+01 1.739999999999999880e-01 7.268329999999999735e+00 2.979700000000000126e-01
1.500000000000000000e+01 1.739999999999999880e-01 7.292209999999999859e+00 2.965300000000000158e-01
1.600000000000000000e+01 1.809999999999999942e-01 7.310789999999999900e+00 2.949399999999999800e-01
1.700000000000000000e+01 1.809999999999999942e-01 7.347109999999999808e+00 2.943999999999999950e-01
1.800000000000000000e+01 1.809999999999999942e-01 7.388410000000000366e+00 2.938100000000000156e-01
1.900000000000000000e+01 1.809999999999999942e-01 7.430250000000000021e+00 2.923999999999999932e-01
2.000000000000000000e+01 1.809999999999999942e-01 7.460429999999999673e+00 2.911199999999999899e-01
2.100000000000000000e+01 1.809999999999999942e-01 7.492939999999999934e+00 2.899499999999999855e-01
2.200000000000000000e+01 1.809999999999999942e-01 7.524930000000000341e+00 2.890599999999999836e-01
2.300000000000000000e+01 1.809999999999999942e-01 7.557190000000000296e+00 2.887399999999999967e-01
2.400000000000000000e+01 1.809999999999999942e-01 7.589870000000000339e+00 2.891199999999999881e-01
2.500000000000000000e+01 1.809999999999999942e-01 7.623050000000000104e+00 2.897199999999999775e-01
2.600000000000000000e+01 1.809999999999999942e-01 7.655509999999999593e+00 2.905300000000000105e-01
2.700000000000000000e+01 1.809999999999999942e-01 7.685489999999999711e+00 2.908600000000000074e-01
2.800000000000000000e+01 1.809999999999999942e-01 7.711159999999999570e+00 2.909200000000000119e-01
2.900000000000000000e+01 1.809999999999999942e-01 7.736170000000000435e+00 2.910599999999999854e-01
3.000000000000000000e+01 1.809999999999999942e-01 7.758779999999999788e+00 2.906000000000000250e-01
3.100000000000000000e+01 1.809999999999999942e-01 7.781760000000000232e+00 2.906699999999999839e-01
3.200000000000000000e+01 1.809999999999999942e-01 7.804000000000000270e+00 2.907899999999999929e-01
3.300000000000000000e+01 1.809999999999999942e-01 7.826290000000000191e+00 2.908000000000000029e-01
3.400000000000000000e+01 1.809999999999999942e-01 7.849800000000000111e+00 2.909100000000000019e-01
3.500000000000000000e+01 1.809999999999999942e-01 7.872390000000000221e+00 2.908000000000000029e-01
3.600000000000000000e+01 1.809999999999999942e-01 7.893390000000000128e+00 2.903899999999999815e-01
3.700000000000000000e+01 1.809999999999999942e-01 7.912609999999999921e+00 2.899700000000000055e-01
3.800000000000000000e+01 1.809999999999999942e-01 7.933279999999999887e+00 2.897100000000000231e-01
3.900000000000000000e+01 1.809999999999999942e-01 7.954369999999999941e+00 2.896799999999999931e-01
4.000000000000000000e+01 1.809999999999999942e-01 7.973559999999999981e+00 2.894999999999999796e-01
4.100000000000000000e+01 1.809999999999999942e-01 7.991920000000000357e+00 2.894200000000000106e-01
4.200000000000000000e+01 1.809999999999999942e-01 8.009180000000000632e+00 2.897600000000000176e-01
4.300000000000000000e+01 1.809999999999999942e-01 8.026339999999999364e+00 2.900200000000000000e-01
4.400000000000000000e+01 1.809999999999999942e-01 8.044380000000000308e+00 2.903899999999999815e-01
4.500000000000000000e+01 1.809999999999999942e-01 8.061859999999999360e+00 2.907699999999999729e-01
4.600000000000000000e+01 1.809999999999999942e-01 8.079230000000000800e+00 2.911500000000000199e-01
4.700000000000000000e+01 1.809999999999999942e-01 8.096510000000000318e+00 2.916000000000000258e-01
4.800000000000000000e+01 1.809999999999999942e-01 8.113009999999999167e+00 2.920200000000000018e-01
4.900000000000000000e+01 1.809999999999999942e-01 8.128439999999999444e+00 2.923999999999999932e-01
5.000000000000000000e+01 1.809999999999999942e-01 8.143209999999999837e+00 2.930099999999999927e-01
5.100000000000000000e+01 1.809999999999999942e-01 8.158670000000000755e+00 2.935800000000000076e-01
5.200000000000000000e+01 1.809999999999999942e-01 8.173220000000000596e+00 2.943799999999999750e-01
5.300000000000000000e+01 1.809999999999999942e-01 8.187519999999999243e+00 2.952199999999999824e-01
5.400000000000000000e+01 1.809999999999999942e-01 8.200950000000000628e+00 2.959899999999999753e-01
5.500000000000000000e+01 1.809999999999999942e-01 8.214520000000000266e+00 2.967899999999999983e-01
5.600000000000000000e+01 1.809999999999999942e-01 8.228529999999999234e+00 2.976300000000000057e-01
5.700000000000000000e+01 1.809999999999999942e-01 8.242530000000000356e+00 2.985200000000000076e-01
5.800000000000000000e+01 1.809999999999999942e-01 8.256169999999999121e+00 2.992799999999999905e-01
5.900000000000000000e+01 1.869999999999999996e-01 8.270139999999999603e+00 2.998299999999999854e-01
6.000000000000000000e+01 1.869999999999999996e-01 8.283870000000000289e+00 3.003799999999999804e-01
6.100000000000000000e+01 1.869999999999999996e-01 8.297409999999999286e+00 3.008600000000000163e-01
6.200000000000000000e+01 1.869999999999999996e-01 8.309979999999999478e+00 3.012500000000000178e-01
6.300000000000000000e+01 1.809999999999999942e-01 8.320729999999999293e+00 3.013700000000000268e-01
6.400000000000000000e+01 1.869999999999999996e-01 8.330629999999999313e+00 3.015499999999999847e-01
6.500000000000000000e+01 1.869999999999999996e-01 8.340469999999999828e+00 3.017900000000000027e-01
6.600000000000000000e+01 1.869999999999999996e-01 8.350339999999999208e+00 3.019999999999999907e-01
6.700000000000000000e+01 1.809999999999999942e-01 8.359880000000000422e+00 3.021099999999999897e-01
6.800000000000000000e+01 1.809999999999999942e-01 8.369460000000000122e+00 3.021599999999999842e-01
6.900000000000000000e+01 1.809999999999999942e-01 8.378830000000000666e+00 3.023799999999999821e-01
7.000000000000000000e+01 1.809999999999999942e-01 8.388939999999999841e+00 3.029499999999999971e-01
7.100000000000000000e+01 1.809999999999999942e-01 8.400840000000000529e+00 3.036400000000000210e-01
7.200000000000000000e+01 1.809999999999999942e-01 8.413240000000000052e+00 3.044100000000000139e-01
7.300000000000000000e+01 1.809999999999999942e-01 8.425850000000000506e+00 3.051900000000000168e-01
7.400000000000000000e+01 1.809999999999999942e-01 8.437720000000000553e+00 3.059499999999999997e-01
7.500000000000000000e+01 1.809999999999999942e-01 8.449759999999999494e+00 3.066400000000000237e-01
7.600000000000000000e+01 1.809999999999999942e-01 8.461370000000000502e+00 3.072799999999999976e-01
7.700000000000000000e+01 1.809999999999999942e-01 8.472759999999999181e+00 3.080200000000000160e-01
7.800000000000000000e+01 1.869999999999999996e-01 8.484780000000000655e+00 3.086300000000000154e-01
7.900000000000000000e+01 1.869999999999999996e-01 8.498139999999999361e+00 3.090100000000000069e-01
8.000000000000000000e+01 1.869999999999999996e-01 8.510839999999999961e+00 3.093600000000000239e-01
8.100000000000000000e+01 1.869999999999999996e-01 8.523329999999999629e+00 3.096999999999999753e-01
8.200000000000000000e+01 1.869999999999999996e-01 8.535650000000000404e+00 3.100399999999999823e-01
8.300000000000000000e+01 1.869999999999999996e-01 8.547169999999999490e+00 3.102400000000000158e-01
8.400000000000000000e+01 1.869999999999999996e-01 8.558540000000000703e+00 3.103600000000000247e-01
8.500000000000000000e+01 1.869999999999999996e-01 8.570100000000000051e+00 3.104500000000000037e-01
8.600000000000000000e+01 1.869999999999999996e-01 8.582019999999999982e+00 3.104399999999999937e-01
8.700000000000000000e+01 1.869999999999999996e-01 8.593680000000000874e+00 3.104199999999999737e-01
8.800000000000000000e+01 1.869999999999999996e-01 8.604900000000000659e+00 3.104000000000000092e-01
8.900000000000000000e+01 1.869999999999999996e-01 8.615650000000000475e+00 3.103600000000000247e-01
9.000000000000000000e+01 1.869999999999999996e-01 8.626229999999999620e+00 3.102300000000000058e-01
9.100000000000000000e+01 1.869999999999999996e-01 8.636620000000000630e+00 3.101200000000000068e-01
9.200000000000000000e+01 1.869999999999999996e-01 8.647259999999999280e+00 3.100600000000000023e-01
9.300000000000000000e+01 1.869999999999999996e-01 8.658129999999999882e+00 3.100800000000000223e-01
9.400000000000000000e+01 1.869999999999999996e-01 8.669850000000000279e+00 3.101499999999999813e-01
9.500000000000000000e+01 1.869999999999999996e-01 8.681390000000000384e+00 3.102099999999999858e-01
9.600000000000000000e+01 1.869999999999999996e-01 8.692750000000000199e+00 3.102699999999999902e-01
9.700000000000000000e+01 1.869999999999999996e-01 8.703709999999999170e+00 3.102699999999999902e-01
9.800000000000000000e+01 1.940000000000000058e-01 8.714460000000000761e+00 3.102400000000000158e-01
9.900000000000000000e+01 1.809999999999999942e-01 8.724819999999999354e+00 3.101700000000000013e-01
1.000000000000000000e+02 1.809999999999999942e-01 8.734809999999999519e+00 3.100600000000000023e-01
1.010000000000000000e+02 1.809999999999999942e-01 8.744519999999999627e+00 3.099399999999999933e-01
1.020000000000000000e+02 1.809999999999999942e-01 8.753780000000000783e+00 3.098500000000000143e-01
1.030000000000000000e+02 1.809999999999999942e-01 8.762719999999999843e+00 3.098000000000000198e-01
1.040000000000000000e+02 1.809999999999999942e-01 8.771679999999999922e+00 3.097699999999999898e-01
1.050000000000000000e+02 1.809999999999999942e-01 8.780129999999999768e+00 3.096800000000000108e-01
1.060000000000000000e+02 1.809999999999999942e-01 8.788240000000000052e+00 3.095800000000000218e-01
1.070000000000000000e+02 1.809999999999999942e-01 8.796060000000000656e+00 3.094899999999999873e-01
1.080000000000000000e+02 1.809999999999999942e-01 8.803670000000000329e+00 3.093799999999999883e-01
1.090000000000000000e+02 1.809999999999999942e-01 8.811270000000000380e+00 3.092099999999999849e-01
1.100000000000000000e+02 1.809999999999999942e-01 8.818820000000000547e+00 3.090499999999999914e-01
1.110000000000000000e+02 1.809999999999999942e-01 8.826119999999999521e+00 3.088400000000000034e-01
1.120000000000000000e+02 1.809999999999999942e-01 8.833270000000000621e+00 3.086300000000000154e-01
1.130000000000000000e+02 1.809999999999999942e-01 8.839880000000000848e+00 3.084200000000000275e-01
1.140000000000000000e+02 1.809999999999999942e-01 8.845850000000000435e+00 3.080499999999999905e-01
1.150000000000000000e+02 1.809999999999999942e-01 8.851820000000000022e+00 3.076599999999999890e-01
1.160000000000000000e+02 1.809999999999999942e-01 8.857329999999999259e+00 3.071999999999999731e-01
1.170000000000000000e+02 1.809999999999999942e-01 8.862590000000000856e+00 3.067300000000000026e-01
1.180000000000000000e+02 1.739999999999999880e-01 8.867589999999999861e+00 3.063000000000000167e-01
1.190000000000000000e+02 1.739999999999999880e-01 8.872360000000000468e+00 3.059100000000000152e-01
1.200000000000000000e+02 1.739999999999999880e-01 8.876929999999999765e+00 3.054999999999999938e-01
