1.000000000000000000e+00 1.110000000000000014e-01 5.451670000000000016e+00 4.216400000000000148e-01
2.000000000000000000e+00 1.250000000000000000e-01 5.213339999999999641e+00 4.233899999999999886e-01
3.000000000000000000e+00 1.459999999999999909e-01 5.408470000000000333e+00 6.751200000000000534e-01
4.000000000000000000e+00 1.529999999999999971e-01 4.137369999999999770e+00 5.237000000000000544e-01
5.000000000000000000e+00 1.529999999999999971e-01 4.345209999999999795e+00 5.402700000000000280e-01
6.000000000000000000e+00 1.529999999999999971e-01 4.652420000000000222e+00 5.315900000000000070e-01
7.000000000000000000e+00 1.600000000000000033e-01 4.871419999999999639e+00 5.082400000000000251e-01
8.000000000000000000e+00 1.529999999999999971e-01 5.121819999999999595e+00 4.915300000000000225e-01
9.000000000000000000e+00 1.600000000000000033e-01 5.264280000000000292e+00 4.657800000000000273e-01
1.000000000000000000e+01 1.600000000000000033e-01 5.290989999999999860e+00 4.538900000000000157e-01
1.100000000000000000e+01 1.529999999999999971e-01 5.315010000000000012e+00 4.460200000000000276e-01
1.200000000000000000e+01 1.459999999999999909e-01 5.347050000000000303e+00 4.400499999999999967e-01
1.300000000000000000e+01 1.459999999999999909e-01 5.360479999999999912e+00 4.351599999999999913e-01
1.400000000000000000e+01 1.459999999999999909e-01 5.444230000000000125e+00 4.317699999999999871e-01
1.500000000000000000e+01 1.320000000000000062e-01 5.530210000000000292e+00 4.289999999999999925e-01
1.600000000000000000e+01 1.320000000000000062e-01 5.586289999999999978e+00 4.267299999999999982e-01
1.700000000000000000e+01 1.320000000000000062e-01 5.621159999999999712e+00 4.246099999999999874e-01
1.800000000000000000e+01 1.320000000000000062e-01 5.638620000000000410e+00 4.222799999999999887e-01
1.900000000000000000e+01 -1.000000000000000000e+00 -1.000000000000000000e+00 0.000000000000000000e+00
2.000000000000000000e+01 1.320000000000000062e-01 5.600999999999999979e+00 4.184300000000000241e-01
2.100000000000000000e+01 -1.000000000000000000e+00 -1.000000000000000000e+00 0.000000000000000000e+00
2.200000000000000000e+01 1.320000000000000062e-01 5.630110000000000170e+00 4.166199999999999903e-01
2.300000000000000000e+01 1.320000000000000062e-01 5.710230000000000139e+00 4.186699999999999866e-01
2.400000000000000000e+01 1.670000000000000095e-01 7.788750000000000284e+00 5.346300000000000496e-01
2.500000000000000000e+01 1.670000000000000095e-01 7.786319999999999908e+00 5.308199999999999585e-01
2.600000000000000000e+01 1.670000000000000095e-01 7.791249999999999787e+00 5.265199999999999880e-01
2.700000000000000000e+01 1.670000000000000095e-01 7.836079999999999934e+00 5.257500000000000506e-01
2.800000000000000000e+01 1.670000000000000095e-01 7.891659999999999897e+00 5.256199999999999761e-01
2.900000000000000000e+01 1.670000000000000095e-01 7.940739999999999910e+00 5.262200000000000211e-01
3.000000000000000000e+01 1.320000000000000062e-01 6.026019999999999932e+00 4.124900000000000233e-01
3.100000000000000000e+01 1.670000000000000095e-01 8.043789999999999552e+00 5.299599999999999866e-01
3.200000000000000000e+01 1.670000000000000095e-01 8.104639999999999844e+00 5.338199999999999612e-01
3.300000000000000000e+01 1.670000000000000095e-01 8.162660000000000693e+00 5.377100000000000213e-01
3.400000000000000000e+01 1.320000000000000062e-01 6.081400000000000361e+00 4.080300000000000038e-01
3.500000000000000000e+01 1.320000000000000062e-01 6.089509999999999756e+00 4.072700000000000209e-01
3.600000000000000000e+01 1.320000000000000062e-01 6.092670000000000030e+00 4.062500000000000000e-01
3.700000000000000000e+01 1.320000000000000062e-01 6.092030000000000278e+00 4.049699999999999966e-01
3.800000000000000000e+01 1.320000000000000062e-01 6.087080000000000268e+00 4.034800000000000053e-01
3.900000000000000000e+01 1.320000000000000062e-01 6.083599999999999675e+00 4.022100000000000120e-01
4.000000000000000000e+01 1.320000000000000062e-01 6.076170000000000293e+00 4.009800000000000031e-01
4.100000000000000000e+01 1.320000000000000062e-01 6.069340000000000401e+00 3.997299999999999742e-01
4.200000000000000000e+01 1.320000000000000062e-01 6.061709999999999710e+00 3.985799999999999899e-01
4.300000000000000000e+01 1.320000000000000062e-01 6.058220000000000383e+00 3.975799999999999890e-01
4.400000000000000000e+01 1.320000000000000062e-01 6.057430000000000092e+00 3.966799999999999771e-01
4.500000000000000000e+01 1.320000000000000062e-01 6.059700000000000308e+00 3.959199999999999942e-01
4.600000000000000000e+01 1.320000000000000062e-01 6.059980000000000366e+00 3.951899999999999857e-01
4.700000000000000000e+01 1.320000000000000062e-01 6.058379999999999654e+00 3.943300000000000138e-01
4.800000000000000000e+01 1.320000000000000062e-01 6.058550000000000324e+00 3.934099999999999819e-01
4.900000000000000000e+01 1.320000000000000062e-01 6.056119999999999948e+00 3.924699999999999855e-01
5.000000000000000000e+01 1.320000000000000062e-01 6.052509999999999835e+00 3.914699999999999847e-01
5.100000000000000000e+01 1.320000000000000062e-01 6.052179999999999893e+00 3.905199999999999783e-01
5.200000000000000000e+01 1.320000000000000062e-01 6.053840000000000110e+00 3.896499999999999964e-01
5.300000000000000000e+01 1.320000000000000062e-01 6.057330000000000325e+00 3.889099999999999779e-01
5.400000000000000000e+01 1.320000000000000062e-01 6.060270000000000046e+00 3.881899999999999795e-01
5.500000000000000000e+01 1.320000000000000062e-01 6.062630000000000408e+00 3.875100000000000211e-01
5.600000000000000000e+01 1.320000000000000062e-01 6.064169999999999838e+00 3.868900000000000117e-01
5.700000000000000000e+01 1.320000000000000062e-01 6.064149999999999707e+00 3.862200000000000077e-01
5.800000000000000000e+01 1.320000000000000062e-01 6.065620000000000012e+00 3.855899999999999883e-01
5.900000000000000000e+01 1.320000000000000062e-01 6.067350000000000243e+00 3.850500000000000034e-01
6.000000000000000000e+01 1.320000000000000062e-01 6.067459999999999631e+00 3.844699999999999784e-01
6.100000000000000000e+01 1.320000000000000062e-01 6.068430000000000213e+00 3.839500000000000135e-01
6.200000000000000000e+01 1.320000000000000062e-01 6.068399999999999572e+00 3.833900000000000086e-01
6.300000000000000000e+01 1.320000000000000062e-01 6.067870000000000097e+00 3.828199999999999936e-01
6.400000000000000000e+01 1.320000000000000062e-01 6.067280000000000229e+00 3.821899999999999742e-01
6.500000000000000000e+01 1.320000000000000062e-01 6.067179999999999573e+00 3.815700000000000203e-01
6.600000000000000000e+01 1.320000000000000062e-01 6.067520000000000024e+00 3.809899999999999953e-01
6.700000000000000000e+01 1.320000000000000062e-01 6.069770000000000110e+00 3.804899999999999949e-01
6.800000000000000000e+01 1.320000000000000062e-01 6.070820000000000327e+00 3.800299999999999789e-01
6.900000000000000000e+01 1.320000000000000062e-01 6.071449999999999569e+00 3.795200000000000240e-01
7.000000000000000000e+01 1.320000000000000062e-01 6.071579999999999977e+00 3.789600000000000191e-01
7.100000000000000000e+01 1.320000000000000062e-01 6.069740000000000357e+00 3.783900000000000041e-01
7.200000000000000000e+01 1.320000000000000062e-01 6.066580000000000084e+00 3.778099999999999792e-01
7.300000000000000000e+01 1.320000000000000062e-01 6.062400000000000233e+00 3.772099999999999898e-01
7.400000000000000000e+01 1.320000000000000062e-01 6.058019999999999960e+00 3.765899999999999803e-01
7.500000000000000000e+01 1.320000000000000062e-01 6.054490000000000371e+00 3.759899999999999909e-01
7.600000000000000000e+01 1.320000000000000062e-01 6.050139999999999851e+00 3.754100000000000215e-01
7.700000000000000000e+01 1.320000000000000062e-01 6.046350000000000335e+00 3.748600000000000265e-01
7.800000000000000000e+01 1.320000000000000062e-01 6.043510000000000382e+00 3.742900000000000116e-01
7.900000000000000000e+01 1.320000000000000062e-01 6.041610000000000369e+00 3.737599999999999811e-01
8.000000000000000000e+01 1.320000000000000062e-01 6.040099999999999802e+00 3.732400000000000162e-01
8.100000000000000000e+01 1.320000000000000062e-01 6.038660000000000139e+00 3.727300000000000058e-01
8.200000000000000000e+01 1.320000000000000062e-01 6.038470000000000226e+00 3.722099999999999853e-01
8.300000000000000000e+01 1.320000000000000062e-01 6.038350000000000328e+00 3.717099999999999849e-01
8.400000000000000000e+01 1.320000000000000062e-01 6.038149999999999906e+00 3.712199999999999944e-01
8.500000000000000000e+01 1.320000000000000062e-01 6.038859999999999673e+00 3.707099999999999840e-01
8.600000000000000000e+01 1.320000000000000062e-01 6.040239999999999831e+00 3.701900000000000190e-01
8.700000000000000000e+01 1.320000000000000062e-01 6.041979999999999684e+00 3.696999999999999731e-01
8.800000000000000000e+01 1.320000000000000062e-01 6.043280000000000207e+00 3.692099999999999826e-01
8.900000000000000000e+01 1.320000000000000062e-01 6.043739999999999668e+00 3.687199999999999922e-01
9.000000000000000000e+01 1.320000000000000062e-01 6.043859999999999566e+00 3.682300000000000018e-01
9.100000000000000000e+01 1.320000000000000062e-01 6.043650000000000411e+00 3.677300000000000013e-01
9.200000000000000000e+01 1.320000000000000062e-01 6.044229999999999769e+00 3.672599999999999754e-01
9.300000000000000000e+01 1.320000000000000062e-01 6.045589999999999797e+00 3.668100000000000249e-01
9.400000000000000000e+01 1.320000000000000062e-01 6.047010000000000218e+00 3.663899999999999935e-01
9.500000000000000000e+01 1.320000000000000062e-01 6.049360000000000070e+00 3.659999999999999920e-01
9.600000000000000000e+01 1.320000000000000062e-01 6.050709999999999589e+00 3.656200000000000006e-01
9.700000000000000000e+01 1.320000000000000062e-01 6.051910000000000345e+00 3.652099999999999791e-01
9.800000000000000000e+01 1.320000000000000062e-01 6.052940000000000431e+00 3.647799999999999931e-01
9.900000000000000000e+01 1.320000000000000062e-01 6.053009999999999557e+00 3.643500000000000072e-01
1.000000000000000000e+02 1.320000000000000062e-01 6.053510000000000169e+00 3.639600000000000057e-01
1.010000000000000000e+02 1.320000000000000062e-01 6.054319999999999702e+00 3.635900000000000243e-01
1.020000000000000000e+02 1.320000000000000062e-01 6.054160000000000430e+00 3.632199999999999873e-01
1.030000000000000000e+02 1.320000000000000062e-01 6.054540000000000255e+00 3.628299999999999859e-01
1.040000000000000000e+02 1.320000000000000062e-01 6.055069999999999730e+00 3.624399999999999844e-01
1.050000000000000000e+02 1.320000000000000062e-01 6.054850000000000065e+00 3.620700000000000029e-01
1.060000000000000000e+02 1.320000000000000062e-01 6.054630000000000400e+00 3.616900000000000115e-01
1.070000000000000000e+02 1.320000000000000062e-01 6.055150000000000254e+00 3.612900000000000000e-01
1.080000000000000000e+02 1.320000000000000062e-01 6.054070000000000285e+00 3.609399999999999831e-01
1.090000000000000000e+02 1.320000000000000062e-01 6.051330000000000098e+00 3.605900000000000216e-01
1.100000000000000000e+02 1.320000000000000062e-01 6.049439999999999706e+00 3.602299999999999947e-01
1.110000000000000000e+02 1.320000000000000062e-01 6.048049999999999926e+00 3.598899999999999877e-01
1.120000000000000000e+02 1.320000000000000062e-01 6.047270000000000145e+00 3.595499999999999807e-01
1.130000000000000000e+02 1.320000000000000062e-01 6.046630000000000393e+00 3.592199999999999838e-01
1.140000000000000000e+02 1.320000000000000062e-01 6.046739999999999782e+00 3.588999999999999968e-01
1.150000000000000000e+02 1.320000000000000062e-01 6.047439999999999927e+00 3.585800000000000098e-01
1.160000000000000000e+02 1.320000000000000062e-01 6.049850000000000172e+00 3.582899999999999974e-01
1.170000000000000000e+02 1.320000000000000062e-01 6.052599999999999980e+00 3.580200000000000049e-01
1.180000000000000000e+02 1.320000000000000062e-01 6.055600000000000094e+00 3.577500000000000124e-01
1.190000000000000000e+02 1.320000000000000062e-01 6.058910000000000018e+00 3.574999999999999845e-01
1.200000000000000000e+02 1.320000000000000062e-01 6.063030000000000364e+00 3.572600000000000220e-01
