1.000000000000000000e+00 1.869999999999999996e-01 4.156200000000000117e+00 1.400700000000000001e-01
2.000000000000000000e+00 1.809999999999999942e-01 4.628000000000000114e+00 2.302599999999999925e-01
3.000000000000000000e+00 1.809999999999999942e-01 4.541240000000000165e+00 2.054400000000000115e-01
4.000000000000000000e+00 1.880000000000000004e-01 4.278330000000000410e+00 1.784100000000000130e-01
5.000000000000000000e+00 1.880000000000000004e-01 4.148109999999999964e+00 1.623600000000000043e-01
6.000000000000000000e+00 1.869999999999999996e-01 4.087170000000000414e+00 1.522399999999999864e-01
7.000000000000000000e+00 1.940000000000000058e-01 4.041240000000000165e+00 1.442400000000000071e-01
8.000000000000000000e+00 1.809999999999999942e-01 3.945600000000000218e+00 1.374100000000000044e-01
9.000000000000000000e+00 1.809999999999999942e-01 3.784180000000000099e+00 1.315000000000000058e-01
1.000000000000000000e+01 1.809999999999999942e-01 3.700579999999999981e+00 1.263700000000000101e-01
1.100000000000000000e+01 1.739999999999999880e-01 3.642929999999999779e+00 1.232199999999999962e-01
1.200000000000000000e+01 1.600000000000000033e-01 3.569090000000000096e+00 1.202799999999999980e-01
1.300000000000000000e+01 1.600000000000000033e-01 3.492929999999999868e+00 1.124900000000000067e-01
1.400000000000000000e+01 1.600000000000000033e-01 3.416180000000000216e+00 1.064699999999999952e-01
1.500000000000000000e+01 1.600000000000000033e-01 3.353380000000000027e+00 1.022099999999999953e-01
1.600000000000000000e+01 1.670000000000000095e-01 3.387620000000000076e+00 1.008000000000000007e-01
1.700000000000000000e+01 1.670000000000000095e-01 3.407480000000000064e+00 9.947999999999999898e-02
1.800000000000000000e+01 1.670000000000000095e-01 3.368879999999999875e+00 9.815000000000000113e-02
1.900000000000000000e+01 1.670000000000000095e-01 3.325720000000000010e+00 9.775999999999999968e-02
2.000000000000000000e+01 1.670000000000000095e-01 3.183769999999999989e+00 9.675999999999999879e-02
2.100000000000000000e+01 1.600000000000000033e-01 3.022110000000000074e+00 9.615999999999999548e-02
2.200000000000000000e+01 1.529999999999999971e-01 2.908269999999999911e+00 9.668000000000000205e-02
2.300000000000000000e+01 1.600000000000000033e-01 2.848510000000000097e+00 9.846000000000000585e-02
2.400000000000000000e+01 1.670000000000000095e-01 2.817400000000000126e+00 1.008099999999999968e-01
2.500000000000000000e+01 1.670000000000000095e-01 2.821769999999999889e+00 1.039500000000000007e-01
2.600000000000000000e+01 1.670000000000000095e-01 2.838830000000000187e+00 1.074200000000000016e-01
2.700000000000000000e+01 1.670000000000000095e-01 2.864250000000000185e+00 1.107699999999999935e-01
2.800000000000000000e+01 1.600000000000000033e-01 2.903239999999999821e+00 1.140199999999999964e-01
2.900000000000000000e+01 1.529999999999999971e-01 2.941050000000000164e+00 1.166999999999999982e-01
3.000000000000000000e+01 1.529999999999999971e-01 2.964729999999999865e+00 1.193099999999999994e-01
3.100000000000000000e+01 1.529999999999999971e-01 2.977910000000000057e+00 1.213499999999999995e-01
3.200000000000000000e+01 1.529999999999999971e-01 2.991359999999999797e+00 1.230200000000000043e-01
3.300000000000000000e+01 1.529999999999999971e-01 2.988360000000000127e+00 1.240399999999999975e-01
3.400000000000000000e+01 1.529999999999999971e-01 2.975350000000000161e+00 1.247899999999999981e-01
3.500000000000000000e+01 1.600000000000000033e-01 2.961899999999999977e+00 1.255300000000000027e-01
3.600000000000000000e+01 1.670000000000000095e-01 2.933730000000000171e+00 1.260699999999999876e-01
3.700000000000000000e+01 1.600000000000000033e-01 2.887669999999999959e+00 1.262000000000000066e-01
3.800000000000000000e+01 1.529999999999999971e-01 2.862369999999999859e+00 1.276599999999999957e-01
3.900000000000000000e+01 1.529999999999999971e-01 2.864580000000000126e+00 1.303799999999999959e-01
4.000000000000000000e+01 1.459999999999999909e-01 2.895500000000000185e+00 1.338199999999999945e-01
4.100000000000000000e+01 1.459999999999999909e-01 2.941910000000000025e+00 1.376999999999999891e-01
4.200000000000000000e+01 1.320000000000000062e-01 3.648260000000000058e+00 8.144799999999999818e-01
4.300000000000000000e+01 1.320000000000000062e-01 3.660000000000000142e+00 8.206200000000000161e-01
4.400000000000000000e+01 1.320000000000000062e-01 3.671640000000000015e+00 8.270800000000000374e-01
4.500000000000000000e+01 1.320000000000000062e-01 3.683170000000000055e+00 8.334899999999999531e-01
4.600000000000000000e+01 1.320000000000000062e-01 3.694599999999999884e+00 8.398200000000000109e-01
4.700000000000000000e+01 1.320000000000000062e-01 3.705929999999999946e+00 8.461999999999999522e-01
4.800000000000000000e+01 1.320000000000000062e-01 3.717099999999999849e+00 8.524000000000000465e-01
4.900000000000000000e+01 1.320000000000000062e-01 3.728260000000000129e+00 8.582699999999999774e-01
5.000000000000000000e+01 1.320000000000000062e-01 3.740610000000000213e+00 8.643100000000000227e-01
5.100000000000000000e+01 1.320000000000000062e-01 3.752439999999999998e+00 8.698299999999999921e-01
5.200000000000000000e+01 1.320000000000000062e-01 3.763819999999999943e+00 8.750700000000000145e-01
5.300000000000000000e+01 1.320000000000000062e-01 3.774350000000000094e+00 8.799400000000000555e-01
5.400000000000000000e+01 1.320000000000000062e-01 3.784219999999999917e+00 8.845300000000000384e-01
5.500000000000000000e+01 1.320000000000000062e-01 3.793449999999999989e+00 8.886800000000000255e-01
5.600000000000000000e+01 1.320000000000000062e-01 3.802119999999999944e+00 8.924299999999999455e-01
5.700000000000000000e+01 1.320000000000000062e-01 3.814299999999999802e+00 8.952299999999999702e-01
5.800000000000000000e+01 1.320000000000000062e-01 3.827949999999999964e+00 8.974299999999999500e-01
5.900000000000000000e+01 1.320000000000000062e-01 3.840969999999999995e+00 8.995199999999999863e-01
6.000000000000000000e+01 1.320000000000000062e-01 3.853320000000000078e+00 9.015600000000000280e-01
6.100000000000000000e+01 1.250000000000000000e-01 3.865110000000000046e+00 9.035100000000000353e-01
6.200000000000000000e+01 1.250000000000000000e-01 3.876009999999999955e+00 9.052900000000000391e-01
6.300000000000000000e+01 1.250000000000000000e-01 3.886600000000000055e+00 9.070899999999999519e-01
6.400000000000000000e+01 1.250000000000000000e-01 3.896729999999999805e+00 9.088300000000000267e-01
6.500000000000000000e+01 1.250000000000000000e-01 3.906519999999999992e+00 9.104799999999999560e-01
6.600000000000000000e+01 1.250000000000000000e-01 3.915890000000000093e+00 9.119199999999999529e-01
6.700000000000000000e+01 1.250000000000000000e-01 3.924900000000000055e+00 9.132000000000000117e-01
6.800000000000000000e+01 1.250000000000000000e-01 3.933530000000000193e+00 9.143099999999999561e-01
6.900000000000000000e+01 1.250000000000000000e-01 3.941660000000000164e+00 9.153000000000000025e-01
7.000000000000000000e+01 1.250000000000000000e-01 3.949759999999999938e+00 9.162299999999999889e-01
7.100000000000000000e+01 1.250000000000000000e-01 3.957390000000000185e+00 9.170199999999999463e-01
7.200000000000000000e+01 1.250000000000000000e-01 3.964729999999999865e+00 9.176999999999999602e-01
7.300000000000000000e+01 1.250000000000000000e-01 3.971699999999999786e+00 9.182799999999999851e-01
7.400000000000000000e+01 1.250000000000000000e-01 3.978009999999999824e+00 9.187400000000000011e-01
7.500000000000000000e+01 1.250000000000000000e-01 3.984269999999999978e+00 9.191300000000000026e-01
7.600000000000000000e+01 1.250000000000000000e-01 3.990499999999999936e+00 9.194400000000000350e-01
7.700000000000000000e+01 1.250000000000000000e-01 3.996570000000000178e+00 9.196499999999999675e-01
7.800000000000000000e+01 1.250000000000000000e-01 4.002550000000000274e+00 9.197400000000000020e-01
7.900000000000000000e+01 1.250000000000000000e-01 4.008460000000000356e+00 9.196900000000000075e-01
8.000000000000000000e+01 1.250000000000000000e-01 4.014319999999999666e+00 9.195100000000000495e-01
8.100000000000000000e+01 1.320000000000000062e-01 4.020369999999999777e+00 9.191399999999999570e-01
8.200000000000000000e+01 1.320000000000000062e-01 4.026250000000000107e+00 9.186400000000000121e-01
8.300000000000000000e+01 1.320000000000000062e-01 4.032189999999999941e+00 9.179800000000000182e-01
8.400000000000000000e+01 1.320000000000000062e-01 4.037910000000000110e+00 9.171899999999999498e-01
8.500000000000000000e+01 1.320000000000000062e-01 4.043400000000000105e+00 9.163099999999999579e-01
8.600000000000000000e+01 1.320000000000000062e-01 4.048779999999999824e+00 9.153299999999999770e-01
8.700000000000000000e+01 1.320000000000000062e-01 4.054140000000000299e+00 9.142500000000000071e-01
8.800000000000000000e+01 1.320000000000000062e-01 4.059230000000000338e+00 9.130700000000000482e-01
8.900000000000000000e+01 1.250000000000000000e-01 4.064199999999999591e+00 9.118100000000000094e-01
9.000000000000000000e+01 1.250000000000000000e-01 4.069099999999999717e+00 9.104600000000000470e-01
9.100000000000000000e+01 1.250000000000000000e-01 4.074080000000000368e+00 9.090000000000000302e-01
9.200000000000000000e+01 1.250000000000000000e-01 4.078820000000000334e+00 9.075100000000000389e-01
9.300000000000000000e+01 1.250000000000000000e-01 4.083409999999999762e+00 9.060200000000000475e-01
9.400000000000000000e+01 1.250000000000000000e-01 4.087769999999999904e+00 9.044200000000000017e-01
9.500000000000000000e+01 1.250000000000000000e-01 4.091940000000000133e+00 9.026600000000000179e-01
9.600000000000000000e+01 1.250000000000000000e-01 4.096029999999999838e+00 9.006899999999999906e-01
9.700000000000000000e+01 1.250000000000000000e-01 4.099920000000000009e+00 8.986699999999999688e-01
9.800000000000000000e+01 1.250000000000000000e-01 4.103769999999999918e+00 8.965300000000000491e-01
9.900000000000000000e+01 1.250000000000000000e-01 4.107490000000000308e+00 8.944299999999999473e-01
1.000000000000000000e+02 1.250000000000000000e-01 4.111100000000000421e+00 8.923100000000000476e-01
1.010000000000000000e+02 1.250000000000000000e-01 4.114620000000000388e+00 8.901900000000000368e-01
1.020000000000000000e+02 1.250000000000000000e-01 4.118089999999999584e+00 8.880400000000000515e-01
1.030000000000000000e+02 1.250000000000000000e-01 4.121599999999999930e+00 8.858700000000000463e-01
1.040000000000000000e+02 1.250000000000000000e-01 4.125029999999999752e+00 8.837000000000000410e-01
1.050000000000000000e+02 1.250000000000000000e-01 4.128479999999999706e+00 8.815300000000000358e-01
1.060000000000000000e+02 1.250000000000000000e-01 4.131809999999999761e+00 8.793299999999999450e-01
1.070000000000000000e+02 1.250000000000000000e-01 4.135150000000000325e+00 8.771600000000000508e-01
1.080000000000000000e+02 1.250000000000000000e-01 4.138499999999999623e+00 8.750599999999999490e-01
1.090000000000000000e+02 1.250000000000000000e-01 4.141700000000000159e+00 8.729599999999999582e-01
1.100000000000000000e+02 1.250000000000000000e-01 4.144860000000000433e+00 8.708799999999999875e-01
1.110000000000000000e+02 1.250000000000000000e-01 4.148170000000000357e+00 8.687599999999999767e-01
1.120000000000000000e+02 1.250000000000000000e-01 4.151340000000000252e+00 8.666300000000000114e-01
1.130000000000000000e+02 1.250000000000000000e-01 4.154490000000000016e+00 8.645699999999999497e-01
1.140000000000000000e+02 1.250000000000000000e-01 4.157530000000000392e+00 8.625399999999999734e-01
1.150000000000000000e+02 1.250000000000000000e-01 4.160440000000000360e+00 8.604800000000000226e-01
1.160000000000000000e+02 1.250000000000000000e-01 4.163199999999999790e+00 8.584100000000000064e-01
1.170000000000000000e+02 1.250000000000000000e-01 4.165840000000000209e+00 8.562800000000000411e-01
1.180000000000000000e+02 1.250000000000000000e-01 4.168219999999999814e+00 8.541100000000000358e-01
1.190000000000000000e+02 1.250000000000000000e-01 4.170429999999999637e+00 8.520400000000000196e-01
1.200000000000000000e+02 1.250000000000000000e-01 4.172399999999999665e+00 8.499900000000000233e-01
