1.000000000000000000e+00 2.800000000000000058e-02 1.826950000000000074e+00 3.010399999999999743e-01
2.000000000000000000e+00 3.500000000000000333e-02 2.292720000000000091e+00 3.371999999999999997e-01
3.000000000000000000e+00 3.500000000000000333e-02 2.132070000000000132e+00 2.936000000000000276e-01
4.000000000000000000e+00 2.800000000000000058e-02 2.057469999999999910e+00 2.957000000000000184e-01
5.000000000000000000e+00 2.800000000000000058e-02 1.934439999999999937e+00 2.867399999999999949e-01
6.000000000000000000e+00 2.100000000000000130e-02 1.785760000000000014e+00 2.868100000000000094e-01
7.000000000000000000e+00 2.100000000000000130e-02 1.719149999999999956e+00 2.911199999999999899e-01
8.000000000000000000e+00 1.400000000000000029e-02 1.462429999999999897e+00 2.993299999999999850e-01
9.000000000000000000e+00 1.400000000000000029e-02 1.220499999999999918e+00 3.030999999999999805e-01
1.000000000000000000e+01 1.400000000000000029e-02 1.022410000000000041e+00 3.124700000000000255e-01
1.100000000000000000e+01 1.400000000000000029e-02 9.327499999999999680e-01 3.158400000000000096e-01
1.200000000000000000e+01 1.400000000000000029e-02 8.226299999999999724e-01 3.135700000000000154e-01
1.300000000000000000e+01 1.400000000000000029e-02 6.505199999999999871e-01 3.365199999999999858e-01
1.400000000000000000e+01 1.400000000000000029e-02 5.829800000000000537e-01 3.451400000000000023e-01
1.500000000000000000e+01 1.400000000000000029e-02 5.563900000000000512e-01 3.436699999999999755e-01
1.600000000000000000e+01 1.400000000000000029e-02 5.379199999999999537e-01 3.420199999999999907e-01
1.700000000000000000e+01 1.400000000000000029e-02 5.318599999999999994e-01 3.398100000000000009e-01
1.800000000000000000e+01 1.400000000000000029e-02 5.369300000000000184e-01 3.371000000000000107e-01
1.900000000000000000e+01 1.400000000000000029e-02 5.410300000000000109e-01 3.341000000000000081e-01
2.000000000000000000e+01 1.400000000000000029e-02 5.442500000000000115e-01 3.313099999999999934e-01
2.100000000000000000e+01 1.400000000000000029e-02 5.447100000000000275e-01 3.304400000000000115e-01
2.200000000000000000e+01 1.400000000000000029e-02 5.420000000000000373e-01 3.310600000000000209e-01
2.300000000000000000e+01 1.400000000000000029e-02 5.390099999999999891e-01 3.321299999999999808e-01
2.400000000000000000e+01 1.400000000000000029e-02 5.390500000000000291e-01 3.327499999999999902e-01
2.500000000000000000e+01 1.400000000000000029e-02 5.429300000000000237e-01 3.325799999999999867e-01
2.600000000000000000e+01 1.400000000000000029e-02 5.516400000000000192e-01 3.309400000000000119e-01
2.700000000000000000e+01 1.400000000000000029e-02 5.610800000000000232e-01 3.292900000000000271e-01
2.800000000000000000e+01 1.400000000000000029e-02 5.615099999999999536e-01 3.303800000000000070e-01
2.900000000000000000e+01 1.400000000000000029e-02 5.617199999999999971e-01 3.317999999999999838e-01
3.000000000000000000e+01 1.400000000000000029e-02 5.649399999999999977e-01 3.331500000000000017e-01
3.100000000000000000e+01 1.400000000000000029e-02 5.656900000000000261e-01 3.348200000000000065e-01
3.200000000000000000e+01 1.400000000000000029e-02 5.678699999999999859e-01 3.360099999999999754e-01
3.300000000000000000e+01 1.400000000000000029e-02 5.703799999999999981e-01 3.370400000000000063e-01
3.400000000000000000e+01 1.400000000000000029e-02 5.737100000000000533e-01 3.377399999999999847e-01
3.500000000000000000e+01 1.400000000000000029e-02 5.768499999999999739e-01 3.388100000000000001e-01
3.600000000000000000e+01 1.400000000000000029e-02 5.815399999999999459e-01 3.395099999999999785e-01
3.700000000000000000e+01 1.400000000000000029e-02 5.865200000000000413e-01 3.402700000000000169e-01
3.800000000000000000e+01 1.400000000000000029e-02 5.893199999999999550e-01 3.410400000000000098e-01
3.900000000000000000e+01 1.400000000000000029e-02 5.930199999999999916e-01 3.416399999999999992e-01
4.000000000000000000e+01 1.400000000000000029e-02 5.983800000000000230e-01 3.421000000000000152e-01
4.100000000000000000e+01 1.400000000000000029e-02 6.028400000000000425e-01 3.429800000000000071e-01
4.200000000000000000e+01 1.400000000000000029e-02 6.057399999999999451e-01 3.439400000000000235e-01
4.300000000000000000e+01 1.400000000000000029e-02 6.072499999999999565e-01 3.449200000000000044e-01
4.400000000000000000e+01 1.400000000000000029e-02 6.076399999999999579e-01 3.459800000000000098e-01
4.500000000000000000e+01 1.400000000000000029e-02 6.077299999999999924e-01 3.471099999999999741e-01
4.600000000000000000e+01 1.400000000000000029e-02 6.084500000000000464e-01 3.482399999999999940e-01
4.700000000000000000e+01 1.400000000000000029e-02 6.084000000000000519e-01 3.494200000000000084e-01
4.800000000000000000e+01 1.400000000000000029e-02 6.096799999999999997e-01 3.504999999999999782e-01
4.900000000000000000e+01 1.400000000000000029e-02 6.106800000000000006e-01 3.515300000000000091e-01
5.000000000000000000e+01 1.400000000000000029e-02 6.112199999999999855e-01 3.524900000000000255e-01
5.100000000000000000e+01 1.400000000000000029e-02 6.118999999999999995e-01 3.534399999999999764e-01
5.200000000000000000e+01 1.400000000000000029e-02 6.122600000000000264e-01 3.545499999999999763e-01
5.300000000000000000e+01 1.400000000000000029e-02 6.118900000000000450e-01 3.557600000000000207e-01
5.400000000000000000e+01 1.400000000000000029e-02 6.107099999999999751e-01 3.570200000000000040e-01
5.500000000000000000e+01 1.400000000000000029e-02 6.101299999999999502e-01 3.583200000000000274e-01
5.600000000000000000e+01 1.400000000000000029e-02 6.105300000000000171e-01 3.594399999999999817e-01
5.700000000000000000e+01 1.400000000000000029e-02 6.106599999999999806e-01 3.604899999999999771e-01
5.800000000000000000e+01 1.400000000000000029e-02 6.101900000000000102e-01 3.615499999999999825e-01
5.900000000000000000e+01 1.400000000000000029e-02 6.097799999999999887e-01 3.625999999999999779e-01
6.000000000000000000e+01 1.400000000000000029e-02 6.095500000000000362e-01 3.635700000000000043e-01
6.100000000000000000e+01 1.400000000000000029e-02 6.097599999999999687e-01 3.645800000000000152e-01
6.200000000000000000e+01 1.400000000000000029e-02 6.097900000000000542e-01 3.655900000000000261e-01
6.300000000000000000e+01 1.400000000000000029e-02 6.096899999999999542e-01 3.666699999999999959e-01
6.400000000000000000e+01 1.400000000000000029e-02 6.106800000000000006e-01 3.677799999999999958e-01
6.500000000000000000e+01 7.000000000000000146e-03 6.115199999999999525e-01 3.688500000000000112e-01
6.600000000000000000e+01 7.000000000000000146e-03 6.121699999999999919e-01 3.698699999999999766e-01
6.700000000000000000e+01 7.000000000000000146e-03 6.140499999999999847e-01 3.707699999999999885e-01
6.800000000000000000e+01 7.000000000000000146e-03 6.174100000000000144e-01 3.716599999999999904e-01
6.900000000000000000e+01 7.000000000000000146e-03 6.209999999999999964e-01 3.724799999999999778e-01
7.000000000000000000e+01 7.000000000000000146e-03 6.253900000000000015e-01 3.732099999999999862e-01
7.100000000000000000e+01 7.000000000000000146e-03 6.296800000000000175e-01 3.738600000000000256e-01
7.200000000000000000e+01 7.000000000000000146e-03 6.332499999999999796e-01 3.745100000000000096e-01
7.300000000000000000e+01 7.000000000000000146e-03 6.367599999999999927e-01 3.751099999999999990e-01
7.400000000000000000e+01 7.000000000000000146e-03 6.407000000000000473e-01 3.756700000000000039e-01
7.500000000000000000e+01 7.000000000000000146e-03 6.445699999999999763e-01 3.762300000000000089e-01
7.600000000000000000e+01 7.000000000000000146e-03 6.479300000000000059e-01 3.768099999999999783e-01
7.700000000000000000e+01 7.000000000000000146e-03 6.516499999999999515e-01 3.773599999999999732e-01
7.800000000000000000e+01 7.000000000000000146e-03 6.547500000000000542e-01 3.779199999999999782e-01
7.900000000000000000e+01 7.000000000000000146e-03 6.576499999999999568e-01 3.784699999999999731e-01
8.000000000000000000e+01 7.000000000000000146e-03 6.622799999999999798e-01 3.789000000000000146e-01
8.100000000000000000e+01 7.000000000000000146e-03 6.670300000000000118e-01 3.793400000000000105e-01
8.200000000000000000e+01 7.000000000000000146e-03 6.716999999999999638e-01 3.798199999999999910e-01
8.300000000000000000e+01 7.000000000000000146e-03 6.757100000000000328e-01 3.803599999999999759e-01
8.400000000000000000e+01 7.000000000000000146e-03 6.789600000000000080e-01 3.809500000000000108e-01
8.500000000000000000e+01 7.000000000000000146e-03 6.820199999999999596e-01 3.815100000000000158e-01
8.600000000000000000e+01 7.000000000000000146e-03 6.839399999999999924e-01 3.821300000000000252e-01
8.700000000000000000e+01 7.000000000000000146e-03 6.852899999999999547e-01 3.828199999999999936e-01
8.800000000000000000e+01 7.000000000000000146e-03 6.873000000000000220e-01 3.835200000000000276e-01
8.900000000000000000e+01 7.000000000000000146e-03 6.889399999999999968e-01 3.842800000000000105e-01
9.000000000000000000e+01 7.000000000000000146e-03 6.899399999999999977e-01 3.850700000000000234e-01
9.100000000000000000e+01 7.000000000000000146e-03 6.913500000000000201e-01 3.858699999999999908e-01
9.200000000000000000e+01 7.000000000000000146e-03 6.926900000000000279e-01 3.866700000000000137e-01
9.300000000000000000e+01 7.000000000000000146e-03 6.941899999999999737e-01 3.874500000000000166e-01
9.400000000000000000e+01 7.000000000000000146e-03 6.959999999999999520e-01 3.882099999999999995e-01
9.500000000000000000e+01 7.000000000000000146e-03 6.976700000000000124e-01 3.889400000000000079e-01
9.600000000000000000e+01 7.000000000000000146e-03 6.987200000000000077e-01 3.897200000000000109e-01
9.700000000000000000e+01 7.000000000000000146e-03 7.000600000000000156e-01 3.904900000000000038e-01
9.800000000000000000e+01 7.000000000000000146e-03 7.020800000000000374e-01 3.912399999999999767e-01
9.900000000000000000e+01 7.000000000000000146e-03 7.046499999999999986e-01 3.919199999999999906e-01
1.000000000000000000e+02 7.000000000000000146e-03 7.073000000000000398e-01 3.926100000000000145e-01
1.010000000000000000e+02 7.000000000000000146e-03 7.100800000000000445e-01 3.932999999999999829e-01
1.020000000000000000e+02 7.000000000000000146e-03 7.130800000000000471e-01 3.939799999999999969e-01
1.030000000000000000e+02 7.000000000000000146e-03 7.161100000000000243e-01 3.946500000000000008e-01
1.040000000000000000e+02 7.000000000000000146e-03 7.194000000000000394e-01 3.952600000000000002e-01
1.050000000000000000e+02 7.000000000000000146e-03 7.227599999999999580e-01 3.958599999999999897e-01
1.060000000000000000e+02 7.000000000000000146e-03 7.262800000000000367e-01 3.964199999999999946e-01
1.070000000000000000e+02 7.000000000000000146e-03 7.296799999999999953e-01 3.969799999999999995e-01
1.080000000000000000e+02 7.000000000000000146e-03 7.327200000000000379e-01 3.975500000000000145e-01
1.090000000000000000e+02 7.000000000000000146e-03 7.356300000000000061e-01 3.980799999999999894e-01
1.100000000000000000e+02 7.000000000000000146e-03 7.381600000000000383e-01 3.986199999999999743e-01
1.110000000000000000e+02 7.000000000000000146e-03 7.407099999999999795e-01 3.991399999999999948e-01
1.120000000000000000e+02 7.000000000000000146e-03 7.434399999999999897e-01 3.996399999999999952e-01
1.130000000000000000e+02 7.000000000000000146e-03 7.462699999999999889e-01 4.000900000000000012e-01
1.140000000000000000e+02 7.000000000000000146e-03 7.494600000000000151e-01 4.005199999999999871e-01
1.150000000000000000e+02 7.000000000000000146e-03 7.521999999999999797e-01 4.009699999999999931e-01
1.160000000000000000e+02 7.000000000000000146e-03 7.551900000000000279e-01 4.013700000000000045e-01
1.170000000000000000e+02 7.000000000000000146e-03 7.582600000000000451e-01 4.017200000000000215e-01
1.180000000000000000e+02 7.000000000000000146e-03 7.611099999999999532e-01 4.021000000000000130e-01
1.190000000000000000e+02 7.000000000000000146e-03 7.636100000000000110e-01 4.024800000000000044e-01
1.200000000000000000e+02 7.000000000000000146e-03 7.658899999999999597e-01 4.028999999999999804e-01
