1.000000000000000000e+00 5.600000000000000117e-02 1.684169999999999945e+00 6.099099999999999522e-01
2.000000000000000000e+00 4.900000000000000189e-02 1.526790000000000092e+00 6.317599999999999882e-01
3.000000000000000000e+00 4.900000000000000189e-02 1.299770000000000092e+00 5.637799999999999478e-01
4.000000000000000000e+00 4.200000000000000261e-02 1.166230000000000100e+00 5.533900000000000485e-01
5.000000000000000000e+00 2.800000000000000058e-02 1.247090000000000032e+00 4.874299999999999744e-01
6.000000000000000000e+00 3.500000000000000333e-02 1.461149999999999949e+00 4.287099999999999800e-01
7.000000000000000000e+00 2.800000000000000058e-02 1.586100000000000065e+00 4.183000000000000052e-01
8.000000000000000000e+00 2.100000000000000130e-02 1.673030000000000017e+00 4.180499999999999772e-01
9.000000000000000000e+00 2.100000000000000130e-02 1.726590000000000069e+00 4.201599999999999779e-01
1.000000000000000000e+01 2.100000000000000130e-02 1.749200000000000088e+00 4.272299999999999986e-01
1.100000000000000000e+01 2.100000000000000130e-02 1.723500000000000032e+00 4.355899999999999772e-01
1.200000000000000000e+01 2.100000000000000130e-02 1.705379999999999896e+00 4.413199999999999901e-01
1.300000000000000000e+01 2.100000000000000130e-02 1.701379999999999892e+00 4.486800000000000233e-01
1.400000000000000000e+01 2.800000000000000058e-02 1.719079999999999941e+00 4.578099999999999947e-01
1.500000000000000000e+01 3.500000000000000333e-02 1.741389999999999993e+00 4.678499999999999881e-01
1.600000000000000000e+01 3.500000000000000333e-02 1.797979999999999912e+00 4.782399999999999984e-01
1.700000000000000000e+01 3.500000000000000333e-02 1.869059999999999944e+00 4.891199999999999992e-01
1.800000000000000000e+01 3.500000000000000333e-02 1.950280000000000014e+00 4.982599999999999807e-01
1.900000000000000000e+01 3.500000000000000333e-02 1.993279999999999941e+00 5.049099999999999699e-01
2.000000000000000000e+01 3.500000000000000333e-02 2.041560000000000041e+00 5.111299999999999732e-01
2.100000000000000000e+01 3.500000000000000333e-02 2.103920000000000012e+00 5.174600000000000311e-01
2.200000000000000000e+01 3.500000000000000333e-02 2.166840000000000099e+00 5.231999999999999984e-01
2.300000000000000000e+01 3.500000000000000333e-02 2.228409999999999780e+00 5.288899999999999713e-01
2.400000000000000000e+01 3.500000000000000333e-02 2.282290000000000152e+00 5.342900000000000427e-01
2.500000000000000000e+01 3.500000000000000333e-02 2.339719999999999800e+00 5.395400000000000196e-01
2.600000000000000000e+01 3.500000000000000333e-02 2.398610000000000131e+00 5.451599999999999779e-01
2.700000000000000000e+01 3.500000000000000333e-02 2.448479999999999990e+00 5.505499999999999838e-01
2.800000000000000000e+01 2.800000000000000058e-02 2.499789999999999957e+00 5.554599999999999538e-01
2.900000000000000000e+01 2.800000000000000058e-02 2.535750000000000171e+00 5.585799999999999654e-01
3.000000000000000000e+01 2.800000000000000058e-02 2.563489999999999824e+00 5.608699999999999797e-01
3.100000000000000000e+01 2.800000000000000058e-02 2.586100000000000065e+00 5.631699999999999484e-01
3.200000000000000000e+01 2.800000000000000058e-02 2.601490000000000080e+00 5.648600000000000287e-01
3.300000000000000000e+01 2.800000000000000058e-02 2.617529999999999912e+00 5.668299999999999450e-01
3.400000000000000000e+01 2.800000000000000058e-02 2.629509999999999792e+00 5.685299999999999798e-01
3.500000000000000000e+01 2.800000000000000058e-02 2.635479999999999823e+00 5.698999999999999622e-01
3.600000000000000000e+01 3.500000000000000333e-02 2.632470000000000088e+00 5.718199999999999950e-01
3.700000000000000000e+01 3.500000000000000333e-02 2.624659999999999993e+00 5.744000000000000217e-01
3.800000000000000000e+01 3.500000000000000333e-02 2.635330000000000172e+00 5.762899999999999689e-01
3.900000000000000000e+01 2.800000000000000058e-02 2.651089999999999947e+00 5.775000000000000133e-01
4.000000000000000000e+01 2.800000000000000058e-02 2.670700000000000074e+00 5.784399999999999542e-01
4.100000000000000000e+01 2.100000000000000130e-02 2.690090000000000092e+00 5.796099999999999586e-01
4.200000000000000000e+01 2.100000000000000130e-02 2.699209999999999887e+00 5.807600000000000540e-01
4.300000000000000000e+01 2.100000000000000130e-02 2.710859999999999825e+00 5.819699999999999873e-01
4.400000000000000000e+01 2.100000000000000130e-02 2.705630000000000202e+00 5.836999999999999966e-01
4.500000000000000000e+01 2.100000000000000130e-02 2.697589999999999932e+00 5.852899999999999769e-01
4.600000000000000000e+01 2.800000000000000058e-02 2.668099999999999916e+00 5.869499999999999718e-01
4.700000000000000000e+01 2.800000000000000058e-02 2.648800000000000043e+00 5.886500000000000066e-01
4.800000000000000000e+01 2.800000000000000058e-02 2.610889999999999933e+00 5.904800000000000049e-01
4.900000000000000000e+01 2.800000000000000058e-02 2.495779999999999887e+00 5.938999999999999835e-01
5.000000000000000000e+01 2.800000000000000058e-02 2.380549999999999944e+00 5.976700000000000346e-01
5.100000000000000000e+01 2.800000000000000058e-02 2.311910000000000132e+00 6.005800000000000027e-01
5.200000000000000000e+01 2.800000000000000058e-02 2.279999999999999805e+00 6.023800000000000265e-01
5.300000000000000000e+01 2.800000000000000058e-02 2.266939999999999955e+00 6.035000000000000364e-01
5.400000000000000000e+01 2.800000000000000058e-02 2.256040000000000045e+00 6.044399999999999773e-01
5.500000000000000000e+01 2.800000000000000058e-02 2.244520000000000071e+00 6.053500000000000547e-01
5.600000000000000000e+01 2.800000000000000058e-02 2.231120000000000214e+00 6.062199999999999811e-01
5.700000000000000000e+01 2.800000000000000058e-02 2.218640000000000168e+00 6.071199999999999930e-01
5.800000000000000000e+01 2.800000000000000058e-02 2.175679999999999836e+00 6.087200000000000388e-01
5.900000000000000000e+01 2.800000000000000058e-02 2.149610000000000021e+00 6.098799999999999777e-01
6.000000000000000000e+01 2.800000000000000058e-02 2.137109999999999843e+00 6.106300000000000061e-01
6.100000000000000000e+01 2.800000000000000058e-02 2.127709999999999990e+00 6.116099999999999870e-01
6.200000000000000000e+01 2.800000000000000058e-02 2.126399999999999846e+00 6.122800000000000464e-01
6.300000000000000000e+01 2.800000000000000058e-02 2.130409999999999915e+00 6.126899999999999569e-01
6.400000000000000000e+01 2.800000000000000058e-02 2.134419999999999984e+00 6.130900000000000238e-01
6.500000000000000000e+01 2.800000000000000058e-02 2.138040000000000163e+00 6.134600000000000053e-01
6.600000000000000000e+01 2.800000000000000058e-02 2.126609999999999889e+00 6.143899999999999917e-01
6.700000000000000000e+01 2.800000000000000058e-02 2.111520000000000064e+00 6.154300000000000326e-01
6.800000000000000000e+01 2.800000000000000058e-02 2.093830000000000080e+00 6.166399999999999659e-01
6.900000000000000000e+01 2.800000000000000058e-02 2.084849999999999870e+00 6.173699999999999743e-01
7.000000000000000000e+01 2.800000000000000058e-02 2.081900000000000084e+00 6.177700000000000413e-01
7.100000000000000000e+01 2.800000000000000058e-02 2.068060000000000009e+00 6.185500000000000442e-01
7.200000000000000000e+01 2.800000000000000058e-02 2.053599999999999870e+00 6.191900000000000182e-01
7.300000000000000000e+01 2.800000000000000058e-02 2.042339999999999822e+00 6.197300000000000031e-01
7.400000000000000000e+01 2.800000000000000058e-02 2.030679999999999819e+00 6.203800000000000425e-01
7.500000000000000000e+01 2.800000000000000058e-02 2.017389999999999795e+00 6.212400000000000144e-01
7.600000000000000000e+01 2.800000000000000058e-02 2.006089999999999929e+00 6.220599999999999463e-01
7.700000000000000000e+01 2.800000000000000058e-02 1.996809999999999974e+00 6.227700000000000458e-01
7.800000000000000000e+01 2.800000000000000058e-02 1.991100000000000092e+00 6.233199999999999852e-01
7.900000000000000000e+01 2.800000000000000058e-02 1.989209999999999923e+00 6.236699999999999466e-01
8.000000000000000000e+01 2.800000000000000058e-02 1.983700000000000019e+00 6.242199999999999971e-01
8.100000000000000000e+01 2.800000000000000058e-02 1.980129999999999946e+00 6.246800000000000130e-01
8.200000000000000000e+01 2.800000000000000058e-02 1.977540000000000076e+00 6.249900000000000455e-01
8.300000000000000000e+01 2.800000000000000058e-02 1.971659999999999968e+00 6.254699999999999704e-01
8.400000000000000000e+01 2.800000000000000058e-02 1.963600000000000012e+00 6.260499999999999954e-01
8.500000000000000000e+01 2.800000000000000058e-02 1.952609999999999957e+00 6.268299999999999983e-01
8.600000000000000000e+01 2.800000000000000058e-02 1.943940000000000001e+00 6.275300000000000322e-01
8.700000000000000000e+01 2.800000000000000058e-02 1.936579999999999968e+00 6.282699999999999951e-01
8.800000000000000000e+01 2.800000000000000058e-02 1.931629999999999958e+00 6.288500000000000201e-01
8.900000000000000000e+01 2.800000000000000058e-02 1.929159999999999986e+00 6.293199999999999905e-01
9.000000000000000000e+01 2.800000000000000058e-02 1.928220000000000045e+00 6.297599999999999865e-01
9.100000000000000000e+01 2.800000000000000058e-02 1.928660000000000041e+00 6.301499999999999879e-01
9.200000000000000000e+01 2.800000000000000058e-02 1.929110000000000102e+00 6.305100000000000149e-01
9.300000000000000000e+01 2.800000000000000058e-02 1.928940000000000099e+00 6.309299999999999908e-01
9.400000000000000000e+01 2.800000000000000058e-02 1.929049999999999931e+00 6.313400000000000123e-01
9.500000000000000000e+01 2.800000000000000058e-02 1.930439999999999934e+00 6.317000000000000393e-01
9.600000000000000000e+01 2.800000000000000058e-02 1.932020000000000071e+00 6.320900000000000407e-01
9.700000000000000000e+01 2.800000000000000058e-02 1.932660000000000045e+00 6.324899999999999967e-01
9.800000000000000000e+01 2.800000000000000058e-02 1.932579999999999965e+00 6.329299999999999926e-01
9.900000000000000000e+01 2.800000000000000058e-02 1.932660000000000045e+00 6.334199999999999831e-01
1.000000000000000000e+02 2.800000000000000058e-02 1.933859999999999912e+00 6.339000000000000190e-01
1.010000000000000000e+02 2.800000000000000058e-02 1.936229999999999896e+00 6.342999999999999750e-01
1.020000000000000000e+02 2.800000000000000058e-02 1.938940000000000108e+00 6.346500000000000474e-01
1.030000000000000000e+02 2.800000000000000058e-02 1.940409999999999968e+00 6.351099999999999524e-01
1.040000000000000000e+02 2.800000000000000058e-02 1.942369999999999930e+00 6.355199999999999738e-01
1.050000000000000000e+02 2.800000000000000058e-02 1.945589999999999931e+00 6.357800000000000118e-01
1.060000000000000000e+02 2.800000000000000058e-02 1.949200000000000044e+00 6.360299999999999843e-01
1.070000000000000000e+02 2.800000000000000058e-02 1.951969999999999983e+00 6.363499999999999712e-01
1.080000000000000000e+02 2.800000000000000058e-02 1.955389999999999961e+00 6.366500000000000492e-01
1.090000000000000000e+02 2.800000000000000058e-02 1.959619999999999918e+00 6.369500000000000162e-01
1.100000000000000000e+02 2.800000000000000058e-02 1.962369999999999948e+00 6.373699999999999921e-01
1.110000000000000000e+02 2.800000000000000058e-02 1.962930000000000064e+00 6.379599999999999715e-01
1.120000000000000000e+02 2.800000000000000058e-02 1.964239999999999986e+00 6.384699999999999820e-01
1.130000000000000000e+02 2.800000000000000058e-02 1.965729999999999977e+00 6.389799999999999924e-01
1.140000000000000000e+02 2.800000000000000058e-02 1.967850000000000099e+00 6.394800000000000484e-01
1.150000000000000000e+02 2.800000000000000058e-02 1.971039999999999903e+00 6.399299999999999988e-01
1.160000000000000000e+02 2.100000000000000130e-02 1.975710000000000077e+00 6.402799999999999603e-01
1.170000000000000000e+02 2.100000000000000130e-02 1.981249999999999956e+00 6.405699999999999728e-01
1.180000000000000000e+02 2.100000000000000130e-02 1.986920000000000019e+00 6.408500000000000307e-01
1.190000000000000000e+02 2.100000000000000130e-02 1.992040000000000033e+00 6.411799999999999722e-01
1.200000000000000000e+02 2.100000000000000130e-02 1.996150000000000091e+00 6.415800000000000392e-01
