1.000000000000000000e+00 1.739999999999999880e-01 4.409860000000000113e+00 9.640499999999999625e-01
2.000000000000000000e+00 1.600000000000000033e-01 5.028360000000000163e+00 8.609900000000000331e-01
3.000000000000000000e+00 1.529999999999999971e-01 3.693999999999999950e+00 2.993700000000000250e-01
4.000000000000000000e+00 1.529999999999999971e-01 3.768320000000000114e+00 2.913100000000000134e-01
5.000000000000000000e+00 1.529999999999999971e-01 3.856829999999999981e+00 3.146599999999999953e-01
6.000000000000000000e+00 1.529999999999999971e-01 3.737330000000000041e+00 5.618999999999999551e-01
7.000000000000000000e+00 1.529999999999999971e-01 4.805740000000000123e+00 7.903200000000000225e-01
8.000000000000000000e+00 1.529999999999999971e-01 4.779469999999999885e+00 7.907600000000000184e-01
9.000000000000000000e+00 1.529999999999999971e-01 4.761630000000000251e+00 7.888399999999999856e-01
1.000000000000000000e+01 1.529999999999999971e-01 4.739289999999999559e+00 7.812299999999999800e-01
1.100000000000000000e+01 1.529999999999999971e-01 4.715629999999999988e+00 7.695400000000000018e-01
1.200000000000000000e+01 1.529999999999999971e-01 4.701609999999999623e+00 7.566500000000000448e-01
1.300000000000000000e+01 1.529999999999999971e-01 4.687000000000000277e+00 7.409200000000000230e-01
1.400000000000000000e+01 1.459999999999999909e-01 4.669740000000000002e+00 7.280499999999999750e-01
1.500000000000000000e+01 1.459999999999999909e-01 4.656609999999999694e+00 7.177299999999999791e-01
1.600000000000000000e+01 1.529999999999999971e-01 4.643430000000000391e+00 7.083800000000000097e-01
1.700000000000000000e+01 1.529999999999999971e-01 4.642149999999999999e+00 7.004099999999999770e-01
1.800000000000000000e+01 1.459999999999999909e-01 4.651139999999999830e+00 6.915900000000000380e-01
1.900000000000000000e+01 1.320000000000000062e-01 5.060249999999999915e+00 2.530399999999999872e-01
2.000000000000000000e+01 1.320000000000000062e-01 5.087570000000000370e+00 2.547300000000000120e-01
2.100000000000000000e+01 1.179999999999999938e-01 5.198780000000000179e+00 2.693099999999999938e-01
2.200000000000000000e+01 1.320000000000000062e-01 5.351549999999999585e+00 2.876299999999999968e-01
2.300000000000000000e+01 1.390000000000000124e-01 5.512010000000000076e+00 3.049499999999999988e-01
2.400000000000000000e+01 1.390000000000000124e-01 4.670049999999999812e+00 6.373999999999999666e-01
2.500000000000000000e+01 1.390000000000000124e-01 4.677150000000000141e+00 6.303999999999999604e-01
2.600000000000000000e+01 1.390000000000000124e-01 4.685850000000000293e+00 6.234399999999999942e-01
2.700000000000000000e+01 1.390000000000000124e-01 4.693039999999999878e+00 6.164800000000000280e-01
2.800000000000000000e+01 1.390000000000000124e-01 4.696959999999999802e+00 6.101100000000000412e-01
2.900000000000000000e+01 1.390000000000000124e-01 4.700510000000000410e+00 6.051199999999999912e-01
3.000000000000000000e+01 1.459999999999999909e-01 4.708129999999999704e+00 5.996700000000000363e-01
3.100000000000000000e+01 1.459999999999999909e-01 4.716099999999999959e+00 5.945700000000000429e-01
3.200000000000000000e+01 1.529999999999999971e-01 7.957830000000000403e+00 5.052699999999999969e-01
3.300000000000000000e+01 1.529999999999999971e-01 7.979129999999999612e+00 5.047399999999999665e-01
3.400000000000000000e+01 1.529999999999999971e-01 7.999460000000000015e+00 5.042799999999999505e-01
3.500000000000000000e+01 1.529999999999999971e-01 8.019410000000000593e+00 5.038300000000000001e-01
3.600000000000000000e+01 1.529999999999999971e-01 8.038199999999999790e+00 5.036399999999999766e-01
3.700000000000000000e+01 1.529999999999999971e-01 8.055609999999999715e+00 5.035199999999999676e-01
3.800000000000000000e+01 1.529999999999999971e-01 8.072269999999999612e+00 5.032200000000000006e-01
3.900000000000000000e+01 1.529999999999999971e-01 8.088739999999999597e+00 5.031400000000000317e-01
4.000000000000000000e+01 1.529999999999999971e-01 8.104449999999999932e+00 5.032699999999999951e-01
4.100000000000000000e+01 1.529999999999999971e-01 8.119279999999999831e+00 5.031999999999999806e-01
4.200000000000000000e+01 1.529999999999999971e-01 8.134090000000000487e+00 5.032400000000000206e-01
4.300000000000000000e+01 1.529999999999999971e-01 8.147980000000000445e+00 5.034300000000000441e-01
4.400000000000000000e+01 1.529999999999999971e-01 8.161419999999999675e+00 5.037700000000000511e-01
4.500000000000000000e+01 1.529999999999999971e-01 8.174640000000000128e+00 5.041600000000000525e-01
4.600000000000000000e+01 1.529999999999999971e-01 8.187319999999999709e+00 5.045699999999999630e-01
4.700000000000000000e+01 1.529999999999999971e-01 8.199419999999999931e+00 5.049400000000000555e-01
4.800000000000000000e+01 1.529999999999999971e-01 8.210729999999999862e+00 5.052400000000000224e-01
4.900000000000000000e+01 1.529999999999999971e-01 8.222149999999999181e+00 5.055600000000000094e-01
5.000000000000000000e+01 1.529999999999999971e-01 8.233259999999999579e+00 5.058099999999999818e-01
5.100000000000000000e+01 1.459999999999999909e-01 8.243729999999999336e+00 5.060499999999999998e-01
5.200000000000000000e+01 1.459999999999999909e-01 8.254039999999999822e+00 5.063499999999999668e-01
5.300000000000000000e+01 1.459999999999999909e-01 8.264699999999999491e+00 5.066899999999999737e-01
5.400000000000000000e+01 1.459999999999999909e-01 8.274950000000000472e+00 5.070599999999999552e-01
5.500000000000000000e+01 1.459999999999999909e-01 8.284639999999999560e+00 5.075800000000000312e-01
5.600000000000000000e+01 1.459999999999999909e-01 8.294430000000000192e+00 5.081299999999999706e-01
5.700000000000000000e+01 1.459999999999999909e-01 8.304180000000000561e+00 5.088099999999999845e-01
5.800000000000000000e+01 1.459999999999999909e-01 8.313599999999999213e+00 5.096199999999999619e-01
5.900000000000000000e+01 1.459999999999999909e-01 8.322609999999999175e+00 5.104300000000000503e-01
6.000000000000000000e+01 1.459999999999999909e-01 8.331099999999999284e+00 5.111900000000000333e-01
6.100000000000000000e+01 1.459999999999999909e-01 8.339309999999999334e+00 5.120299999999999851e-01
6.200000000000000000e+01 1.459999999999999909e-01 8.347559999999999647e+00 5.128200000000000536e-01
6.300000000000000000e+01 1.459999999999999909e-01 8.355980000000000629e+00 5.136699999999999600e-01
6.400000000000000000e+01 1.459999999999999909e-01 8.364589999999999748e+00 5.146100000000000119e-01
6.500000000000000000e+01 1.459999999999999909e-01 8.373160000000000380e+00 5.155300000000000438e-01
6.600000000000000000e+01 1.459999999999999909e-01 8.381589999999999208e+00 5.164100000000000357e-01
6.700000000000000000e+01 1.459999999999999909e-01 8.389960000000000306e+00 5.172499999999999876e-01
6.800000000000000000e+01 1.459999999999999909e-01 8.397999999999999687e+00 5.180799999999999850e-01
6.900000000000000000e+01 1.459999999999999909e-01 8.405760000000000787e+00 5.188399999999999679e-01
7.000000000000000000e+01 1.459999999999999909e-01 8.413389999999999702e+00 5.195800000000000418e-01
7.100000000000000000e+01 1.459999999999999909e-01 8.420619999999999550e+00 5.202599999999999447e-01
7.200000000000000000e+01 1.459999999999999909e-01 8.427519999999999456e+00 5.209799999999999986e-01
7.300000000000000000e+01 1.459999999999999909e-01 8.434129999999999683e+00 5.216600000000000126e-01
7.400000000000000000e+01 1.459999999999999909e-01 8.440789999999999793e+00 5.223999999999999755e-01
7.500000000000000000e+01 1.459999999999999909e-01 8.447430000000000661e+00 5.232200000000000184e-01
7.600000000000000000e+01 1.459999999999999909e-01 8.453649999999999665e+00 5.240899999999999448e-01
7.700000000000000000e+01 1.459999999999999909e-01 8.459740000000000038e+00 5.249200000000000532e-01
7.800000000000000000e+01 1.459999999999999909e-01 8.465799999999999770e+00 5.257500000000000506e-01
7.900000000000000000e+01 1.459999999999999909e-01 8.471949999999999648e+00 5.265699999999999825e-01
8.000000000000000000e+01 1.459999999999999909e-01 8.477700000000000458e+00 5.273600000000000509e-01
8.100000000000000000e+01 1.459999999999999909e-01 8.483409999999999229e+00 5.281099999999999683e-01
8.200000000000000000e+01 1.459999999999999909e-01 8.488910000000000622e+00 5.288500000000000423e-01
8.300000000000000000e+01 1.459999999999999909e-01 8.494410000000000238e+00 5.295699999999999852e-01
8.400000000000000000e+01 1.459999999999999909e-01 8.499750000000000583e+00 5.302999999999999936e-01
8.500000000000000000e+01 1.459999999999999909e-01 8.504630000000000578e+00 5.310200000000000475e-01
8.600000000000000000e+01 1.459999999999999909e-01 8.509430000000000049e+00 5.317399999999999904e-01
8.700000000000000000e+01 1.459999999999999909e-01 8.514409999999999812e+00 5.324799999999999534e-01
8.800000000000000000e+01 1.459999999999999909e-01 8.519729999999999137e+00 5.332099999999999618e-01
8.900000000000000000e+01 1.459999999999999909e-01 8.525090000000000501e+00 5.339800000000000102e-01
9.000000000000000000e+01 1.459999999999999909e-01 8.530120000000000147e+00 5.347699999999999676e-01
9.100000000000000000e+01 1.459999999999999909e-01 8.534869999999999735e+00 5.355799999999999450e-01
9.200000000000000000e+01 1.459999999999999909e-01 8.539469999999999672e+00 5.363700000000000134e-01
9.300000000000000000e+01 1.459999999999999909e-01 8.543969999999999843e+00 5.371799999999999908e-01
9.400000000000000000e+01 1.459999999999999909e-01 8.548299999999999343e+00 5.379699999999999482e-01
9.500000000000000000e+01 1.459999999999999909e-01 8.552429999999999310e+00 5.387399999999999967e-01
9.600000000000000000e+01 1.459999999999999909e-01 8.556609999999999161e+00 5.395699999999999941e-01
9.700000000000000000e+01 1.459999999999999909e-01 8.560729999999999507e+00 5.403799999999999715e-01
9.800000000000000000e+01 1.459999999999999909e-01 8.564769999999999328e+00 5.412200000000000344e-01
9.900000000000000000e+01 1.459999999999999909e-01 8.568759999999999266e+00 5.420899999999999608e-01
1.000000000000000000e+02 1.459999999999999909e-01 8.572919999999999874e+00 5.429399999999999782e-01
1.010000000000000000e+02 1.459999999999999909e-01 8.577009999999999579e+00 5.437899999999999956e-01
1.020000000000000000e+02 1.459999999999999909e-01 8.581070000000000420e+00 5.445900000000000185e-01
1.030000000000000000e+02 1.459999999999999909e-01 8.585020000000000095e+00 5.453700000000000214e-01
1.040000000000000000e+02 1.459999999999999909e-01 8.589010000000000034e+00 5.461599999999999788e-01
1.050000000000000000e+02 1.459999999999999909e-01 8.592869999999999564e+00 5.469399999999999817e-01
1.060000000000000000e+02 1.459999999999999909e-01 8.596550000000000580e+00 5.477300000000000502e-01
1.070000000000000000e+02 1.459999999999999909e-01 8.600009999999999266e+00 5.485499999999999821e-01
1.080000000000000000e+02 1.459999999999999909e-01 8.603400000000000603e+00 5.494299999999999740e-01
1.090000000000000000e+02 1.459999999999999909e-01 8.606870000000000687e+00 5.503000000000000114e-01
1.100000000000000000e+02 1.459999999999999909e-01 8.610179999999999723e+00 5.511300000000000088e-01
1.110000000000000000e+02 1.459999999999999909e-01 8.613340000000000884e+00 5.519199999999999662e-01
1.120000000000000000e+02 1.459999999999999909e-01 8.616319999999999979e+00 5.527300000000000546e-01
1.130000000000000000e+02 1.459999999999999909e-01 8.619379999999999598e+00 5.535700000000000065e-01
1.140000000000000000e+02 1.459999999999999909e-01 8.622569999999999624e+00 5.544200000000000239e-01
1.150000000000000000e+02 1.459999999999999909e-01 8.625709999999999766e+00 5.552300000000000013e-01
1.160000000000000000e+02 1.459999999999999909e-01 8.628930000000000433e+00 5.560699999999999532e-01
1.170000000000000000e+02 1.459999999999999909e-01 8.632080000000000197e+00 5.568699999999999761e-01
1.180000000000000000e+02 1.459999999999999909e-01 8.635189999999999699e+00 5.576600000000000446e-01
1.190000000000000000e+02 1.459999999999999909e-01 8.638279999999999959e+00 5.584500000000000020e-01
1.200000000000000000e+02 1.459999999999999909e-01 8.641370000000000218e+00 5.592700000000000449e-01
