0.146 0.15 0.3369066199423247 var_cen_osc
0.146 0.15 0.30555951393224934 var_cen_std_osc
0.146 0.15 0.21048177297399273 var_cen_scl_osc
0.146 0.15 0.3369066199423247 med_var_cen_osc
0.146 0.15 0.30555951393224934 med_var_cen_std_osc
0.146 0.15 0.21048177297399273 med_var_cen_scl_osc
0.146 0.15 0.3369066199423249 cen_PCA_osc
0.201 3.83 0.5867908108938912 cen_std_PCA_osc
0.208 2.12 0.8519218617652339 cen_scl_PCA_osc
0.146 0.15 0.3369066199423249 med_cen_PCA_osc
0.167 2.06 0.8733340036293218 med_cen_std_PCA_osc
0.181 2.87 0.9477375025341183 med_cen_scl_PCA_osc
0.16 0.6 -3.369697415515061 cen_SPCA_osc
0.16 1.48 0.5075942408406089 cen_std_SPCA_osc
0.146 0.37 0.20333601929747097 cen_scl_SPCA_osc
0.16 0.6 -3.369697415515061 med_cen_SPCA_osc
0.174 1.63 0.7437970611438844 med_cen_std_SPCA_osc
0.007 1.5 0.8971625818842879 med_cen_scl_SPCA_osc
0.174 9.09 0.6352210405100865 cen_PCA
0.201 7.39 0.47512965918088573 cen_std_PCA
0.188 10.67 0.28741352358406114 cen_scl_PCA
0.16 8.58 0.8097914923572862 med_cen_PCA
0.174 8.07 0.597449003349515 med_cen_std_PCA
0.174 8.45 0.5030373369147525 med_cen_scl_PCA
0.153 0.78 -0.44427931446620567 cen_SPCA
0.16 1.17 0.07503843559970168 cen_std_SPCA
0.146 0.42 3.7251289163027965 cen_scl_SPCA
0.16 0.82 -0.5157296718373321 med_cen_SPCA
0.167 3.25 0.7498212424047457 med_cen_std_SPCA
0.097 4.29 0.4571238984663034 med_cen_scl_SPCA
