0.188 0.49 1.6705581994503993 var_cen_osc
0.188 0.49 2.7411459670283094 var_cen_std_osc
0.0 0.49 2.7332109496265398 var_cen_scl_osc
0.0 0.74 0.3317750357303157 med_var_cen_osc
0.0 0.74 0.8651749063473091 med_var_cen_std_osc
0.0 0.74 0.8873493641861651 med_var_cen_scl_osc
0.16 5.09 0.381353953384302 cen_PCA_osc
0.201 3.89 0.8471130349346357 cen_std_PCA_osc
0.174 2.6 0.8707341869413906 cen_scl_PCA_osc
0.132 3.89 0.17530250113268725 med_cen_PCA_osc
0.201 3.89 0.8471130349346357 med_cen_std_PCA_osc
0.139 2.87 0.6352996178329321 med_cen_scl_PCA_osc
0.201 3.16 -4.822253131367592 cen_SPCA_osc
0.194 3.69 0.9617755559092254 cen_std_SPCA_osc
0.16 2.4 0.968194697047212 cen_scl_SPCA_osc
0.132 3.49 0.33086142967247356 med_cen_SPCA_osc
0.194 3.69 0.9617755559092254 med_cen_std_SPCA_osc
0.174 2.76 0.9364009285300794 med_cen_scl_SPCA_osc
0.181 10.15 0.9070919462926593 cen_PCA
0.167 10.43 0.8312478798741066 cen_std_PCA
0.167 9.21 0.4960469732206212 cen_scl_PCA
0.132 10.7 0.5119655254704163 med_cen_PCA
0.174 11.21 0.4509159133586658 med_cen_std_PCA
0.146 8.98 0.5799613651843959 med_cen_scl_PCA
0.208 4.87 1.5565523811078685 cen_SPCA
0.174 10.05 0.9157846211585001 cen_std_SPCA
0.174 8.4 0.522384191883208 cen_scl_SPCA
0.208 9.17 0.3322336053673232 med_cen_SPCA
0.181 9.73 0.8602341729032134 med_cen_std_SPCA
0.188 9.01 0.5599704025762865 med_cen_scl_SPCA
