0.132 0.33 -0.0965480158286212 var_cen_osc
0.132 0.33 -0.023668812316199505 var_cen_std_osc
0.139 0.33 -0.017675472885061452 var_cen_scl_osc
0.132 0.33 -0.0965480158286212 med_var_cen_osc
0.132 0.33 -0.023668812316199505 med_var_cen_std_osc
0.139 0.33 -0.017675472885061452 med_var_cen_scl_osc
0.139 0.33 0.7922448362390024 cen_PCA_osc
0.181 4.15 0.957160499479029 cen_std_PCA_osc
0.146 2.61 0.9740098823912877 cen_scl_PCA_osc
0.132 0.33 -0.0965480158286212 med_cen_PCA_osc
0.16 3.88 0.7755013009204536 med_cen_std_PCA_osc
0.146 2.05 0.8512294272416943 med_cen_scl_PCA_osc
0.132 0.85 0.5995534332033762 cen_SPCA_osc
0.146 0.99 0.8751769080871127 cen_std_SPCA_osc
0.146 0.68 0.923026146529325 cen_scl_SPCA_osc
0.132 0.85 0.5995534332033762 med_cen_SPCA_osc
0.125 2.93 0.3641627532641737 med_cen_std_SPCA_osc
0.146 0.68 0.923026146529325 med_cen_scl_SPCA_osc
0.181 5.71 0.5611979367223845 cen_PCA
0.125 6.41 0.5710555466957553 cen_std_PCA
0.125 5.72 0.6281988702694566 cen_scl_PCA
0.181 5.92 0.5676501763538255 med_cen_PCA
0.118 6.32 0.6535639271534169 med_cen_std_PCA
0.132 6.28 0.8569315855012493 med_cen_scl_PCA
0.146 0.48 32.80377237473853 cen_SPCA
0.139 1.42 0.6101671813801357 cen_std_SPCA
0.125 1.67 -12.858128298091234 cen_scl_SPCA
0.146 0.39 -0.981802808701803 med_cen_SPCA
0.118 6.86 0.3889792583451101 med_cen_std_SPCA
0.125 1.83 0.8799455458615563 med_cen_scl_SPCA
