0.181 0.62 0.0453279419907266 var_cen_osc
0.167 0.62 0.0545162359870161 var_cen_std_osc
0.188 0.62 0.03450999491794404 var_cen_scl_osc
0.146 3.67 0.06783385282467466 med_var_cen_osc
0.181 3.67 0.34329972295682915 med_var_cen_std_osc
0.146 3.67 0.5493239636042777 med_var_cen_scl_osc
0.188 2.05 0.01932076842530545 cen_PCA_osc
0.167 2.5 -0.3118537168402579 cen_std_PCA_osc
0.132 3.07 0.9014275986247688 cen_scl_PCA_osc
0.194 3.93 0.6983273059231359 med_cen_PCA_osc
0.174 3.84 -0.32872167976449734 med_cen_std_PCA_osc
0.146 3.55 0.5861702368126102 med_cen_scl_PCA_osc
0.188 2.05 0.01932076842530545 cen_SPCA_osc
0.153 5.02 0.9799966921656483 cen_std_SPCA_osc
0.188 3.13 0.9900761115866832 cen_scl_SPCA_osc
0.153 4.2 0.861989578196535 med_cen_SPCA_osc
0.174 4.44 0.6135914671916938 med_cen_std_SPCA_osc
0.139 3.05 0.9485894147781894 med_cen_scl_SPCA_osc
0.139 10.99 0.5049076523894426 cen_PCA
0.146 11.75 0.14609938442944026 cen_std_PCA
0.16 13.23 0.3676902713368297 cen_scl_PCA
0.174 10.8 0.5026181440856227 med_cen_PCA
0.174 9.86 0.18789143149883028 med_cen_std_PCA
0.146 12.55 0.4370902213905947 med_cen_scl_PCA
0.181 9.34 0.25109601117616076 cen_SPCA
0.174 5.69 0.9252938811546854 cen_std_SPCA
0.174 8.17 0.8107482854145355 cen_scl_SPCA
0.167 6.24 0.3266892451382153 med_cen_SPCA
0.153 15.78 0.7577686198460141 med_cen_std_SPCA
0.132 5.6 0.808133573845616 med_cen_scl_SPCA
