0.007 0.66 0.698905520712836 var_cen_osc
0.007 0.66 0.9425416924881956 var_cen_std_osc
0.007 0.66 0.9817072790052718 var_cen_scl_osc
0.007 0.66 0.698905520712836 med_var_cen_osc
0.007 0.66 0.9425416924881956 med_var_cen_std_osc
0.007 0.66 0.9817072790052718 med_var_cen_scl_osc
0.167 3.69 0.4941696979319442 cen_PCA_osc
0.167 3.43 0.9554338606565307 cen_std_PCA_osc
0.167 1.76 0.7936556858280007 cen_scl_PCA_osc
0.007 0.66 0.698905520712836 med_cen_PCA_osc
0.118 3.46 0.8867256482195575 med_cen_std_PCA_osc
0.028 1.18 0.7853584744416865 med_cen_scl_PCA_osc
0.132 3.98 0.03241713086730715 cen_SPCA_osc
0.167 3.43 0.9554338606565307 cen_std_SPCA_osc
0.188 2.28 0.6549957848806025 cen_scl_SPCA_osc
0.007 0.66 0.698905520712836 med_cen_SPCA_osc
0.153 3.87 0.844409355764669 med_cen_std_SPCA_osc
0.194 2.34 0.8939549356689793 med_cen_scl_SPCA_osc
0.132 5.31 0.43896135267141345 cen_PCA
0.16 5.05 0.25497322048234955 cen_std_PCA
0.16 4.81 0.2926775933497576 cen_scl_PCA
0.132 5.18 0.7390887351794662 med_cen_PCA
0.16 6.65 0.6922751473634008 med_cen_std_PCA
0.16 6.26 0.7337441855402539 med_cen_scl_PCA
0.194 7.58 0.29012005713931455 cen_SPCA
0.188 8.07 0.9577861805888189 cen_std_SPCA
0.118 3.28 0.43110214295908283 cen_scl_SPCA
0.097 6.88 0.18646076399168243 med_cen_SPCA
0.188 9.59 0.62678084306108 med_cen_std_SPCA
0.174 3.18 0.7693132544780376 med_cen_scl_SPCA
