0.007 0.67 0.6241964338663338 var_cen_osc
0.007 0.67 0.6803441500273257 var_cen_std_osc
0.007 0.67 0.8837143385587856 var_cen_scl_osc
0.007 0.67 0.6241964338663338 med_var_cen_osc
0.007 0.67 0.6803441500273257 med_var_cen_std_osc
0.007 0.67 0.8837143385587856 med_var_cen_scl_osc
0.194 1.69 30.859015922051587 cen_PCA_osc
0.174 5.01 0.7394350861867522 cen_std_PCA_osc
0.167 2.94 0.8178712524575456 cen_scl_PCA_osc
0.188 1.51 -5.696739515760624 med_cen_PCA_osc
0.146 4.72 0.9306609325424379 med_cen_std_PCA_osc
0.153 3.34 0.8935035744294528 med_cen_scl_PCA_osc
0.188 4.49 0.48210512259467914 cen_SPCA_osc
0.174 3.46 0.9545236276814524 cen_std_SPCA_osc
0.181 3.38 0.3830593262677611 cen_scl_SPCA_osc
0.146 3.39 0.2350977296303284 med_cen_SPCA_osc
0.167 5.2 0.8507503660409137 med_cen_std_SPCA_osc
0.0 0.43 0.957718310045377 med_cen_scl_SPCA_osc
0.16 7.94 0.2930373492586747 cen_PCA
0.125 10.22 0.25703186136229506 cen_std_PCA
0.132 9.33 0.3086675813322057 cen_scl_PCA
0.146 7.19 0.5017932210340625 med_cen_PCA
0.125 10.46 0.5593796488477456 med_cen_std_PCA
0.125 9.24 0.8671869277156734 med_cen_scl_PCA
0.194 7.92 0.5272932822701825 cen_SPCA
0.201 7.82 0.650201536951754 cen_std_SPCA
0.174 4.74 0.9595592291458692 cen_scl_SPCA
0.201 5.93 0.6097425879527211 med_cen_SPCA
0.181 8.33 0.35045678763754984 med_cen_std_SPCA
0.035 2.04 0.9093591348621236 med_cen_scl_SPCA
