0.194 0.49 -1.2808477463692964 var_cen_osc
0.188 0.49 -0.4306276831412863 var_cen_std_osc
0.201 0.49 -0.6664075050287063 var_cen_scl_osc
0.146 0.51 0.19045542857310016 med_var_cen_osc
0.146 0.51 0.8332700574173468 med_var_cen_std_osc
0.167 0.51 0.8873383308452384 med_var_cen_scl_osc
0.181 5.26 0.9880499090419126 cen_PCA_osc
0.181 4.73 0.6077440341112665 cen_std_PCA_osc
0.153 2.56 0.9441522148760212 cen_scl_PCA_osc
0.181 5.26 0.9880499090419126 med_cen_PCA_osc
0.188 4.18 0.7528381526327632 med_cen_std_PCA_osc
0.174 2.86 0.8149925468751038 med_cen_scl_PCA_osc
0.188 0.48 0.02834764776453301 cen_SPCA_osc
0.167 4.45 0.9267372555835195 cen_std_SPCA_osc
0.174 2.7 0.18398943664630926 cen_scl_SPCA_osc
0.181 0.48 0.1219539536309645 med_cen_SPCA_osc
0.181 4.49 0.9667290033360796 med_cen_std_SPCA_osc
0.167 2.71 0.9666476018479704 med_cen_scl_SPCA_osc
0.146 4.71 0.11972760630961359 cen_PCA
0.146 8.23 0.40346217478261653 cen_std_PCA
0.139 9.08 0.3761232328902732 cen_scl_PCA
0.139 4.58 0.07111020033859913 med_cen_PCA
0.146 7.81 0.3241959661146859 med_cen_std_PCA
0.146 7.64 0.40014973829767586 med_cen_scl_PCA
0.167 1.11 0.022195085077625003 cen_SPCA
0.222 10.59 0.5401849926933424 cen_std_SPCA
0.16 7.2 0.3499813842092273 cen_scl_SPCA
0.097 1.42 0.3439623248296545 med_cen_SPCA
0.194 11.31 0.9177648867653904 med_cen_std_SPCA
0.125 5.09 0.8009784420947121 med_cen_scl_SPCA
