0.132 0.05 -0.518370558984208 var_cen_osc
0.167 0.05 -0.3396615521579364 var_cen_std_osc
0.16 0.05 -0.400912754200662 var_cen_scl_osc
0.104 0.27 0.26232791784819137 med_var_cen_osc
0.111 0.27 0.4927100945017745 med_var_cen_std_osc
0.132 0.27 0.9148677452488746 med_var_cen_scl_osc
0.16 0.11 0.8249222115968694 cen_PCA_osc
0.187 3.14 0.8888516965558602 cen_std_PCA_osc
0.139 0.28 0.980096786266329 cen_scl_PCA_osc
0.104 0.27 0.26232791784819137 med_cen_PCA_osc
0.187 0.98 0.9030960119343949 med_cen_std_PCA_osc
0.139 0.31 0.9506331094824888 med_cen_scl_PCA_osc
0.16 0.11 0.8249222115968694 cen_SPCA_osc
0.188 3.76 0.9530156559375134 cen_std_SPCA_osc
0.16 0.11 0.7808047872092141 cen_scl_SPCA_osc
0.139 0.31 0.6578008843654 med_cen_SPCA_osc
0.174 4.17 0.9095951736672209 med_cen_std_SPCA_osc
0.167 3.13 0.757569384875854 med_cen_scl_SPCA_osc
0.167 3.59 0.7514084917081613 cen_PCA
0.16 8.24 0.6786981820944992 cen_std_PCA
0.167 8.81 0.8532830619767904 cen_scl_PCA
0.188 6.7 0.9862348601829201 med_cen_PCA
0.174 6.86 0.5068807244516659 med_cen_std_PCA
0.174 7.42 0.5444457738337446 med_cen_scl_PCA
0.153 1.54 3.1950957510148332 cen_SPCA
0.167 4.76 0.6910011847322185 cen_std_SPCA
0.187 0.55 0.42518794605002974 cen_scl_SPCA
0.16 0.85 0.9182788533243889 med_cen_SPCA
0.167 8.29 -0.12895621859988318 med_cen_std_SPCA
0.181 5.04 0.9435682970602484 med_cen_scl_SPCA
