6.127135678391959495e-01 1.350000000000000089e-01 1.450799999999999867e-01 6.327399999999999691e-01 2.230999999999999997e-02
7.131658291457286802e-01 1.120000000000000023e-01 1.917500000000000038e-01 6.312900000000000178e-01 4.886999999999999678e-02
8.136180904522613000e-01 1.400000000000000133e-01 2.278999999999999915e-01 6.693400000000000460e-01 6.685000000000000664e-02
9.140703517587939197e-01 1.419999999999999873e-01 2.820099999999999829e-01 7.303899999999999837e-01 9.897999999999999854e-02
1.014522613065326651e+00 1.429999999999999882e-01 1.206699999999999995e-01 4.670400000000000107e-01 3.488999999999999740e-02
1.114974874371859270e+00 1.300000000000000044e-01 1.019000000000000045e-01 3.389800000000000035e-01 1.175000000000000003e-02
1.215427135678391890e+00 1.320000000000000062e-01 1.051699999999999996e-01 3.401799999999999824e-01 4.969999999999999592e-03
1.315879396984924510e+00 1.140000000000000041e-01 8.717999999999999361e-02 3.136099999999999999e-01 2.454999999999999891e-02
1.416331658291457352e+00 1.150000000000000050e-01 1.194100000000000023e-01 3.226999999999999869e-01 2.978000000000000091e-02
1.516783919597989971e+00 1.310000000000000053e-01 1.527199999999999946e-01 3.488499999999999934e-01 3.656000000000000222e-02
1.617236180904522591e+00 1.140000000000000041e-01 1.175500000000000017e-01 3.462500000000000022e-01 4.179000000000000076e-02
1.717688442211055211e+00 1.130000000000000032e-01 9.890000000000000180e-02 3.560599999999999876e-01 4.705999999999999767e-02
1.818140703517587831e+00 1.120000000000000023e-01 8.913000000000000089e-02 3.631499999999999728e-01 5.176999999999999658e-02
1.918592964824120672e+00 1.019999999999999934e-01 9.546000000000000318e-02 3.771499999999999853e-01 6.379999999999999560e-02
2.019045226130653070e+00 1.019999999999999934e-01 9.458999999999999353e-02 3.890600000000000169e-01 6.535000000000000531e-02
2.119497487437185690e+00 1.019999999999999934e-01 9.131999999999999840e-02 3.948099999999999943e-01 6.122999999999999970e-02
2.219949748743718310e+00 1.019999999999999934e-01 9.943000000000000449e-02 4.006500000000000061e-01 6.748999999999999444e-02
2.320402010050250929e+00 1.270000000000000018e-01 4.365499999999999936e-01 6.772000000000000242e-01 2.982899999999999996e-01
2.420854271356783549e+00 1.229999999999999982e-01 4.568300000000000138e-01 6.704400000000000359e-01 3.426000000000000156e-01
2.521306532663316169e+00 1.229999999999999982e-01 4.775400000000000200e-01 6.671700000000000408e-01 3.740299999999999736e-01
2.621758793969848789e+00 1.229999999999999982e-01 4.951499999999999790e-01 6.645600000000000396e-01 3.985500000000000154e-01
2.722211055276381853e+00 1.229999999999999982e-01 5.111400000000000388e-01 6.620200000000000529e-01 4.207799999999999874e-01
2.822663316582914472e+00 1.229999999999999982e-01 5.282799999999999718e-01 6.612599999999999589e-01 4.438799999999999968e-01
2.923115577889447092e+00 1.229999999999999982e-01 5.467199999999999838e-01 6.625400000000000178e-01 4.681000000000000161e-01
3.023567839195979712e+00 1.229999999999999982e-01 5.658199999999999896e-01 6.631599999999999717e-01 4.941599999999999882e-01
3.124020100502512332e+00 1.219999999999999973e-01 6.097799999999999887e-01 6.687699999999999756e-01 5.527300000000000546e-01
3.224472361809044951e+00 1.209999999999999964e-01 6.522200000000000220e-01 6.708100000000000174e-01 6.098700000000000232e-01
3.324924623115577571e+00 1.170000000000000068e-01 8.087499999999999689e-01 7.195599999999999774e-01 8.058899999999999952e-01
3.425376884422110191e+00 1.170000000000000068e-01 8.760799999999999699e-01 7.280499999999999750e-01 8.947500000000000453e-01
3.525829145728642811e+00 9.299999999999999933e-02 3.306000000000000050e-01 4.695900000000000074e-01 2.553099999999999814e-01
3.626281407035175430e+00 9.299999999999999933e-02 3.512899999999999912e-01 4.738999999999999879e-01 2.759099999999999886e-01
3.726733668341708050e+00 9.400000000000000022e-02 3.717799999999999994e-01 4.781000000000000250e-01 2.967000000000000193e-01
3.827185929648241114e+00 9.400000000000000022e-02 3.914300000000000002e-01 4.818000000000000060e-01 3.169699999999999740e-01
3.927638190954773734e+00 9.400000000000000022e-02 4.097399999999999931e-01 4.849700000000000122e-01 3.361299999999999844e-01
4.028090452261306353e+00 9.400000000000000022e-02 4.269999999999999907e-01 4.880800000000000138e-01 3.545400000000000218e-01
4.128542713567838973e+00 9.400000000000000022e-02 4.378900000000000015e-01 4.912799999999999945e-01 3.658899999999999930e-01
4.228994974874371593e+00 9.400000000000000022e-02 4.475299999999999834e-01 4.937400000000000122e-01 3.759299999999999864e-01
4.329447236180904213e+00 9.400000000000000022e-02 4.586100000000000176e-01 4.965399999999999814e-01 3.882800000000000140e-01
4.429899497487436832e+00 9.400000000000000022e-02 4.743899999999999784e-01 4.992199999999999971e-01 4.067200000000000260e-01
4.530351758793969452e+00 9.400000000000000022e-02 4.977199999999999958e-01 5.021600000000000508e-01 4.347599999999999798e-01
4.630804020100502072e+00 9.400000000000000022e-02 5.249700000000000477e-01 5.058300000000000018e-01 4.676000000000000156e-01
4.731256281407034692e+00 9.400000000000000022e-02 5.618400000000000061e-01 5.104600000000000248e-01 5.140599999999999614e-01
4.831708542713567311e+00 9.400000000000000022e-02 5.972399999999999931e-01 5.137699999999999489e-01 5.594900000000000428e-01
4.932160804020099931e+00 9.400000000000000022e-02 6.553200000000000136e-01 5.165100000000000247e-01 6.353100000000000414e-01
5.032613065326632551e+00 9.500000000000000111e-02 7.182800000000000296e-01 5.184400000000000119e-01 7.181899999999999951e-01
5.133065326633165171e+00 9.500000000000000111e-02 7.394800000000000262e-01 5.187899999999999734e-01 7.466899999999999649e-01
5.233517587939697790e+00 9.500000000000000111e-02 7.626899999999999791e-01 5.187399999999999789e-01 7.778100000000000014e-01
5.333969849246230410e+00 9.500000000000000111e-02 7.846800000000000441e-01 5.185999999999999499e-01 8.074299999999999811e-01
5.434422110552763918e+00 9.500000000000000111e-02 8.063599999999999657e-01 5.184800000000000519e-01 8.366200000000000303e-01
5.534874371859296538e+00 9.600000000000000200e-02 8.278600000000000403e-01 5.184600000000000319e-01 8.655699999999999505e-01
5.635326633165829158e+00 9.600000000000000200e-02 8.482600000000000140e-01 5.184400000000000119e-01 8.930700000000000305e-01
5.735778894472361777e+00 9.600000000000000200e-02 8.641400000000000192e-01 5.187899999999999734e-01 9.149599999999999955e-01
5.836231155778894397e+00 9.600000000000000200e-02 8.874999999999999556e-01 5.204999999999999627e-01 9.473200000000000509e-01
5.936683417085427017e+00 9.600000000000000200e-02 9.231599999999999806e-01 5.228300000000000169e-01 9.957399999999999585e-01
6.037135678391959637e+00 9.600000000000000200e-02 9.618400000000000283e-01 5.251200000000000312e-01 1.048429999999999973e+00
6.137587939698492256e+00 9.600000000000000200e-02 9.937099999999999822e-01 5.278899999999999704e-01 1.091860000000000053e+00
6.238040201005024876e+00 9.600000000000000200e-02 1.030990000000000073e+00 5.318599999999999994e-01 1.141469999999999985e+00
6.338492462311557496e+00 9.600000000000000200e-02 1.078869999999999996e+00 5.340200000000000502e-01 1.205000000000000071e+00
6.438944723618090116e+00 9.600000000000000200e-02 1.117450000000000054e+00 5.349199999999999511e-01 1.256750000000000034e+00
6.539396984924622735e+00 9.600000000000000200e-02 1.155210000000000070e+00 5.359000000000000430e-01 1.307830000000000048e+00
6.639849246231155355e+00 9.600000000000000200e-02 1.200569999999999915e+00 5.380200000000000538e-01 1.369320000000000093e+00
6.740301507537687975e+00 9.600000000000000200e-02 1.239980000000000082e+00 5.398399999999999865e-01 1.423640000000000017e+00
6.840753768844220595e+00 9.600000000000000200e-02 1.306710000000000038e+00 5.456999999999999629e-01 1.515490000000000004e+00
6.941206030150753215e+00 9.500000000000000111e-02 1.370049999999999990e+00 5.504299999999999748e-01 1.603460000000000107e+00
7.041658291457285834e+00 9.500000000000000111e-02 1.424320000000000030e+00 5.539600000000000080e-01 1.679359999999999964e+00
7.142110552763818454e+00 9.400000000000000022e-02 1.473629999999999995e+00 5.567199999999999926e-01 1.748529999999999918e+00
7.242562814070351074e+00 9.400000000000000022e-02 1.529379999999999962e+00 5.604400000000000492e-01 1.825269999999999948e+00
7.343015075376883694e+00 9.299999999999999933e-02 1.606510000000000105e+00 5.643700000000000383e-01 1.931780000000000053e+00
7.443467336683416313e+00 9.299999999999999933e-02 1.679650000000000087e+00 5.678100000000000369e-01 2.033069999999999933e+00
7.543919597989949821e+00 9.299999999999999933e-02 1.745339999999999892e+00 5.710100000000000176e-01 2.124480000000000146e+00
7.644371859296482441e+00 9.199999999999999845e-02 1.805239999999999956e+00 5.759699999999999820e-01 2.207660000000000178e+00
7.744824120603015061e+00 9.199999999999999845e-02 1.852719999999999922e+00 5.790399999999999991e-01 2.273849999999999927e+00
7.845276381909547680e+00 9.099999999999999756e-02 1.862640000000000073e+00 5.799900000000000055e-01 2.289000000000000146e+00
7.945728643216080300e+00 9.099999999999999756e-02 1.880409999999999915e+00 5.798999999999999710e-01 2.314259999999999984e+00
8.046180904522612920e+00 9.099999999999999756e-02 1.909440000000000026e+00 5.789400000000000102e-01 2.353619999999999823e+00
8.146633165829145540e+00 1.059999999999999970e-01 1.935959999999999903e+00 5.777999999999999803e-01 2.389540000000000219e+00
8.247085427135678160e+00 1.059999999999999970e-01 1.963370000000000060e+00 5.767600000000000504e-01 2.426480000000000192e+00
8.347537688442210779e+00 1.059999999999999970e-01 1.986550000000000038e+00 5.757100000000000550e-01 2.457870000000000221e+00
8.447989949748743399e+00 1.059999999999999970e-01 2.007190000000000030e+00 5.746799999999999686e-01 2.486029999999999962e+00
8.548442211055276019e+00 1.059999999999999970e-01 2.041720000000000201e+00 5.733700000000000463e-01 2.533520000000000216e+00
8.648894472361808639e+00 1.059999999999999970e-01 2.079239999999999977e+00 5.720600000000000129e-01 2.585949999999999971e+00
8.749346733668341258e+00 1.059999999999999970e-01 2.144210000000000171e+00 5.704799999999999871e-01 2.676950000000000163e+00
8.849798994974873878e+00 1.059999999999999970e-01 2.191059999999999786e+00 5.689199999999999813e-01 2.743489999999999984e+00
8.950251256281406498e+00 1.069999999999999979e-01 2.229220000000000201e+00 5.674700000000000299e-01 2.798249999999999904e+00
9.050703517587939118e+00 1.069999999999999979e-01 2.265730000000000022e+00 5.662300000000000111e-01 2.850519999999999943e+00
9.151155778894471737e+00 1.069999999999999979e-01 2.303580000000000183e+00 5.649800000000000377e-01 2.905100000000000016e+00
9.251608040201004357e+00 1.069999999999999979e-01 2.346029999999999838e+00 5.636900000000000244e-01 2.966479999999999784e+00
9.352060301507536977e+00 1.069999999999999979e-01 2.392809999999999881e+00 5.623000000000000220e-01 3.034040000000000070e+00
9.452512562814069597e+00 1.069999999999999979e-01 2.455960000000000143e+00 5.606799999999999562e-01 3.125290000000000123e+00
9.552964824120602216e+00 1.079999999999999988e-01 2.551499999999999879e+00 5.579100000000000170e-01 3.261229999999999851e+00
9.653417085427134836e+00 1.079999999999999988e-01 2.634889999999999954e+00 5.554099999999999593e-01 3.379440000000000222e+00
9.753869346733667456e+00 1.079999999999999988e-01 2.740549999999999820e+00 5.523200000000000331e-01 3.529819999999999958e+00
9.854321608040200076e+00 1.089999999999999997e-01 2.825649999999999995e+00 5.493000000000000105e-01 3.651580000000000048e+00
9.954773869346732695e+00 1.089999999999999997e-01 2.893819999999999837e+00 5.466499999999999693e-01 3.749519999999999964e+00
1.005522613065326532e+01 1.100000000000000006e-01 2.955130000000000035e+00 5.443999999999999950e-01 3.837629999999999875e+00
1.015567839195979793e+01 1.100000000000000006e-01 2.987169999999999881e+00 5.432399999999999451e-01 3.883570000000000189e+00
1.025613065326633055e+01 1.100000000000000006e-01 3.006609999999999783e+00 5.424099999999999477e-01 3.911540000000000017e+00
1.035658291457286317e+01 1.100000000000000006e-01 3.016750000000000043e+00 5.417399999999999993e-01 3.926520000000000010e+00
1.045703517587939579e+01 1.100000000000000006e-01 3.026299999999999990e+00 5.411700000000000399e-01 3.940679999999999961e+00
1.055748743718592841e+01 1.100000000000000006e-01 3.032309999999999839e+00 5.405999999999999694e-01 3.949930000000000163e+00
1.065793969849246103e+01 1.100000000000000006e-01 3.036399999999999988e+00 5.400000000000000355e-01 3.956519999999999815e+00
1.075839195979899543e+01 1.100000000000000006e-01 3.040290000000000159e+00 5.394200000000000106e-01 3.962839999999999918e+00
1.085884422110552805e+01 1.100000000000000006e-01 3.043480000000000185e+00 5.388399999999999856e-01 3.968129999999999935e+00
1.095929648241206067e+01 1.100000000000000006e-01 3.044979999999999798e+00 5.383599999999999497e-01 3.971020000000000216e+00
1.105974874371859329e+01 1.100000000000000006e-01 3.045690000000000008e+00 5.379300000000000193e-01 3.972750000000000004e+00
1.116020100502512591e+01 1.100000000000000006e-01 3.045409999999999950e+00 5.374200000000000088e-01 3.972970000000000113e+00
1.126065326633165853e+01 1.100000000000000006e-01 3.045749999999999957e+00 5.368699999999999584e-01 3.974019999999999886e+00
1.136110552763819115e+01 1.100000000000000006e-01 3.045799999999999841e+00 5.363299999999999734e-01 3.974639999999999951e+00
1.146155778894472377e+01 1.100000000000000006e-01 3.045490000000000030e+00 5.357699999999999685e-01 3.974730000000000096e+00
1.156201005025125639e+01 1.110000000000000014e-01 3.043530000000000069e+00 5.352200000000000291e-01 3.972449999999999815e+00
1.166246231155778901e+01 1.110000000000000014e-01 3.039600000000000080e+00 5.346899999999999986e-01 3.967330000000000023e+00
1.176291457286432163e+01 1.110000000000000014e-01 3.035200000000000120e+00 5.341500000000000137e-01 3.961489999999999956e+00
1.186336683417085425e+01 1.110000000000000014e-01 3.030299999999999994e+00 5.336300000000000487e-01 3.954889999999999795e+00
1.196381909547738687e+01 1.110000000000000014e-01 3.024979999999999780e+00 5.331299999999999928e-01 3.947700000000000209e+00
1.206427135678391949e+01 1.110000000000000014e-01 3.017700000000000049e+00 5.326400000000000023e-01 3.937650000000000095e+00
1.216472361809045211e+01 1.110000000000000014e-01 3.010110000000000063e+00 5.320700000000000429e-01 3.926909999999999901e+00
1.226517587939698473e+01 1.110000000000000014e-01 3.001500000000000057e+00 5.315299999999999470e-01 3.914590000000000014e+00
1.236562814070351735e+01 1.110000000000000014e-01 2.993050000000000210e+00 5.310200000000000475e-01 3.902489999999999792e+00
1.246608040201004997e+01 1.110000000000000014e-01 2.981840000000000046e+00 5.304100000000000481e-01 3.886369999999999880e+00
1.256653266331658259e+01 1.110000000000000014e-01 2.970419999999999838e+00 5.298500000000000432e-01 3.869889999999999830e+00
1.266698492462311521e+01 1.120000000000000023e-01 2.959459999999999980e+00 5.293400000000000327e-01 3.854070000000000107e+00
1.276743718592964782e+01 1.120000000000000023e-01 2.946860000000000035e+00 5.288100000000000023e-01 3.836030000000000051e+00
1.286788944723618044e+01 1.120000000000000023e-01 2.934390000000000054e+00 5.283299999999999663e-01 3.818189999999999973e+00
1.296834170854271306e+01 1.120000000000000023e-01 2.921190000000000175e+00 5.277600000000000069e-01 3.799570000000000114e+00
1.306879396984924568e+01 1.120000000000000023e-01 2.910289999999999822e+00 5.270500000000000185e-01 3.784159999999999968e+00
1.316924623115577830e+01 1.120000000000000023e-01 2.902610000000000134e+00 5.261500000000000066e-01 3.773149999999999782e+00
1.326969849246231092e+01 1.120000000000000023e-01 2.895630000000000148e+00 5.252299999999999747e-01 3.763230000000000075e+00
1.337015075376884354e+01 1.130000000000000032e-01 2.888389999999999791e+00 5.243400000000000283e-01 3.752969999999999917e+00
1.347060301507537616e+01 1.130000000000000032e-01 2.880729999999999791e+00 5.235300000000000509e-01 3.742140000000000022e+00
1.357105527638190878e+01 1.130000000000000032e-01 2.872939999999999827e+00 5.227300000000000280e-01 3.731189999999999785e+00
1.367150753768844140e+01 1.130000000000000032e-01 2.864869999999999806e+00 5.220099999999999740e-01 3.719860000000000166e+00
1.377195979899497402e+01 1.130000000000000032e-01 2.855700000000000127e+00 5.212700000000000111e-01 3.706980000000000164e+00
1.387241206030150664e+01 1.130000000000000032e-01 2.845540000000000180e+00 5.205100000000000282e-01 3.692600000000000104e+00
1.397286432160803926e+01 1.130000000000000032e-01 2.834490000000000176e+00 5.197399999999999798e-01 3.676849999999999952e+00
1.407331658291457188e+01 1.130000000000000032e-01 2.823620000000000019e+00 5.190399999999999459e-01 3.661350000000000104e+00
1.417376884422110450e+01 1.140000000000000041e-01 2.812660000000000160e+00 5.184100000000000374e-01 3.645760000000000112e+00
1.427422110552763712e+01 1.140000000000000041e-01 2.801810000000000134e+00 5.178300000000000125e-01 3.630329999999999835e+00
1.437467336683416974e+01 1.140000000000000041e-01 2.790840000000000209e+00 5.172600000000000531e-01 3.614759999999999973e+00
1.447512562814070236e+01 1.140000000000000041e-01 2.779030000000000111e+00 5.167199999999999571e-01 3.598030000000000062e+00
1.457557788944723498e+01 1.140000000000000041e-01 2.767539999999999889e+00 5.161900000000000377e-01 3.581780000000000186e+00
1.467603015075376760e+01 1.140000000000000041e-01 2.756709999999999994e+00 5.157300000000000217e-01 3.566570000000000018e+00
1.477648241206030022e+01 1.140000000000000041e-01 2.747119999999999784e+00 5.152900000000000258e-01 3.553150000000000031e+00
1.487693467336683284e+01 1.140000000000000041e-01 2.743840000000000057e+00 5.148700000000000498e-01 3.548630000000000173e+00
1.497738693467336546e+01 1.150000000000000050e-01 2.743879999999999875e+00 5.144900000000000029e-01 3.548830000000000151e+00
1.507783919597989986e+01 1.150000000000000050e-01 2.744839999999999947e+00 5.141900000000000359e-01 3.550320000000000142e+00
1.517829145728643248e+01 1.150000000000000050e-01 2.743910000000000071e+00 5.138399999999999634e-01 3.549020000000000064e+00
1.527874371859296510e+01 1.150000000000000050e-01 2.740439999999999987e+00 5.134100000000000330e-01 3.544439999999999813e+00
1.537919597989949771e+01 1.150000000000000050e-01 2.734239999999999782e+00 5.129000000000000226e-01 3.536290000000000155e+00
1.547964824120603033e+01 1.150000000000000050e-01 2.728340000000000209e+00 5.122999999999999776e-01 3.528840000000000199e+00
1.558010050251256295e+01 1.150000000000000050e-01 2.723349999999999937e+00 5.116500000000000492e-01 3.522559999999999913e+00
1.568055276381909557e+01 1.150000000000000050e-01 2.717439999999999856e+00 5.108599999999999808e-01 3.514769999999999950e+00
1.578100502512562819e+01 1.150000000000000050e-01 2.712380000000000013e+00 5.100700000000000234e-01 3.508140000000000036e+00
1.588145728643216081e+01 1.150000000000000050e-01 2.706780000000000186e+00 5.092900000000000205e-01 3.500729999999999897e+00
1.598190954773869343e+01 1.150000000000000050e-01 2.702799999999999869e+00 5.085499999999999465e-01 3.495589999999999975e+00
1.608236180904522783e+01 1.150000000000000050e-01 2.697950000000000070e+00 5.078300000000000036e-01 3.489219999999999988e+00
1.618281407035176045e+01 1.150000000000000050e-01 2.692950000000000177e+00 5.071299999999999697e-01 3.482619999999999827e+00
1.628326633165829307e+01 1.150000000000000050e-01 2.688149999999999817e+00 5.064300000000000468e-01 3.476309999999999789e+00
1.638371859296482569e+01 1.150000000000000050e-01 2.683780000000000054e+00 5.057300000000000129e-01 3.470639999999999947e+00
1.648417085427135831e+01 1.150000000000000050e-01 2.679759999999999920e+00 5.050900000000000389e-01 3.465419999999999945e+00
1.658462311557789093e+01 1.160000000000000059e-01 2.675839999999999996e+00 5.044800000000000395e-01 3.460319999999999840e+00
1.668507537688442355e+01 1.160000000000000059e-01 2.671949999999999825e+00 5.039000000000000146e-01 3.455259999999999998e+00
1.678552763819095617e+01 1.160000000000000059e-01 2.667839999999999989e+00 5.033199999999999896e-01 3.449889999999999901e+00
1.688597989949748879e+01 1.160000000000000059e-01 2.664410000000000167e+00 5.027899999999999592e-01 3.445440000000000058e+00
1.698643216080402141e+01 1.160000000000000059e-01 2.661630000000000162e+00 5.022600000000000398e-01 3.441889999999999894e+00
1.708688442211055403e+01 1.160000000000000059e-01 2.659079999999999888e+00 5.017500000000000293e-01 3.438629999999999853e+00
1.718733668341708665e+01 1.160000000000000059e-01 2.657919999999999838e+00 5.012600000000000389e-01 3.437279999999999891e+00
1.728778894472361927e+01 1.160000000000000059e-01 2.657410000000000050e+00 5.006599999999999939e-01 3.436799999999999855e+00
1.738824120603015189e+01 1.160000000000000059e-01 2.657070000000000043e+00 5.000900000000000345e-01 3.436500000000000110e+00
1.748869346733668451e+01 1.160000000000000059e-01 2.656709999999999905e+00 4.995399999999999840e-01 3.436160000000000103e+00
1.758914572864321713e+01 1.160000000000000059e-01 2.656509999999999927e+00 4.990399999999999836e-01 3.435989999999999878e+00
1.768959798994974975e+01 1.160000000000000059e-01 2.654799999999999827e+00 4.985100000000000087e-01 3.433629999999999960e+00
1.779005025125628237e+01 1.160000000000000059e-01 2.652210000000000178e+00 4.979700000000000237e-01 3.430050000000000043e+00
1.789050251256281499e+01 1.160000000000000059e-01 2.649369999999999781e+00 4.974000000000000088e-01 3.426130000000000120e+00
1.799095477386934760e+01 1.160000000000000059e-01 2.646669999999999856e+00 4.968600000000000239e-01 3.422429999999999861e+00
1.809140703517588022e+01 1.160000000000000059e-01 2.644039999999999946e+00 4.963199999999999834e-01 3.418810000000000127e+00
1.819185929648241284e+01 1.160000000000000059e-01 2.641000000000000014e+00 4.957900000000000085e-01 3.414629999999999832e+00
1.829231155778894546e+01 1.170000000000000068e-01 2.638469999999999871e+00 4.952900000000000080e-01 3.411119999999999930e+00
1.839276381909547808e+01 1.170000000000000068e-01 2.636249999999999982e+00 4.947900000000000076e-01 3.407950000000000035e+00
1.849321608040201070e+01 1.170000000000000068e-01 2.633820000000000050e+00 4.943100000000000271e-01 3.404510000000000147e+00
1.859366834170854332e+01 1.170000000000000068e-01 2.631320000000000103e+00 4.938600000000000212e-01 3.400959999999999983e+00
1.869412060301507594e+01 1.170000000000000068e-01 2.628010000000000179e+00 4.933699999999999752e-01 3.396250000000000213e+00
1.879457286432160856e+01 1.170000000000000068e-01 2.623990000000000045e+00 4.929000000000000048e-01 3.390499999999999847e+00
1.889502512562814118e+01 1.170000000000000068e-01 2.620130000000000070e+00 4.924399999999999888e-01 3.384970000000000034e+00
1.899547738693467380e+01 1.170000000000000068e-01 2.616550000000000153e+00 4.920100000000000029e-01 3.379799999999999915e+00
1.909592964824120642e+01 1.170000000000000068e-01 2.613189999999999902e+00 4.915900000000000269e-01 3.374950000000000117e+00
1.919638190954773904e+01 1.170000000000000068e-01 2.611660000000000093e+00 4.911200000000000010e-01 3.372700000000000031e+00
1.929683417085427166e+01 1.170000000000000068e-01 2.610040000000000138e+00 4.906599999999999850e-01 3.370319999999999983e+00
1.939728643216080428e+01 1.170000000000000068e-01 2.607670000000000154e+00 4.901699999999999946e-01 3.366899999999999782e+00
1.949773869346733690e+01 1.170000000000000068e-01 2.605529999999999902e+00 4.897099999999999786e-01 3.363809999999999967e+00
1.959819095477386952e+01 1.170000000000000068e-01 2.601160000000000139e+00 4.892199999999999882e-01 3.357520000000000060e+00
1.969864321608040214e+01 1.170000000000000068e-01 2.596820000000000128e+00 4.887400000000000078e-01 3.351290000000000102e+00
1.979909547738693476e+01 1.170000000000000068e-01 2.592480000000000118e+00 4.882600000000000273e-01 3.345050000000000079e+00
1.989954773869346738e+01 1.170000000000000068e-01 2.588210000000000122e+00 4.877900000000000014e-01 3.338929999999999954e+00
2.000000000000000000e+01 1.170000000000000068e-01 2.584150000000000169e+00 4.873299999999999854e-01 3.333089999999999886e+00
