1.000000000000000021e-02 1.799999999999999933e-01 9.826999999999999624e-02 8.994199999999999973e-01 4.449999999999999963e-03
1.104522613065326564e-01 1.570000000000000007e-01 8.072999999999999621e-02 7.659700000000000397e-01 3.722999999999999921e-02
2.109045226130653317e-01 1.570000000000000007e-01 8.072999999999999621e-02 7.659700000000000397e-01 3.722999999999999921e-02
3.113567839195979792e-01 1.509999999999999953e-01 6.408999999999999420e-02 8.643399999999999972e-01 2.733999999999999972e-02
4.118090452261306544e-01 1.469999999999999918e-01 9.331000000000000405e-02 8.338600000000000456e-01 3.264000000000000234e-02
5.122613065326633297e-01 1.469999999999999918e-01 9.560000000000000442e-02 8.277900000000000258e-01 3.296000000000000318e-02
6.127135678391959495e-01 1.479999999999999927e-01 9.750999999999999945e-02 8.329400000000000137e-01 3.355000000000000343e-02
7.131658291457286802e-01 1.519999999999999962e-01 1.148600000000000038e-01 9.401199999999999557e-01 4.053999999999999965e-02
8.136180904522613000e-01 1.559999999999999998e-01 1.231600000000000056e-01 9.750799999999999468e-01 4.109999999999999765e-02
9.140703517587939197e-01 1.620000000000000051e-01 1.347800000000000109e-01 8.576599999999999779e-01 3.502000000000000252e-02
1.014522613065326651e+00 1.630000000000000060e-01 1.414700000000000124e-01 7.789700000000000513e-01 2.477999999999999994e-02
1.114974874371859270e+00 1.239999999999999991e-01 3.389099999999999890e-01 7.089299999999999491e-01 1.784300000000000053e-01
1.215427135678391890e+00 1.229999999999999982e-01 3.513299999999999756e-01 7.254300000000000193e-01 1.886299999999999921e-01
1.315879396984924510e+00 1.239999999999999991e-01 3.641800000000000037e-01 7.465100000000000069e-01 1.979200000000000126e-01
1.416331658291457352e+00 1.239999999999999991e-01 3.739399999999999946e-01 7.620500000000000052e-01 2.052200000000000135e-01
1.516783919597989971e+00 1.239999999999999991e-01 3.825600000000000112e-01 7.744400000000000173e-01 2.120299999999999963e-01
1.617236180904522591e+00 1.239999999999999991e-01 3.924500000000000210e-01 7.843799999999999661e-01 2.210100000000000120e-01
1.717688442211055211e+00 1.239999999999999991e-01 4.003300000000000192e-01 7.929500000000000437e-01 2.281700000000000117e-01
1.818140703517587831e+00 1.239999999999999991e-01 4.074999999999999734e-01 8.001099999999999879e-01 2.347299999999999942e-01
1.918592964824120672e+00 1.239999999999999991e-01 4.139200000000000101e-01 8.029199999999999671e-01 2.412799999999999945e-01
2.019045226130653070e+00 1.239999999999999991e-01 4.192699999999999760e-01 8.045700000000000074e-01 2.469600000000000128e-01
2.119497487437185690e+00 1.229999999999999982e-01 4.190200000000000036e-01 8.111500000000000377e-01 2.443500000000000116e-01
2.219949748743718310e+00 1.229999999999999982e-01 4.192899999999999960e-01 8.228100000000000414e-01 2.417199999999999904e-01
2.320402010050250929e+00 1.229999999999999982e-01 4.204399999999999804e-01 8.362000000000000544e-01 2.402700000000000113e-01
2.420854271356783549e+00 1.229999999999999982e-01 4.216099999999999848e-01 8.470299999999999496e-01 2.393200000000000049e-01
2.521306532663316169e+00 1.219999999999999973e-01 4.261400000000000188e-01 8.568900000000000405e-01 2.406399999999999928e-01
2.621758793969848789e+00 1.219999999999999973e-01 4.302400000000000113e-01 8.658400000000000540e-01 2.416699999999999959e-01
2.722211055276381853e+00 1.219999999999999973e-01 4.336800000000000099e-01 8.742400000000000171e-01 2.421899999999999886e-01
2.822663316582914472e+00 1.219999999999999973e-01 4.349799999999999778e-01 8.826399999999999801e-01 2.384400000000000130e-01
2.923115577889447092e+00 1.209999999999999964e-01 4.370100000000000096e-01 8.862700000000000022e-01 2.356199999999999961e-01
3.023567839195979712e+00 1.209999999999999964e-01 4.392199999999999993e-01 8.893199999999999994e-01 2.333999999999999964e-01
3.124020100502512332e+00 1.209999999999999964e-01 4.440500000000000003e-01 8.840500000000000025e-01 2.328999999999999959e-01
3.224472361809044951e+00 1.199999999999999956e-01 4.474000000000000199e-01 8.844800000000000439e-01 2.307400000000000007e-01
3.324924623115577571e+00 1.029999999999999943e-01 8.833800000000000541e-01 7.154000000000000359e-01 7.379000000000000004e-01
3.425376884422110191e+00 1.019999999999999934e-01 9.108800000000000230e-01 7.010199999999999765e-01 7.762799999999999701e-01
3.525829145728642811e+00 1.010000000000000064e-01 9.239699999999999580e-01 6.955700000000000216e-01 7.949899999999999745e-01
3.626281407035175430e+00 1.010000000000000064e-01 9.312399999999999567e-01 6.929899999999999949e-01 8.057600000000000318e-01
3.726733668341708050e+00 1.000000000000000056e-01 9.374200000000000310e-01 6.915900000000000380e-01 8.149399999999999977e-01
3.827185929648241114e+00 1.000000000000000056e-01 9.422199999999999465e-01 6.907400000000000206e-01 8.223399999999999599e-01
3.927638190954773734e+00 9.900000000000000466e-02 9.467900000000000205e-01 6.900800000000000267e-01 8.295500000000000096e-01
4.028090452261306353e+00 9.900000000000000466e-02 9.500399999999999956e-01 6.897900000000000142e-01 8.349100000000000410e-01
4.128542713567838973e+00 9.900000000000000466e-02 9.499999999999999556e-01 6.908100000000000351e-01 8.355599999999999694e-01
4.228994974874371593e+00 9.900000000000000466e-02 9.500399999999999956e-01 6.916600000000000525e-01 8.362899999999999778e-01
4.329447236180904213e+00 9.900000000000000466e-02 9.510999999999999455e-01 6.919899999999999940e-01 8.383399999999999741e-01
4.429899497487436832e+00 9.800000000000000377e-02 9.542300000000000226e-01 6.914900000000000491e-01 8.431100000000000261e-01
4.530351758793969452e+00 9.800000000000000377e-02 9.556299999999999795e-01 6.914000000000000146e-01 8.455300000000000038e-01
4.630804020100502072e+00 9.800000000000000377e-02 9.564500000000000224e-01 6.916299999999999670e-01 8.470699999999999896e-01
4.731256281407034692e+00 9.800000000000000377e-02 9.582199999999999607e-01 6.916400000000000325e-01 8.498299999999999743e-01
4.831708542713567311e+00 9.800000000000000377e-02 9.596900000000000430e-01 6.916900000000000270e-01 8.521699999999999831e-01
4.932160804020099931e+00 9.800000000000000377e-02 9.612399999999999833e-01 6.914700000000000291e-01 8.545300000000000118e-01
5.032613065326632551e+00 9.800000000000000377e-02 9.627400000000000402e-01 6.910100000000000131e-01 8.567399999999999460e-01
5.133065326633165171e+00 9.700000000000000289e-02 9.640400000000000080e-01 6.905700000000000172e-01 8.586700000000000443e-01
5.233517587939697790e+00 9.700000000000000289e-02 9.652800000000000269e-01 6.901199999999999557e-01 8.605300000000000171e-01
5.333969849246230410e+00 9.700000000000000289e-02 9.666000000000000147e-01 6.895799999999999708e-01 8.625099999999999989e-01
5.434422110552763918e+00 9.700000000000000289e-02 9.677000000000000046e-01 6.891199999999999548e-01 8.641799999999999482e-01
5.534874371859296538e+00 9.700000000000000289e-02 9.689100000000000490e-01 6.885700000000000154e-01 8.660099999999999465e-01
5.635326633165829158e+00 9.700000000000000289e-02 9.710699999999999887e-01 6.882300000000000084e-01 8.691999999999999726e-01
5.735778894472361777e+00 9.700000000000000289e-02 9.734399999999999720e-01 6.879800000000000360e-01 8.728399999999999492e-01
5.836231155778894397e+00 9.600000000000000200e-02 9.748400000000000398e-01 6.879600000000000160e-01 8.751100000000000545e-01
5.936683417085427017e+00 9.600000000000000200e-02 9.750199999999999978e-01 6.883200000000000429e-01 8.758299999999999974e-01
6.037135678391959637e+00 9.600000000000000200e-02 9.736299999999999955e-01 6.893599999999999728e-01 8.744699999999999696e-01
6.137587939698492256e+00 9.600000000000000200e-02 9.723000000000000531e-01 6.904000000000000137e-01 8.730499999999999927e-01
6.238040201005024876e+00 9.600000000000000200e-02 9.697299999999999809e-01 6.916200000000000125e-01 8.704199999999999715e-01
6.338492462311557496e+00 9.600000000000000200e-02 9.670400000000000107e-01 6.928199999999999914e-01 8.677599999999999758e-01
6.438944723618090116e+00 9.600000000000000200e-02 9.649499999999999744e-01 6.936799999999999633e-01 8.659200000000000230e-01
6.539396984924622735e+00 9.600000000000000200e-02 9.641699999999999715e-01 6.943099999999999827e-01 8.658400000000000540e-01
6.639849246231155355e+00 9.600000000000000200e-02 9.647299999999999764e-01 6.945400000000000462e-01 8.675000000000000488e-01
6.740301507537687975e+00 9.500000000000000111e-02 9.654199999999999449e-01 6.948699999999999877e-01 8.697399999999999576e-01
6.840753768844220595e+00 9.500000000000000111e-02 9.636200000000000321e-01 6.960199999999999720e-01 8.684600000000000097e-01
6.941206030150753215e+00 9.500000000000000111e-02 9.617799999999999683e-01 6.971199999999999619e-01 8.669999999999999929e-01
7.041658291457285834e+00 9.500000000000000111e-02 9.587200000000000166e-01 6.982699999999999463e-01 8.641999999999999682e-01
7.142110552763818454e+00 9.500000000000000111e-02 9.560800000000000409e-01 6.992199999999999527e-01 8.620200000000000085e-01
7.242562814070351074e+00 9.500000000000000111e-02 9.540100000000000247e-01 6.999499999999999611e-01 8.605899999999999661e-01
7.343015075376883694e+00 9.500000000000000111e-02 9.521300000000000319e-01 7.005900000000000460e-01 8.593699999999999672e-01
7.443467336683416313e+00 9.500000000000000111e-02 9.505200000000000315e-01 7.011500000000000510e-01 8.584399999999999809e-01
7.543919597989949821e+00 9.500000000000000111e-02 9.490600000000000147e-01 7.018199999999999994e-01 8.576200000000000490e-01
7.644371859296482441e+00 9.500000000000000111e-02 9.459999999999999520e-01 7.035400000000000542e-01 8.545199999999999463e-01
7.744824120603015061e+00 9.500000000000000111e-02 9.424700000000000299e-01 7.051500000000000545e-01 8.509299999999999642e-01
7.845276381909547680e+00 9.500000000000000111e-02 9.396200000000000108e-01 7.065599999999999659e-01 8.482100000000000195e-01
7.945728643216080300e+00 9.500000000000000111e-02 9.372800000000000020e-01 7.078900000000000192e-01 8.461600000000000232e-01
8.046180904522612920e+00 9.500000000000000111e-02 9.354200000000000292e-01 7.091100000000000181e-01 8.448600000000000554e-01
8.146633165829145540e+00 9.500000000000000111e-02 9.341000000000000414e-01 7.102300000000000280e-01 8.442399999999999904e-01
8.247085427135678160e+00 9.500000000000000111e-02 9.326200000000000045e-01 7.114000000000000323e-01 8.433699999999999530e-01
8.347537688442210779e+00 9.500000000000000111e-02 9.308100000000000263e-01 7.126599999999999602e-01 8.420199999999999907e-01
8.447989949748743399e+00 9.500000000000000111e-02 9.298699999999999743e-01 7.137799999999999701e-01 8.417299999999999782e-01
8.548442211055276019e+00 9.500000000000000111e-02 9.285900000000000265e-01 7.149199999999999999e-01 8.409200000000000008e-01
8.648894472361808639e+00 9.500000000000000111e-02 9.268899999999999917e-01 7.160499999999999643e-01 8.395200000000000440e-01
8.749346733668341258e+00 9.500000000000000111e-02 9.253500000000000059e-01 7.170999999999999597e-01 8.383000000000000451e-01
8.849798994974873878e+00 9.500000000000000111e-02 9.234599999999999476e-01 7.182800000000000296e-01 8.364800000000000013e-01
8.950251256281406498e+00 9.500000000000000111e-02 9.216100000000000403e-01 7.194399999999999684e-01 8.346599999999999575e-01
9.050703517587939118e+00 9.500000000000000111e-02 9.200199999999999489e-01 7.204800000000000093e-01 8.331899999999999862e-01
9.151155778894471737e+00 9.500000000000000111e-02 9.180899999999999617e-01 7.215899999999999537e-01 8.312699999999999534e-01
9.251608040201004357e+00 9.500000000000000111e-02 9.170399999999999663e-01 7.225200000000000511e-01 8.305299999999999905e-01
9.352060301507536977e+00 9.500000000000000111e-02 9.162799999999999834e-01 7.233100000000000085e-01 8.300899999999999945e-01
9.452512562814069597e+00 9.500000000000000111e-02 9.159000000000000474e-01 7.239900000000000224e-01 8.300699999999999745e-01
9.552964824120602216e+00 9.500000000000000111e-02 9.156100000000000350e-01 7.246299999999999963e-01 8.301399999999999890e-01
9.653417085427134836e+00 9.500000000000000111e-02 9.154400000000000315e-01 7.251900000000000013e-01 8.303199999999999470e-01
9.753869346733667456e+00 9.500000000000000111e-02 9.152200000000000335e-01 7.257799999999999807e-01 8.304000000000000270e-01
9.854321608040200076e+00 9.500000000000000111e-02 9.151299999999999990e-01 7.263100000000000112e-01 8.306499999999999995e-01
9.954773869346732695e+00 9.500000000000000111e-02 9.150599999999999845e-01 7.268000000000000016e-01 8.308999999999999719e-01
1.005522613065326532e+01 9.500000000000000111e-02 9.148899999999999810e-01 7.273199999999999665e-01 8.310300000000000464e-01
1.015567839195979793e+01 9.500000000000000111e-02 9.143400000000000416e-01 7.279499999999999860e-01 8.306900000000000395e-01
1.025613065326633055e+01 9.500000000000000111e-02 9.135499999999999732e-01 7.286399999999999544e-01 8.299699999999999855e-01
1.035658291457286317e+01 9.500000000000000111e-02 9.125699999999999923e-01 7.294100000000000028e-01 8.289800000000000502e-01
1.045703517587939579e+01 9.500000000000000111e-02 9.112400000000000500e-01 7.301199999999999912e-01 8.276000000000000023e-01
1.055748743718592841e+01 9.500000000000000111e-02 9.098399999999999821e-01 7.307700000000000307e-01 8.262000000000000455e-01
1.065793969849246103e+01 9.500000000000000111e-02 9.090099999999999847e-01 7.313800000000000301e-01 8.255500000000000060e-01
1.075839195979899543e+01 9.500000000000000111e-02 9.083499999999999908e-01 7.319400000000000350e-01 8.251500000000000501e-01
1.085884422110552805e+01 9.500000000000000111e-02 9.068599999999999994e-01 7.326599999999999779e-01 8.236499999999999932e-01
1.095929648241206067e+01 9.500000000000000111e-02 9.051099999999999701e-01 7.333699999999999664e-01 8.218299999999999494e-01
1.105974874371859329e+01 9.500000000000000111e-02 9.034200000000000008e-01 7.340499999999999803e-01 8.200899999999999856e-01
1.116020100502512591e+01 9.500000000000000111e-02 9.017699999999999605e-01 7.347399999999999487e-01 8.183799999999999963e-01
1.126065326633165853e+01 9.500000000000000111e-02 9.005600000000000271e-01 7.354300000000000281e-01 8.172300000000000120e-01
1.136110552763819115e+01 9.500000000000000111e-02 8.995100000000000318e-01 7.360799999999999566e-01 8.162700000000000511e-01
1.146155778894472377e+01 9.500000000000000111e-02 8.986499999999999488e-01 7.367099999999999760e-01 8.155000000000000027e-01
1.156201005025125639e+01 9.500000000000000111e-02 8.978399999999999714e-01 7.373300000000000409e-01 8.147799999999999487e-01
1.166246231155778901e+01 9.500000000000000111e-02 8.971900000000000430e-01 7.379700000000000149e-01 8.142700000000000493e-01
1.176291457286432163e+01 9.500000000000000111e-02 8.968099999999999961e-01 7.386399999999999633e-01 8.140800000000000258e-01
1.186336683417085425e+01 9.500000000000000111e-02 8.961400000000000476e-01 7.393499999999999517e-01 8.134900000000000464e-01
1.196381909547738687e+01 9.500000000000000111e-02 8.954600000000000337e-01 7.400499999999999856e-01 8.128800000000000470e-01
1.206427135678391949e+01 9.500000000000000111e-02 8.947199999999999598e-01 7.407599999999999740e-01 8.121800000000000130e-01
1.216472361809045211e+01 9.500000000000000111e-02 8.940299999999999914e-01 7.414500000000000535e-01 8.115299999999999736e-01
1.226517587939698473e+01 9.500000000000000111e-02 8.933299999999999574e-01 7.421200000000000019e-01 8.108800000000000452e-01
1.236562814070351735e+01 9.500000000000000111e-02 8.926300000000000345e-01 7.427399999999999558e-01 8.101899999999999658e-01
1.246608040201004997e+01 9.500000000000000111e-02 8.910900000000000487e-01 7.435100000000000042e-01 8.083299999999999930e-01
1.256653266331658259e+01 9.500000000000000111e-02 8.897599999999999953e-01 7.443100000000000271e-01 8.067100000000000382e-01
1.266698492462311521e+01 9.500000000000000111e-02 8.888399999999999634e-01 7.450200000000000156e-01 8.055999999999999828e-01
1.276743718592964782e+01 9.500000000000000111e-02 8.879099999999999770e-01 7.457099999999999840e-01 8.044900000000000384e-01
1.286788944723618044e+01 9.500000000000000111e-02 8.870200000000000307e-01 7.463999999999999524e-01 8.034200000000000230e-01
1.296834170854271306e+01 9.500000000000000111e-02 8.850099999999999634e-01 7.473899999999999988e-01 8.009699999999999598e-01
1.306879396984924568e+01 9.500000000000000111e-02 8.829500000000000126e-01 7.484199999999999742e-01 7.984599999999999476e-01
1.316924623115577830e+01 9.500000000000000111e-02 8.812100000000000488e-01 7.493600000000000261e-01 7.963299999999999823e-01
1.326969849246231092e+01 9.500000000000000111e-02 8.790200000000000236e-01 7.504999999999999449e-01 7.936100000000000376e-01
1.337015075376884354e+01 9.500000000000000111e-02 8.771799999999999597e-01 7.515500000000000513e-01 7.913200000000000234e-01
1.347060301507537616e+01 9.500000000000000111e-02 8.755100000000000104e-01 7.525399999999999867e-01 7.892400000000000526e-01
1.357105527638190878e+01 9.500000000000000111e-02 8.737500000000000266e-01 7.536000000000000476e-01 7.870099999999999874e-01
1.367150753768844140e+01 9.500000000000000111e-02 8.720400000000000373e-01 7.546199999999999575e-01 7.848399999999999821e-01
1.377195979899497402e+01 9.500000000000000111e-02 8.703899999999999970e-01 7.556199999999999584e-01 7.827499999999999458e-01
1.387241206030150664e+01 9.500000000000000111e-02 8.687000000000000277e-01 7.566399999999999793e-01 7.805800000000000516e-01
1.397286432160803926e+01 9.500000000000000111e-02 8.670200000000000129e-01 7.576600000000000001e-01 7.783900000000000263e-01
1.407331658291457188e+01 9.500000000000000111e-02 8.661200000000000010e-01 7.585800000000000320e-01 7.772000000000000020e-01
1.417376884422110450e+01 9.500000000000000111e-02 8.652499999999999636e-01 7.594699999999999784e-01 7.760399999999999521e-01
1.427422110552763712e+01 9.500000000000000111e-02 8.643300000000000427e-01 7.603499999999999703e-01 7.748300000000000187e-01
1.437467336683416974e+01 9.500000000000000111e-02 8.633300000000000418e-01 7.612600000000000477e-01 7.735100000000000309e-01
1.447512562814070236e+01 9.500000000000000111e-02 8.623499999999999499e-01 7.621700000000000141e-01 7.722400000000000375e-01
1.457557788944723498e+01 9.500000000000000111e-02 8.613199999999999745e-01 7.630099999999999660e-01 7.709099999999999842e-01
1.467603015075376760e+01 9.500000000000000111e-02 8.602899999999999991e-01 7.638200000000000545e-01 7.695899999999999963e-01
1.477648241206030022e+01 9.500000000000000111e-02 8.591900000000000093e-01 7.647000000000000464e-01 7.681299999999999795e-01
1.487693467336683284e+01 9.500000000000000111e-02 8.581100000000000394e-01 7.655499999999999527e-01 7.667100000000000026e-01
1.497738693467336546e+01 9.500000000000000111e-02 8.571699999999999875e-01 7.664699999999999847e-01 7.654400000000000093e-01
1.507783919597989986e+01 9.500000000000000111e-02 8.565500000000000336e-01 7.674100000000000366e-01 7.645399999999999974e-01
1.517829145728643248e+01 9.500000000000000111e-02 8.561600000000000321e-01 7.684100000000000374e-01 7.639299999999999979e-01
1.527874371859296510e+01 9.600000000000000200e-02 8.560200000000000031e-01 7.695899999999999963e-01 7.635899999999999910e-01
1.537919597989949771e+01 9.600000000000000200e-02 8.559299999999999686e-01 7.709899999999999531e-01 7.633600000000000385e-01
1.547964824120603033e+01 9.600000000000000200e-02 8.556700000000000417e-01 7.724999999999999645e-01 7.628800000000000026e-01
1.558010050251256295e+01 9.600000000000000200e-02 8.553800000000000292e-01 7.740399999999999503e-01 7.623799999999999466e-01
1.568055276381909557e+01 9.600000000000000200e-02 8.551100000000000367e-01 7.755499999999999616e-01 7.618800000000000017e-01
1.578100502512562819e+01 9.600000000000000200e-02 8.548200000000000243e-01 7.770200000000000440e-01 7.613699999999999912e-01
1.588145728643216081e+01 9.600000000000000200e-02 8.541299999999999448e-01 7.785600000000000298e-01 7.603999999999999648e-01
1.598190954773869343e+01 9.600000000000000200e-02 8.533699999999999619e-01 7.800899999999999501e-01 7.593499999999999694e-01
1.608236180904522783e+01 9.600000000000000200e-02 8.526399999999999535e-01 7.815900000000000070e-01 7.583299999999999486e-01
1.618281407035176045e+01 9.700000000000000289e-02 8.519200000000000106e-01 7.830599999999999783e-01 7.573299999999999477e-01
1.628326633165829307e+01 9.700000000000000289e-02 8.512699999999999712e-01 7.844799999999999551e-01 7.564400000000000013e-01
1.638371859296482569e+01 9.700000000000000289e-02 8.505899999999999572e-01 7.859099999999999975e-01 7.555100000000000149e-01
1.648417085427135831e+01 9.700000000000000289e-02 8.499999999999999778e-01 7.872599999999999598e-01 7.546899999999999720e-01
1.658462311557789093e+01 9.700000000000000289e-02 8.494099999999999984e-01 7.886400000000000077e-01 7.538799999999999946e-01
1.668507537688442355e+01 9.700000000000000289e-02 8.487700000000000244e-01 7.900500000000000300e-01 7.529799999999999827e-01
1.678552763819095617e+01 9.700000000000000289e-02 8.480499999999999705e-01 7.914799999999999613e-01 7.519900000000000473e-01
1.688597989949748879e+01 9.700000000000000289e-02 8.474300000000000166e-01 7.928300000000000347e-01 7.511299999999999644e-01
1.698643216080402141e+01 9.800000000000000377e-02 8.468599999999999461e-01 7.941700000000000426e-01 7.503300000000000525e-01
1.708688442211055403e+01 9.800000000000000377e-02 8.461800000000000432e-01 7.955200000000000049e-01 7.494100000000000206e-01
1.718733668341708665e+01 9.800000000000000377e-02 8.455099999999999838e-01 7.968499999999999472e-01 7.484899999999999887e-01
1.728778894472361927e+01 9.800000000000000377e-02 8.448499999999999899e-01 7.982099999999999751e-01 7.475899999999999768e-01
1.738824120603015189e+01 9.800000000000000377e-02 8.445700000000000429e-01 7.994900000000000340e-01 7.471400000000000263e-01
1.748869346733668451e+01 9.800000000000000377e-02 8.445599999999999774e-01 8.007100000000000328e-01 7.470599999999999463e-01
1.758914572864321713e+01 9.800000000000000377e-02 8.447900000000000409e-01 8.018600000000000172e-01 7.472400000000000153e-01
1.768959798994974975e+01 9.800000000000000377e-02 8.456500000000000128e-01 8.028399999999999981e-01 7.482299999999999507e-01
1.779005025125628237e+01 9.800000000000000377e-02 8.469999999999999751e-01 8.036900000000000155e-01 7.498200000000000420e-01
1.789050251256281499e+01 9.900000000000000466e-02 8.488200000000000189e-01 8.044999999999999929e-01 7.520200000000000218e-01
1.799095477386934760e+01 9.900000000000000466e-02 8.508700000000000152e-01 8.052899999999999503e-01 7.545199999999999685e-01
1.809140703517588022e+01 9.900000000000000466e-02 8.528400000000000425e-01 8.060699999999999532e-01 7.569500000000000117e-01
1.819185929648241284e+01 9.900000000000000466e-02 8.548900000000000388e-01 8.068800000000000416e-01 7.594499999999999584e-01
1.829231155778894546e+01 9.900000000000000466e-02 8.569299999999999695e-01 8.076200000000000045e-01 7.619599999999999707e-01
1.839276381909547808e+01 9.900000000000000466e-02 8.589499999999999913e-01 8.083700000000000330e-01 7.644300000000000539e-01
1.849321608040201070e+01 9.900000000000000466e-02 8.608000000000000096e-01 8.091599999999999904e-01 7.666899999999999826e-01
1.859366834170854332e+01 1.000000000000000056e-01 8.625699999999999479e-01 8.099499999999999478e-01 7.688500000000000334e-01
1.869412060301507594e+01 1.000000000000000056e-01 8.643499999999999517e-01 8.107100000000000417e-01 7.710399999999999476e-01
1.879457286432160856e+01 1.000000000000000056e-01 8.661799999999999500e-01 8.114700000000000246e-01 7.732999999999999874e-01
1.889502512562814118e+01 1.000000000000000056e-01 8.679799999999999738e-01 8.122200000000000530e-01 7.755100000000000326e-01
1.899547738693467380e+01 1.000000000000000056e-01 8.697799999999999976e-01 8.129399999999999959e-01 7.777199999999999669e-01
1.909592964824120642e+01 1.000000000000000056e-01 8.716300000000000159e-01 8.135999999999999899e-01 7.799899999999999611e-01
1.919638190954773904e+01 1.000000000000000056e-01 8.733199999999999852e-01 8.142899999999999583e-01 7.820599999999999774e-01
1.929683417085427166e+01 1.000000000000000056e-01 8.749599999999999600e-01 8.149499999999999522e-01 7.840700000000000447e-01
1.939728643216080428e+01 1.000000000000000056e-01 8.764999999999999458e-01 8.156600000000000517e-01 7.859399999999999720e-01
1.949773869346733690e+01 1.010000000000000064e-01 8.780599999999999516e-01 8.163099999999999801e-01 7.878399999999999848e-01
1.959819095477386952e+01 1.010000000000000064e-01 8.796300000000000230e-01 8.169300000000000450e-01 7.897699999999999720e-01
1.969864321608040214e+01 1.010000000000000064e-01 8.812499999999999778e-01 8.175499999999999989e-01 7.917699999999999738e-01
1.979909547738693476e+01 1.010000000000000064e-01 8.829000000000000181e-01 8.181399999999999784e-01 7.937899999999999956e-01
1.989954773869346738e+01 1.010000000000000064e-01 8.844899999999999984e-01 8.187400000000000233e-01 7.957400000000000029e-01
2.000000000000000000e+01 1.010000000000000064e-01 8.860099999999999643e-01 8.193399999999999572e-01 7.975999999999999757e-01
