5.122613065326633297e-01 1.819999999999999951e-01 3.699999999999999947e-04 1.116800000000000015e-01 1.299999999999999886e-04
6.127135678391959495e-01 1.950000000000000067e-01 1.727000000000000063e-02 1.916899999999999993e-01 3.640000000000000006e-03
7.131658291457286802e-01 2.240000000000000047e-01 8.779999999999999610e-03 1.653499999999999970e-01 1.260000000000000052e-03
8.136180904522613000e-01 1.920000000000000040e-01 2.331000000000000086e-02 1.824199999999999988e-01 6.610000000000000424e-03
9.140703517587939197e-01 2.059999999999999887e-01 2.874000000000000166e-02 1.762700000000000100e-01 9.669999999999999776e-03
1.014522613065326651e+00 2.049999999999999878e-01 3.323999999999999871e-02 1.729199999999999904e-01 1.226999999999999966e-02
1.114974874371859270e+00 2.049999999999999878e-01 3.744000000000000106e-02 1.711999999999999911e-01 1.460999999999999972e-02
1.215427135678391890e+00 2.049999999999999878e-01 4.132999999999999868e-02 1.701400000000000134e-01 1.676000000000000059e-02
1.315879396984924510e+00 2.049999999999999878e-01 4.850999999999999757e-02 1.722200000000000120e-01 1.986999999999999877e-02
1.416331658291457352e+00 2.049999999999999878e-01 5.931999999999999773e-02 1.787199999999999900e-01 2.395999999999999866e-02
1.516783919597989971e+00 2.049999999999999878e-01 6.435000000000000442e-02 1.791600000000000137e-01 2.624999999999999903e-02
1.617236180904522591e+00 2.049999999999999878e-01 6.864000000000000656e-02 1.795599999999999974e-01 2.821999999999999856e-02
1.717688442211055211e+00 2.059999999999999887e-01 7.231999999999999540e-02 1.799000000000000044e-01 2.988999999999999990e-02
1.818140703517587831e+00 2.059999999999999887e-01 7.778000000000000191e-02 1.791200000000000014e-01 3.298999999999999849e-02
1.918592964824120672e+00 1.940000000000000058e-01 8.755000000000000282e-02 1.793299999999999894e-01 3.676999999999999713e-02
2.019045226130653070e+00 1.950000000000000067e-01 9.511000000000000010e-02 1.803299999999999903e-01 3.894999999999999851e-02
2.119497487437185690e+00 1.950000000000000067e-01 1.003499999999999948e-01 1.808099999999999985e-01 3.994999999999999940e-02
2.219949748743718310e+00 1.960000000000000075e-01 1.178000000000000019e-01 1.711799999999999988e-01 5.306000000000000300e-02
2.320402010050250929e+00 1.960000000000000075e-01 1.295000000000000040e-01 1.641799999999999926e-01 6.449000000000000565e-02
2.420854271356783549e+00 1.970000000000000084e-01 1.376300000000000023e-01 1.607500000000000040e-01 7.319000000000000505e-02
2.521306532663316169e+00 1.970000000000000084e-01 1.434900000000000064e-01 1.596799999999999886e-01 7.767000000000000293e-02
2.621758793969848789e+00 2.049999999999999878e-01 1.043099999999999999e-01 2.143299999999999927e-01 3.527999999999999886e-02
2.722211055276381853e+00 2.049999999999999878e-01 1.096499999999999975e-01 2.141599999999999893e-01 3.703999999999999654e-02
2.822663316582914472e+00 2.039999999999999869e-01 1.165999999999999953e-01 2.147499999999999964e-01 3.896999999999999770e-02
2.923115577889447092e+00 2.039999999999999869e-01 1.257800000000000029e-01 2.167300000000000060e-01 4.014000000000000207e-02
3.023567839195979712e+00 1.980000000000000093e-01 1.457299999999999984e-01 1.552399999999999891e-01 6.504000000000000059e-02
3.124020100502512332e+00 1.980000000000000093e-01 1.476999999999999980e-01 1.595799999999999996e-01 5.904000000000000220e-02
3.224472361809044951e+00 1.980000000000000093e-01 1.473399999999999987e-01 1.663199999999999956e-01 5.233000000000000151e-02
3.324924623115577571e+00 1.980000000000000093e-01 1.475299999999999945e-01 1.696100000000000108e-01 4.905999999999999944e-02
3.425376884422110191e+00 1.990000000000000102e-01 1.476899999999999880e-01 1.718000000000000083e-01 4.666000000000000009e-02
3.525829145728642811e+00 1.990000000000000102e-01 1.492100000000000093e-01 1.729300000000000004e-01 4.445000000000000340e-02
3.626281407035175430e+00 1.990000000000000102e-01 1.515400000000000080e-01 1.726100000000000134e-01 4.334999999999999964e-02
3.726733668341708050e+00 1.990000000000000102e-01 1.531700000000000006e-01 1.720599999999999907e-01 4.225000000000000283e-02
3.827185929648241114e+00 1.990000000000000102e-01 1.543299999999999950e-01 1.715800000000000103e-01 4.107999999999999846e-02
3.927638190954773734e+00 1.990000000000000102e-01 1.550100000000000089e-01 1.709900000000000031e-01 3.973000000000000143e-02
4.028090452261306353e+00 2.000000000000000111e-01 1.553200000000000136e-01 1.702400000000000024e-01 3.828999999999999765e-02
4.128542713567838973e+00 2.000000000000000111e-01 1.547800000000000009e-01 1.693000000000000060e-01 3.672999999999999876e-02
4.228994974874371593e+00 2.000000000000000111e-01 1.528299999999999936e-01 1.669100000000000028e-01 3.481999999999999679e-02
4.329447236180904213e+00 2.000000000000000111e-01 1.498200000000000087e-01 1.657800000000000107e-01 3.361999999999999711e-02
4.429899497487436832e+00 2.010000000000000120e-01 1.468599999999999905e-01 1.646299999999999986e-01 3.282999999999999807e-02
4.530351758793969452e+00 2.010000000000000120e-01 1.456500000000000017e-01 1.642899999999999916e-01 3.257000000000000173e-02
4.630804020100502072e+00 2.010000000000000120e-01 1.444699999999999873e-01 1.638199999999999934e-01 3.214999999999999802e-02
4.731256281407034692e+00 2.020000000000000129e-01 1.431000000000000050e-01 1.632699999999999985e-01 3.148999999999999716e-02
4.831708542713567311e+00 2.020000000000000129e-01 1.417100000000000026e-01 1.628100000000000103e-01 3.088000000000000120e-02
4.932160804020099931e+00 2.020000000000000129e-01 1.409600000000000020e-01 1.623900000000000066e-01 3.102999999999999856e-02
5.032613065326632551e+00 2.030000000000000138e-01 1.403300000000000103e-01 1.616799999999999904e-01 3.132000000000000062e-02
5.133065326633165171e+00 2.030000000000000138e-01 1.394900000000000029e-01 1.606599999999999973e-01 3.175999999999999657e-02
5.233517587939697790e+00 2.030000000000000138e-01 1.381900000000000073e-01 1.593900000000000039e-01 3.184000000000000025e-02
5.333969849246230410e+00 2.039999999999999869e-01 1.368900000000000117e-01 1.582000000000000073e-01 3.187999999999999862e-02
5.434422110552763918e+00 2.039999999999999869e-01 1.354400000000000048e-01 1.562900000000000122e-01 3.148999999999999716e-02
5.534874371859296538e+00 2.039999999999999869e-01 1.329500000000000126e-01 1.537499999999999978e-01 3.081000000000000058e-02
5.635326633165829158e+00 2.049999999999999878e-01 1.290199999999999958e-01 1.501399999999999957e-01 3.013000000000000053e-02
5.735778894472361777e+00 2.059999999999999887e-01 1.228400000000000047e-01 1.450599999999999945e-01 2.914999999999999883e-02
5.836231155778894397e+00 2.079999999999999905e-01 1.043400000000000022e-01 1.320600000000000107e-01 2.529999999999999957e-02
5.936683417085427017e+00 2.169999999999999984e-01 7.258499999999999952e-01 2.684199999999999919e-01 4.995100000000000096e-01
6.037135678391959637e+00 2.169999999999999984e-01 7.337299999999999933e-01 2.678800000000000070e-01 5.027300000000000102e-01
6.137587939698492256e+00 2.169999999999999984e-01 7.414899999999999824e-01 2.672200000000000131e-01 5.059500000000000108e-01
6.238040201005024876e+00 2.169999999999999984e-01 7.487899999999999556e-01 2.665600000000000191e-01 5.088300000000000045e-01
6.338492462311557496e+00 2.169999999999999984e-01 7.559900000000000508e-01 2.659099999999999797e-01 5.116000000000000547e-01
6.438944723618090116e+00 2.169999999999999984e-01 7.628399999999999626e-01 2.652499999999999858e-01 5.140200000000000324e-01
6.539396984924622735e+00 2.169999999999999984e-01 7.695800000000000418e-01 2.646000000000000019e-01 5.164999999999999591e-01
6.639849246231155355e+00 2.169999999999999984e-01 7.759800000000000031e-01 2.639699999999999824e-01 5.187100000000000044e-01
6.740301507537687975e+00 2.169999999999999984e-01 7.823999999999999844e-01 2.633199999999999985e-01 5.208399999999999697e-01
6.840753768844220595e+00 2.169999999999999984e-01 7.883400000000000407e-01 2.627499999999999836e-01 5.221700000000000230e-01
6.941206030150753215e+00 2.169999999999999984e-01 7.939199999999999591e-01 2.621899999999999786e-01 5.228500000000000369e-01
7.041658291457285834e+00 2.169999999999999984e-01 7.992500000000000160e-01 2.616100000000000092e-01 5.231900000000000439e-01
7.142110552763818454e+00 2.179999999999999993e-01 8.047600000000000309e-01 2.609799999999999898e-01 5.236699999999999688e-01
7.242562814070351074e+00 2.179999999999999993e-01 8.100100000000000078e-01 2.603900000000000103e-01 5.240099999999999758e-01
7.343015075376883694e+00 2.179999999999999993e-01 8.157799999999999496e-01 2.597700000000000009e-01 5.248000000000000442e-01
7.443467336683416313e+00 2.179999999999999993e-01 8.214399999999999480e-01 2.591700000000000115e-01 5.255100000000000326e-01
7.543919597989949821e+00 2.179999999999999993e-01 8.268999999999999684e-01 2.584799999999999875e-01 5.262799999999999701e-01
7.644371859296482441e+00 2.179999999999999993e-01 8.314700000000000424e-01 2.576800000000000201e-01 5.260599999999999721e-01
7.744824120603015061e+00 2.179999999999999993e-01 8.359999999999999654e-01 2.569100000000000272e-01 5.258699999999999486e-01
7.845276381909547680e+00 2.179999999999999993e-01 8.406000000000000139e-01 2.560899999999999843e-01 5.261799999999999811e-01
7.945728643216080300e+00 2.179999999999999993e-01 8.462600000000000122e-01 2.553599999999999759e-01 5.282799999999999718e-01
8.046180904522612920e+00 2.179999999999999993e-01 8.512300000000000422e-01 2.545499999999999985e-01 5.299399999999999666e-01
8.146633165829145540e+00 2.179999999999999993e-01 8.555000000000000382e-01 2.536300000000000221e-01 5.308100000000000041e-01
8.247085427135678160e+00 2.179999999999999993e-01 8.592600000000000238e-01 2.526100000000000012e-01 5.310899999999999510e-01
8.347537688442210779e+00 2.179999999999999993e-01 8.621799999999999464e-01 2.514399999999999968e-01 5.307399999999999896e-01
8.447989949748743399e+00 2.179999999999999993e-01 8.650999999999999801e-01 2.502599999999999825e-01 5.305900000000000061e-01
8.548442211055276019e+00 2.169999999999999984e-01 8.678000000000000158e-01 2.490900000000000059e-01 5.303099999999999481e-01
8.648894472361808639e+00 2.169999999999999984e-01 8.703899999999999970e-01 2.477999999999999925e-01 5.303400000000000336e-01
8.749346733668341258e+00 2.169999999999999984e-01 8.725800000000000223e-01 2.464500000000000024e-01 5.302599999999999536e-01
8.849798994974873878e+00 2.169999999999999984e-01 8.739700000000000246e-01 2.449999999999999956e-01 5.294799999999999507e-01
8.950251256281406498e+00 2.169999999999999984e-01 8.748500000000000165e-01 2.435199999999999865e-01 5.281500000000000083e-01
9.050703517587939118e+00 2.169999999999999984e-01 8.753199999999999870e-01 2.420200000000000129e-01 5.263700000000000045e-01
9.151155778894471737e+00 2.169999999999999984e-01 8.753100000000000325e-01 2.403899999999999926e-01 5.244299999999999518e-01
9.251608040201004357e+00 2.169999999999999984e-01 8.744899999999999896e-01 2.384900000000000075e-01 5.222799999999999665e-01
9.352060301507536977e+00 2.169999999999999984e-01 8.730299999999999727e-01 2.364900000000000058e-01 5.198700000000000543e-01
9.452512562814069597e+00 2.159999999999999976e-01 8.716699999999999449e-01 2.345800000000000107e-01 5.174400000000000110e-01
9.552964824120602216e+00 2.159999999999999976e-01 8.700200000000000156e-01 2.326499999999999957e-01 5.148000000000000353e-01
9.653417085427134836e+00 2.159999999999999976e-01 8.678299999999999903e-01 2.306499999999999939e-01 5.116600000000000037e-01
9.753869346733667456e+00 2.159999999999999976e-01 8.651200000000000001e-01 2.285500000000000032e-01 5.081700000000000106e-01
9.854321608040200076e+00 2.159999999999999976e-01 8.624199999999999644e-01 2.265000000000000069e-01 5.045300000000000340e-01
9.954773869346732695e+00 2.149999999999999967e-01 8.591600000000000348e-01 2.243700000000000139e-01 5.003699999999999815e-01
1.005522613065326532e+01 2.149999999999999967e-01 8.577599999999999669e-01 2.226499999999999868e-01 4.986200000000000077e-01
1.015567839195979793e+01 2.149999999999999967e-01 8.572199999999999820e-01 2.211299999999999932e-01 4.977099999999999858e-01
1.025613065326633055e+01 2.149999999999999967e-01 8.567299999999999915e-01 2.195799999999999974e-01 4.968400000000000039e-01
1.035658291457286317e+01 2.149999999999999967e-01 8.562600000000000211e-01 2.180600000000000038e-01 4.960999999999999854e-01
1.045703517587939579e+01 2.139999999999999958e-01 8.561499999999999666e-01 2.167199999999999960e-01 4.955899999999999750e-01
1.055748743718592841e+01 2.099999999999999922e-01 5.847859999999999836e+00 3.149100000000000232e-01 7.526370000000000005e+00
1.065793969849246103e+01 2.099999999999999922e-01 5.901740000000000208e+00 3.153199999999999892e-01 7.601090000000000124e+00
1.075839195979899543e+01 2.099999999999999922e-01 5.961229999999999585e+00 3.157599999999999851e-01 7.683819999999999872e+00
1.085884422110552805e+01 2.099999999999999922e-01 6.021799999999999820e+00 3.162099999999999911e-01 7.768119999999999692e+00
1.095929648241206067e+01 2.099999999999999922e-01 6.084819999999999673e+00 3.166599999999999970e-01 7.855839999999999712e+00
1.105974874371859329e+01 2.099999999999999922e-01 6.152790000000000425e+00 3.171300000000000230e-01 7.950540000000000163e+00
1.116020100502512591e+01 2.099999999999999922e-01 6.219990000000000130e+00 3.175899999999999834e-01 8.044209999999999638e+00
1.126065326633165853e+01 2.099999999999999922e-01 6.286640000000000228e+00 3.180299999999999794e-01 8.137119999999999465e+00
1.136110552763819115e+01 2.099999999999999922e-01 6.357689999999999841e+00 3.184600000000000208e-01 8.236169999999999547e+00
1.146155778894472377e+01 2.099999999999999922e-01 6.424009999999999998e+00 3.188099999999999823e-01 8.328599999999999781e+00
1.156201005025125639e+01 2.099999999999999922e-01 6.488100000000000200e+00 3.191399999999999793e-01 8.417930000000000135e+00
1.166246231155778901e+01 2.099999999999999922e-01 6.564440000000000275e+00 3.195000000000000062e-01 8.524549999999999628e+00
1.176291457286432163e+01 2.099999999999999922e-01 6.667950000000000266e+00 3.200500000000000012e-01 8.669529999999999959e+00
1.186336683417085425e+01 2.099999999999999922e-01 6.764809999999999768e+00 3.206999999999999851e-01 8.805279999999999774e+00
1.196381909547738687e+01 2.099999999999999922e-01 6.858740000000000059e+00 3.214899999999999980e-01 8.937049999999999272e+00
1.206427135678391949e+01 2.089999999999999913e-01 6.943489999999999718e+00 3.223300000000000054e-01 9.056029999999999802e+00
1.216472361809045211e+01 2.089999999999999913e-01 7.028220000000000134e+00 3.232900000000000218e-01 9.175169999999999604e+00
1.226517587939698473e+01 2.089999999999999913e-01 7.106799999999999784e+00 3.243199999999999972e-01 9.285800000000000054e+00
1.236562814070351735e+01 2.089999999999999913e-01 7.182260000000000311e+00 3.254400000000000071e-01 9.392179999999999751e+00
1.246608040201004997e+01 2.089999999999999913e-01 7.253969999999999807e+00 3.264400000000000079e-01 9.493209999999999482e+00
1.256653266331658259e+01 2.089999999999999913e-01 7.326520000000000366e+00 3.271299999999999764e-01 9.595169999999999533e+00
1.266698492462311521e+01 2.089999999999999913e-01 7.395570000000000199e+00 3.274500000000000188e-01 9.691819999999999879e+00
1.276743718592964782e+01 2.089999999999999913e-01 7.466929999999999623e+00 3.277399999999999758e-01 9.791710000000000136e+00
1.286788944723618044e+01 2.089999999999999913e-01 7.537119999999999820e+00 3.280100000000000238e-01 9.889979999999999549e+00
1.296834170854271306e+01 2.089999999999999913e-01 7.605979999999999741e+00 3.282700000000000062e-01 9.986359999999999459e+00
1.306879396984924568e+01 2.089999999999999913e-01 7.673020000000000174e+00 3.285199999999999787e-01 1.008018999999999998e+01
1.316924623115577830e+01 2.089999999999999913e-01 7.738990000000000258e+00 3.287499999999999867e-01 1.017251000000000083e+01
1.326969849246231092e+01 2.089999999999999913e-01 7.805699999999999861e+00 3.289699999999999847e-01 1.026587999999999923e+01
1.337015075376884354e+01 2.089999999999999913e-01 7.871900000000000119e+00 3.291899999999999826e-01 1.035853999999999964e+01
1.347060301507537616e+01 2.089999999999999913e-01 7.938839999999999897e+00 3.294099999999999806e-01 1.045232999999999990e+01
1.357105527638190878e+01 2.089999999999999913e-01 8.014219999999999899e+00 3.296700000000000186e-01 1.055807000000000073e+01
1.367150753768844140e+01 2.079999999999999905e-01 8.088020000000000209e+00 3.299099999999999810e-01 1.066158000000000072e+01
1.377195979899497402e+01 2.079999999999999905e-01 8.160500000000000753e+00 3.301299999999999790e-01 1.076323000000000008e+01
1.387241206030150664e+01 2.079999999999999905e-01 8.234149999999999636e+00 3.303400000000000225e-01 1.086656999999999940e+01
1.397286432160803926e+01 2.079999999999999905e-01 8.307489999999999597e+00 3.305500000000000105e-01 1.096945999999999977e+01
1.407331658291457188e+01 2.079999999999999905e-01 8.379889999999999617e+00 3.307499999999999885e-01 1.107103000000000037e+01
1.417376884422110450e+01 2.079999999999999905e-01 8.450240000000000862e+00 3.309300000000000019e-01 1.116972999999999949e+01
1.427422110552763712e+01 2.079999999999999905e-01 8.521810000000000329e+00 3.311000000000000054e-01 1.127014999999999922e+01
1.437467336683416974e+01 2.079999999999999905e-01 8.593609999999999971e+00 3.312700000000000089e-01 1.137088999999999928e+01
1.447512562814070236e+01 2.079999999999999905e-01 8.664820000000000633e+00 3.314400000000000124e-01 1.147081999999999979e+01
1.457557788944723498e+01 2.079999999999999905e-01 8.734569999999999723e+00 3.315899999999999959e-01 1.156868000000000052e+01
1.467603015075376760e+01 2.079999999999999905e-01 8.803779999999999717e+00 3.317300000000000249e-01 1.166577000000000019e+01
1.477648241206030022e+01 2.079999999999999905e-01 8.871420000000000528e+00 3.318699999999999983e-01 1.176068000000000069e+01
1.487693467336683284e+01 2.079999999999999905e-01 8.940129999999999910e+00 3.320100000000000273e-01 1.185708999999999946e+01
1.497738693467336546e+01 2.079999999999999905e-01 9.007669999999999177e+00 3.321299999999999808e-01 1.195184000000000069e+01
1.507783919597989986e+01 2.079999999999999905e-01 9.074529999999999319e+00 3.322499999999999898e-01 1.204565000000000019e+01
1.517829145728643248e+01 2.069999999999999896e-01 9.141109999999999403e+00 3.323599999999999888e-01 1.213908999999999949e+01
1.527874371859296510e+01 2.069999999999999896e-01 9.215469999999999828e+00 3.325099999999999723e-01 1.224353999999999942e+01
1.537919597989949771e+01 2.069999999999999896e-01 9.286060000000000869e+00 3.326299999999999812e-01 1.234267000000000003e+01
1.547964824120603033e+01 2.069999999999999896e-01 9.358119999999999550e+00 3.327499999999999902e-01 1.244388000000000005e+01
1.558010050251256295e+01 2.069999999999999896e-01 9.432010000000000005e+00 3.328699999999999992e-01 1.254770000000000074e+01
1.568055276381909557e+01 2.069999999999999896e-01 9.505530000000000257e+00 3.329799999999999982e-01 1.265102000000000082e+01
1.578100502512562819e+01 2.069999999999999896e-01 9.577450000000000685e+00 3.330899999999999972e-01 1.275209000000000081e+01
1.588145728643216081e+01 2.069999999999999896e-01 9.647769999999999513e+00 3.331899999999999862e-01 1.285088000000000008e+01
1.598190954773869343e+01 2.069999999999999896e-01 9.719559999999999533e+00 3.333099999999999952e-01 1.295171000000000028e+01
1.608236180904522783e+01 2.069999999999999896e-01 9.789690000000000225e+00 3.334199999999999942e-01 1.305021999999999949e+01
1.618281407035176045e+01 2.069999999999999896e-01 9.857469999999999288e+00 3.335199999999999831e-01 1.314539000000000080e+01
1.628326633165829307e+01 2.069999999999999896e-01 9.933170000000000499e+00 3.336299999999999821e-01 1.325176000000000087e+01
1.638371859296482569e+01 2.069999999999999896e-01 1.001010999999999918e+01 3.336700000000000221e-01 1.335971999999999937e+01
1.648417085427135831e+01 2.069999999999999896e-01 1.008601999999999954e+01 3.337200000000000166e-01 1.346624000000000088e+01
1.658462311557789093e+01 2.069999999999999896e-01 1.016267000000000031e+01 3.337700000000000111e-01 1.357380999999999993e+01
1.668507537688442355e+01 2.069999999999999896e-01 1.024187000000000047e+01 3.338300000000000156e-01 1.368500000000000050e+01
1.678552763819095617e+01 2.069999999999999896e-01 1.032011999999999929e+01 3.338999999999999746e-01 1.379485999999999990e+01
1.688597989949748879e+01 2.069999999999999896e-01 1.039982000000000006e+01 3.339599999999999791e-01 1.390681000000000012e+01
1.698643216080402141e+01 2.069999999999999896e-01 1.047655999999999921e+01 3.340199999999999836e-01 1.401457000000000086e+01
1.708688442211055403e+01 2.069999999999999896e-01 1.055129999999999946e+01 3.340899999999999981e-01 1.411951000000000001e+01
1.718733668341708665e+01 2.069999999999999896e-01 1.062562999999999924e+01 3.341500000000000026e-01 1.422390000000000043e+01
1.728778894472361927e+01 2.069999999999999896e-01 1.069848999999999961e+01 3.342200000000000171e-01 1.432623000000000069e+01
1.738824120603015189e+01 2.069999999999999896e-01 1.077130000000000010e+01 3.342899999999999761e-01 1.442849000000000004e+01
1.748869346733668451e+01 2.069999999999999896e-01 1.084315999999999924e+01 3.343499999999999805e-01 1.452938999999999936e+01
1.758914572864321713e+01 2.069999999999999896e-01 1.091651000000000060e+01 3.344199999999999950e-01 1.463242999999999938e+01
1.768959798994974975e+01 2.069999999999999896e-01 1.099039999999999928e+01 3.344799999999999995e-01 1.473624000000000045e+01
1.779005025125628237e+01 2.059999999999999887e-01 1.106283999999999956e+01 3.345600000000000240e-01 1.483799999999999919e+01
1.789050251256281499e+01 2.059999999999999887e-01 1.125455999999999968e+01 3.346799999999999775e-01 1.510906999999999911e+01
1.799095477386934760e+01 2.059999999999999887e-01 1.144829000000000008e+01 3.347999999999999865e-01 1.538302000000000014e+01
1.809140703517588022e+01 2.059999999999999887e-01 1.161400000000000077e+01 3.348900000000000210e-01 1.561721999999999966e+01
1.819185929648241284e+01 2.059999999999999887e-01 1.176726000000000028e+01 3.349800000000000000e-01 1.583376999999999946e+01
1.829231155778894546e+01 2.069999999999999896e-01 1.191812000000000005e+01 3.350699999999999790e-01 1.604693999999999932e+01
1.839276381909547808e+01 2.069999999999999896e-01 1.204471999999999987e+01 3.351299999999999835e-01 1.622573999999999828e+01
1.849321608040201070e+01 2.069999999999999896e-01 1.216699999999999982e+01 3.351899999999999880e-01 1.639842000000000155e+01
1.859366834170854332e+01 2.069999999999999896e-01 1.228339000000000070e+01 3.352399999999999824e-01 1.656277000000000044e+01
1.869412060301507594e+01 2.069999999999999896e-01 1.239220000000000077e+01 3.352399999999999824e-01 1.671639000000000053e+01
1.879457286432160856e+01 2.069999999999999896e-01 1.249961000000000055e+01 3.352399999999999824e-01 1.686802000000000135e+01
1.889502512562814118e+01 2.069999999999999896e-01 1.260361999999999938e+01 3.352200000000000180e-01 1.701485999999999876e+01
1.899547738693467380e+01 2.069999999999999896e-01 1.270316000000000045e+01 3.351999999999999980e-01 1.715536000000000172e+01
1.909592964824120642e+01 2.069999999999999896e-01 1.280017999999999923e+01 3.351700000000000235e-01 1.729231000000000051e+01
1.919638190954773904e+01 2.069999999999999896e-01 1.289265999999999934e+01 3.351399999999999935e-01 1.742282000000000153e+01
1.929683417085427166e+01 2.069999999999999896e-01 1.297990000000000066e+01 3.350899999999999990e-01 1.754592999999999847e+01
1.939728643216080428e+01 2.069999999999999896e-01 1.306532999999999944e+01 3.350400000000000045e-01 1.766647000000000034e+01
1.949773869346733690e+01 2.069999999999999896e-01 1.314964999999999939e+01 3.349900000000000100e-01 1.778547000000000011e+01
1.959819095477386952e+01 2.069999999999999896e-01 1.323137999999999970e+01 3.349300000000000055e-01 1.790080999999999989e+01
1.969864321608040214e+01 2.069999999999999896e-01 1.330974999999999930e+01 3.348700000000000010e-01 1.801137999999999906e+01
1.979909547738693476e+01 2.069999999999999896e-01 1.338659999999999961e+01 3.347999999999999865e-01 1.811983000000000033e+01
1.989954773869346738e+01 2.069999999999999896e-01 1.346291000000000082e+01 3.347399999999999820e-01 1.822747999999999990e+01
2.000000000000000000e+01 2.069999999999999896e-01 1.353528000000000020e+01 3.346600000000000130e-01 1.832957000000000036e+01
