1.000000000000000021e-02 2.230000000000000038e-01 5.568000000000000033e-02 7.936699999999999866e-01 2.835000000000000020e-02
1.104522613065326564e-01 1.690000000000000113e-01 9.210999999999999743e-02 8.344399999999999595e-01 2.036999999999999922e-02
2.109045226130653317e-01 1.690000000000000113e-01 9.210999999999999743e-02 8.344399999999999595e-01 2.036999999999999922e-02
3.113567839195979792e-01 1.690000000000000113e-01 9.210999999999999743e-02 8.344399999999999595e-01 2.036999999999999922e-02
4.118090452261306544e-01 1.690000000000000113e-01 9.210999999999999743e-02 8.344399999999999595e-01 2.036999999999999922e-02
5.122613065326633297e-01 2.310000000000000109e-01 1.067000000000000032e-01 5.286300000000000443e-01 2.532999999999999835e-02
6.127135678391959495e-01 2.290000000000000091e-01 1.070799999999999946e-01 5.065800000000000303e-01 2.562000000000000041e-02
7.131658291457286802e-01 2.290000000000000091e-01 1.070900000000000046e-01 4.972199999999999953e-01 2.574999999999999858e-02
8.136180904522613000e-01 2.270000000000000073e-01 1.068000000000000060e-01 4.504099999999999770e-01 2.085000000000000048e-02
9.140703517587939197e-01 2.260000000000000064e-01 1.065500000000000058e-01 4.228100000000000191e-01 1.786000000000000087e-02
1.014522613065326651e+00 2.250000000000000056e-01 1.198000000000000037e-01 4.273700000000000276e-01 1.913000000000000117e-02
1.114974874371859270e+00 1.719999999999999862e-01 2.567800000000000082e-01 5.094499999999999584e-01 7.925999999999999712e-02
1.215427135678391890e+00 1.729999999999999871e-01 2.602499999999999813e-01 5.293499999999999872e-01 8.161999999999999811e-02
1.315879396984924510e+00 1.719999999999999862e-01 2.608300000000000063e-01 5.493299999999999850e-01 8.369000000000000050e-02
1.416331658291457352e+00 1.710000000000000131e-01 2.629400000000000071e-01 5.666299999999999670e-01 8.735999999999999321e-02
1.516783919597989971e+00 1.580000000000000016e-01 3.319099999999999828e-01 5.148700000000000498e-01 1.378900000000000126e-01
1.617236180904522591e+00 1.549999999999999989e-01 3.439300000000000135e-01 5.448199999999999710e-01 1.402400000000000035e-01
1.717688442211055211e+00 1.529999999999999971e-01 3.513600000000000056e-01 5.683200000000000474e-01 1.380800000000000083e-01
1.818140703517587831e+00 1.290000000000000036e-01 5.683899999999999508e-01 6.491500000000000048e-01 3.476600000000000246e-01
1.918592964824120672e+00 1.280000000000000027e-01 5.751800000000000246e-01 6.468000000000000416e-01 3.537600000000000189e-01
2.019045226130653070e+00 1.280000000000000027e-01 5.810699999999999754e-01 6.438399999999999679e-01 3.587400000000000033e-01
2.119497487437185690e+00 1.280000000000000027e-01 5.871100000000000207e-01 6.425899999999999945e-01 3.654299999999999771e-01
2.219949748743718310e+00 1.270000000000000018e-01 5.931300000000000461e-01 6.356199999999999628e-01 3.713699999999999779e-01
2.320402010050250929e+00 1.270000000000000018e-01 5.989799999999999569e-01 6.312100000000000488e-01 3.774000000000000132e-01
2.420854271356783549e+00 1.270000000000000018e-01 6.045800000000000063e-01 6.293199999999999905e-01 3.834099999999999731e-01
2.521306532663316169e+00 1.199999999999999956e-01 5.524999999999999911e-01 7.653799999999999493e-01 2.643699999999999939e-01
2.621758793969848789e+00 1.209999999999999964e-01 5.498100000000000209e-01 7.667599999999999971e-01 2.566800000000000193e-01
2.722211055276381853e+00 1.209999999999999964e-01 5.482500000000000151e-01 7.644400000000000084e-01 2.527900000000000147e-01
2.822663316582914472e+00 1.209999999999999964e-01 5.469300000000000272e-01 7.595699999999999674e-01 2.509700000000000264e-01
2.923115577889447092e+00 1.209999999999999964e-01 5.443000000000000060e-01 7.514499999999999513e-01 2.495799999999999963e-01
3.023567839195979712e+00 1.219999999999999973e-01 5.415100000000000469e-01 7.425899999999999723e-01 2.483200000000000129e-01
3.124020100502512332e+00 1.219999999999999973e-01 5.387800000000000367e-01 7.334800000000000209e-01 2.473799999999999888e-01
3.224472361809044951e+00 1.219999999999999973e-01 5.363599999999999479e-01 7.251699999999999813e-01 2.467000000000000026e-01
3.324924623115577571e+00 1.219999999999999973e-01 5.307600000000000096e-01 7.194599999999999884e-01 2.429199999999999970e-01
3.425376884422110191e+00 1.219999999999999973e-01 5.243400000000000283e-01 7.148900000000000254e-01 2.383500000000000063e-01
3.525829145728642811e+00 1.219999999999999973e-01 5.187399999999999789e-01 7.098499999999999810e-01 2.344900000000000040e-01
3.626281407035175430e+00 1.229999999999999982e-01 5.137599999999999945e-01 7.049900000000000055e-01 2.311199999999999921e-01
3.726733668341708050e+00 1.229999999999999982e-01 5.093100000000000405e-01 7.005200000000000315e-01 2.281900000000000039e-01
3.827185929648241114e+00 1.229999999999999982e-01 5.050799999999999734e-01 6.956299999999999706e-01 2.253900000000000070e-01
3.927638190954773734e+00 1.229999999999999982e-01 5.014199999999999768e-01 6.907600000000000406e-01 2.229599999999999915e-01
4.028090452261306353e+00 1.229999999999999982e-01 4.980499999999999927e-01 6.858600000000000252e-01 2.207300000000000095e-01
4.128542713567838973e+00 1.229999999999999982e-01 4.950600000000000001e-01 6.813500000000000112e-01 2.187800000000000022e-01
4.228994974874371593e+00 1.229999999999999982e-01 4.924000000000000044e-01 6.773200000000000331e-01 2.176800000000000124e-01
4.329447236180904213e+00 1.229999999999999982e-01 4.908199999999999785e-01 6.741099999999999870e-01 2.176700000000000024e-01
4.429899497487436832e+00 1.229999999999999982e-01 4.899800000000000266e-01 6.713599999999999568e-01 2.182300000000000073e-01
4.530351758793969452e+00 1.229999999999999982e-01 4.891400000000000192e-01 6.685299999999999576e-01 2.186599999999999933e-01
4.630804020100502072e+00 1.229999999999999982e-01 4.883100000000000218e-01 6.656499999999999639e-01 2.189699999999999980e-01
4.731256281407034692e+00 1.229999999999999982e-01 4.876900000000000124e-01 6.622999999999999998e-01 2.192399999999999904e-01
4.831708542713567311e+00 1.229999999999999982e-01 4.870900000000000230e-01 6.591700000000000337e-01 2.194200000000000039e-01
4.932160804020099931e+00 1.229999999999999982e-01 4.864999999999999880e-01 6.559599999999999875e-01 2.195100000000000107e-01
5.032613065326632551e+00 1.229999999999999982e-01 4.859700000000000131e-01 6.526999999999999469e-01 2.195799999999999974e-01
5.133065326633165171e+00 1.229999999999999982e-01 4.855200000000000071e-01 6.495699999999999807e-01 2.196500000000000119e-01
5.233517587939697790e+00 1.229999999999999982e-01 4.851099999999999857e-01 6.465800000000000436e-01 2.197199999999999986e-01
5.333969849246230410e+00 1.229999999999999982e-01 4.865399999999999725e-01 6.443799999999999528e-01 2.215000000000000024e-01
5.434422110552763918e+00 1.229999999999999982e-01 4.879000000000000004e-01 6.422400000000000331e-01 2.231799999999999895e-01
5.534874371859296538e+00 1.229999999999999982e-01 4.890999999999999792e-01 6.400900000000000478e-01 2.246299999999999963e-01
5.635326633165829158e+00 1.229999999999999982e-01 4.901599999999999846e-01 6.378500000000000281e-01 2.260000000000000064e-01
5.735778894472361777e+00 1.229999999999999982e-01 4.909800000000000275e-01 6.353799999999999448e-01 2.271799999999999931e-01
5.836231155778894397e+00 1.229999999999999982e-01 4.917099999999999804e-01 6.331599999999999451e-01 2.281999999999999862e-01
5.936683417085427017e+00 1.229999999999999982e-01 4.921599999999999864e-01 6.309700000000000308e-01 2.288399999999999879e-01
6.037135678391959637e+00 1.229999999999999982e-01 4.926200000000000023e-01 6.288200000000000456e-01 2.295099999999999918e-01
6.137587939698492256e+00 1.229999999999999982e-01 4.930300000000000238e-01 6.264999999999999458e-01 2.300500000000000045e-01
6.238040201005024876e+00 1.229999999999999982e-01 4.934600000000000097e-01 6.243199999999999861e-01 2.305999999999999994e-01
6.338492462311557496e+00 1.229999999999999982e-01 4.938199999999999812e-01 6.220700000000000118e-01 2.310500000000000054e-01
6.438944723618090116e+00 1.229999999999999982e-01 4.942699999999999871e-01 6.202299999999999480e-01 2.315200000000000036e-01
6.539396984924622735e+00 1.229999999999999982e-01 4.946999999999999731e-01 6.185399999999999787e-01 2.319299999999999973e-01
6.639849246231155355e+00 1.229999999999999982e-01 4.951300000000000145e-01 6.168900000000000494e-01 2.323399999999999910e-01
6.740301507537687975e+00 1.229999999999999982e-01 4.954799999999999760e-01 6.152100000000000346e-01 2.326499999999999957e-01
6.840753768844220595e+00 1.229999999999999982e-01 4.957500000000000240e-01 6.135599999999999943e-01 2.329299999999999982e-01
6.941206030150753215e+00 1.229999999999999982e-01 4.959299999999999820e-01 6.118200000000000305e-01 2.331300000000000039e-01
7.041658291457285834e+00 1.229999999999999982e-01 4.960700000000000109e-01 6.099999999999999867e-01 2.332899999999999974e-01
7.142110552763818454e+00 1.229999999999999982e-01 4.961400000000000254e-01 6.081999999999999629e-01 2.333699999999999941e-01
7.242562814070351074e+00 1.229999999999999982e-01 4.962599999999999789e-01 6.064699999999999536e-01 2.334900000000000031e-01
7.343015075376883694e+00 1.229999999999999982e-01 4.961699999999999999e-01 6.043800000000000283e-01 2.334199999999999886e-01
7.443467336683416313e+00 1.229999999999999982e-01 4.959999999999999964e-01 6.022600000000000176e-01 2.332799999999999874e-01
7.543919597989949821e+00 1.229999999999999982e-01 4.958699999999999775e-01 6.001800000000000468e-01 2.331600000000000061e-01
7.644371859296482441e+00 1.229999999999999982e-01 4.965700000000000114e-01 5.984199999999999520e-01 2.339700000000000113e-01
7.744824120603015061e+00 1.239999999999999991e-01 4.974399999999999933e-01 5.965200000000000502e-01 2.349199999999999899e-01
7.845276381909547680e+00 1.239999999999999991e-01 4.982500000000000262e-01 5.945399999999999574e-01 2.357899999999999996e-01
7.945728643216080300e+00 1.239999999999999991e-01 4.990299999999999736e-01 5.926599999999999646e-01 2.365599999999999925e-01
8.046180904522612920e+00 1.239999999999999991e-01 5.008500000000000174e-01 5.916200000000000347e-01 2.383599999999999886e-01
8.146633165829145540e+00 1.239999999999999991e-01 5.027700000000000502e-01 5.906599999999999628e-01 2.402900000000000036e-01
8.247085427135678160e+00 1.239999999999999991e-01 5.050999999999999934e-01 5.899900000000000144e-01 2.424300000000000066e-01
8.347537688442210779e+00 1.229999999999999982e-01 5.072600000000000442e-01 5.892699999999999605e-01 2.443799999999999861e-01
8.447989949748743399e+00 1.229999999999999982e-01 5.092900000000000205e-01 5.884500000000000286e-01 2.461699999999999999e-01
8.548442211055276019e+00 1.229999999999999982e-01 5.111299999999999732e-01 5.875500000000000167e-01 2.477499999999999980e-01
8.648894472361808639e+00 1.229999999999999982e-01 5.129799999999999915e-01 5.865899999999999448e-01 2.493900000000000006e-01
8.749346733668341258e+00 1.229999999999999982e-01 5.145999999999999464e-01 5.855000000000000204e-01 2.507800000000000029e-01
8.849798994974873878e+00 1.229999999999999982e-01 5.161799999999999722e-01 5.844200000000000506e-01 2.521200000000000108e-01
8.950251256281406498e+00 1.229999999999999982e-01 5.177399999999999780e-01 5.832699999999999552e-01 2.535200000000000231e-01
9.050703517587939118e+00 1.229999999999999982e-01 5.194199999999999928e-01 5.820199999999999818e-01 2.550700000000000189e-01
9.151155778894471737e+00 1.229999999999999982e-01 5.218300000000000161e-01 5.808600000000000430e-01 2.573500000000000232e-01
9.251608040201004357e+00 1.229999999999999982e-01 5.248300000000000187e-01 5.796999999999999931e-01 2.602099999999999969e-01
9.352060301507536977e+00 1.229999999999999982e-01 5.286699999999999733e-01 5.788499999999999757e-01 2.640399999999999969e-01
9.452512562814069597e+00 1.229999999999999982e-01 5.327899999999999858e-01 5.781600000000000072e-01 2.680600000000000205e-01
9.552964824120602216e+00 1.229999999999999982e-01 5.365799999999999459e-01 5.773599999999999843e-01 2.717300000000000271e-01
9.653417085427134836e+00 1.229999999999999982e-01 5.401099999999999790e-01 5.765400000000000524e-01 2.751500000000000057e-01
9.753869346733667456e+00 1.229999999999999982e-01 5.434099999999999486e-01 5.755900000000000460e-01 2.783200000000000118e-01
9.854321608040200076e+00 1.229999999999999982e-01 5.486600000000000366e-01 5.752500000000000391e-01 2.837799999999999767e-01
9.954773869346732695e+00 1.229999999999999982e-01 5.588899999999999979e-01 5.759300000000000530e-01 2.953999999999999959e-01
1.005522613065326532e+01 1.219999999999999973e-01 5.740300000000000402e-01 5.772100000000000009e-01 3.132599999999999829e-01
1.015567839195979793e+01 1.219999999999999973e-01 5.878900000000000237e-01 5.776900000000000368e-01 3.298300000000000121e-01
1.025613065326633055e+01 1.209999999999999964e-01 6.021400000000000086e-01 5.778699999999999948e-01 3.468300000000000272e-01
1.035658291457286317e+01 1.209999999999999964e-01 6.138400000000000523e-01 5.773200000000000554e-01 3.608600000000000141e-01
1.045703517587939579e+01 1.199999999999999956e-01 6.233300000000000507e-01 5.764799999999999924e-01 3.723299999999999943e-01
1.055748743718592841e+01 1.199999999999999956e-01 6.366000000000000547e-01 5.759800000000000475e-01 3.886800000000000255e-01
1.065793969849246103e+01 1.199999999999999956e-01 6.469099999999999850e-01 5.750800000000000356e-01 4.014800000000000035e-01
1.075839195979899543e+01 1.199999999999999956e-01 6.548699999999999521e-01 5.739699999999999802e-01 4.113499999999999934e-01
1.085884422110552805e+01 1.189999999999999947e-01 6.616800000000000459e-01 5.727700000000000014e-01 4.198399999999999910e-01
1.095929648241206067e+01 1.189999999999999947e-01 6.673999999999999932e-01 5.714200000000000390e-01 4.269700000000000162e-01
1.105974874371859329e+01 1.189999999999999947e-01 6.726600000000000357e-01 5.700199999999999712e-01 4.334799999999999764e-01
1.116020100502512591e+01 1.189999999999999947e-01 6.780000000000000471e-01 5.686400000000000343e-01 4.401300000000000212e-01
1.126065326633165853e+01 1.189999999999999947e-01 6.831199999999999495e-01 5.672199999999999465e-01 4.465100000000000180e-01
1.136110552763819115e+01 1.189999999999999947e-01 6.872899999999999565e-01 5.655000000000000027e-01 4.515600000000000169e-01
1.146155778894472377e+01 1.189999999999999947e-01 6.908499999999999641e-01 5.638600000000000279e-01 4.558099999999999929e-01
1.156201005025125639e+01 1.189999999999999947e-01 6.938499999999999668e-01 5.622399999999999620e-01 4.592899999999999761e-01
1.166246231155778901e+01 1.189999999999999947e-01 6.990499999999999492e-01 5.606100000000000527e-01 4.657600000000000073e-01
1.176291457286432163e+01 1.189999999999999947e-01 7.039100000000000357e-01 5.588699999999999779e-01 4.717100000000000182e-01
1.186336683417085425e+01 1.179999999999999938e-01 7.080199999999999827e-01 5.571300000000000141e-01 4.766299999999999981e-01
1.196381909547738687e+01 1.179999999999999938e-01 7.114500000000000268e-01 5.553599999999999648e-01 4.806199999999999917e-01
1.206427135678391949e+01 1.179999999999999938e-01 7.141800000000000370e-01 5.537400000000000100e-01 4.837500000000000133e-01
1.216472361809045211e+01 1.179999999999999938e-01 7.164500000000000313e-01 5.520899999999999697e-01 4.862699999999999800e-01
1.226517587939698473e+01 1.189999999999999947e-01 7.185399999999999565e-01 5.504499999999999948e-01 4.885200000000000098e-01
1.236562814070351735e+01 1.189999999999999947e-01 7.202199999999999713e-01 5.488199999999999745e-01 4.902500000000000191e-01
1.246608040201004997e+01 1.189999999999999947e-01 7.216500000000000137e-01 5.472000000000000197e-01 4.916300000000000114e-01
1.256653266331658259e+01 1.189999999999999947e-01 7.229200000000000070e-01 5.455799999999999539e-01 4.928000000000000158e-01
1.266698492462311521e+01 1.189999999999999947e-01 7.239299999999999624e-01 5.440199999999999481e-01 4.936400000000000232e-01
1.276743718592964782e+01 1.189999999999999947e-01 7.248599999999999488e-01 5.424499999999999877e-01 4.943400000000000016e-01
1.286788944723618044e+01 1.189999999999999947e-01 7.256599999999999717e-01 5.409199999999999564e-01 4.948799999999999866e-01
1.296834170854271306e+01 1.189999999999999947e-01 7.265800000000000036e-01 5.394400000000000306e-01 4.955200000000000160e-01
1.306879396984924568e+01 1.189999999999999947e-01 7.273899999999999810e-01 5.380399999999999627e-01 4.959500000000000020e-01
1.316924623115577830e+01 1.189999999999999947e-01 7.280699999999999950e-01 5.366800000000000459e-01 4.962199999999999944e-01
1.326969849246231092e+01 1.189999999999999947e-01 7.287200000000000344e-01 5.353200000000000180e-01 4.964600000000000124e-01
1.337015075376884354e+01 1.189999999999999947e-01 7.292100000000000248e-01 5.340099999999999847e-01 4.964700000000000224e-01
1.347060301507537616e+01 1.189999999999999947e-01 7.298099999999999588e-01 5.326800000000000423e-01 4.966300000000000159e-01
1.357105527638190878e+01 1.189999999999999947e-01 7.302800000000000402e-01 5.312599999999999545e-01 4.965999999999999859e-01
1.367150753768844140e+01 1.189999999999999947e-01 7.307700000000000307e-01 5.298699999999999521e-01 4.965899999999999759e-01
1.377195979899497402e+01 1.189999999999999947e-01 7.314300000000000246e-01 5.284699999999999953e-01 4.968299999999999939e-01
1.387241206030150664e+01 1.199999999999999956e-01 7.322100000000000275e-01 5.270599999999999730e-01 4.972500000000000253e-01
1.397286432160803926e+01 1.199999999999999956e-01 7.329299999999999704e-01 5.256999999999999451e-01 4.975999999999999868e-01
1.407331658291457188e+01 1.199999999999999956e-01 7.335300000000000153e-01 5.243600000000000483e-01 4.977900000000000102e-01
1.417376884422110450e+01 1.199999999999999956e-01 7.344600000000000017e-01 5.230500000000000149e-01 4.984100000000000197e-01
1.427422110552763712e+01 1.199999999999999956e-01 7.352400000000000047e-01 5.218199999999999505e-01 4.988400000000000056e-01
1.437467336683416974e+01 1.199999999999999956e-01 7.359299999999999731e-01 5.205899999999999972e-01 4.991300000000000181e-01
1.447512562814070236e+01 1.199999999999999956e-01 7.365399999999999725e-01 5.193799999999999528e-01 4.993199999999999861e-01
1.457557788944723498e+01 1.199999999999999956e-01 7.375899999999999679e-01 5.182200000000000140e-01 5.000799999999999690e-01
1.467603015075376760e+01 1.199999999999999956e-01 7.388299999999999867e-01 5.170900000000000496e-01 5.010799999999999699e-01
1.477648241206030022e+01 1.199999999999999956e-01 7.399299999999999766e-01 5.159899999999999487e-01 5.019200000000000328e-01
1.487693467336683284e+01 1.199999999999999956e-01 7.410200000000000120e-01 5.148700000000000498e-01 5.027099999999999902e-01
1.497738693467336546e+01 1.209999999999999964e-01 7.420400000000000329e-01 5.137699999999999489e-01 5.034199999999999786e-01
1.507783919597989986e+01 1.209999999999999964e-01 7.430099999999999483e-01 5.127000000000000446e-01 5.040599999999999525e-01
1.517829145728643248e+01 1.209999999999999964e-01 7.438099999999999712e-01 5.116600000000000037e-01 5.044600000000000195e-01
1.527874371859296510e+01 1.209999999999999964e-01 7.449500000000000011e-01 5.105600000000000138e-01 5.053199999999999914e-01
1.537919597989949771e+01 1.209999999999999964e-01 7.462400000000000144e-01 5.095100000000000184e-01 5.064199999999999813e-01
1.547964824120603033e+01 1.209999999999999964e-01 7.473600000000000243e-01 5.084699999999999775e-01 5.072999999999999732e-01
1.558010050251256295e+01 1.209999999999999964e-01 7.484800000000000342e-01 5.074300000000000477e-01 5.081900000000000306e-01
1.568055276381909557e+01 1.209999999999999964e-01 7.492400000000000171e-01 5.064100000000000268e-01 5.087099999999999955e-01
1.578100502512562819e+01 1.209999999999999964e-01 7.494399999999999951e-01 5.054699999999999749e-01 5.086899999999999755e-01
1.588145728643216081e+01 1.209999999999999964e-01 7.497099999999999875e-01 5.045500000000000540e-01 5.087399999999999700e-01
1.598190954773869343e+01 1.209999999999999964e-01 7.498700000000000365e-01 5.036000000000000476e-01 5.086600000000000010e-01
1.608236180904522783e+01 1.209999999999999964e-01 7.500900000000000345e-01 5.026899999999999702e-01 5.086600000000000010e-01
1.618281407035176045e+01 1.219999999999999973e-01 7.502299999999999525e-01 5.018200000000000438e-01 5.085699999999999665e-01
1.628326633165829307e+01 1.219999999999999973e-01 7.503900000000000015e-01 5.008799999999999919e-01 5.084800000000000431e-01
1.638371859296482569e+01 1.219999999999999973e-01 7.506099999999999994e-01 4.999899999999999900e-01 5.084699999999999775e-01
1.648417085427135831e+01 1.219999999999999973e-01 7.507500000000000284e-01 4.990899999999999781e-01 5.083600000000000341e-01
1.658462311557789093e+01 1.219999999999999973e-01 7.509400000000000519e-01 4.982099999999999862e-01 5.083199999999999941e-01
1.668507537688442355e+01 1.219999999999999973e-01 7.510799999999999699e-01 4.973000000000000198e-01 5.082100000000000506e-01
1.678552763819095617e+01 1.219999999999999973e-01 7.511900000000000244e-01 4.964000000000000079e-01 5.080500000000000016e-01
1.688597989949748879e+01 1.219999999999999973e-01 7.512299999999999534e-01 4.955100000000000060e-01 5.078200000000000491e-01
1.698643216080402141e+01 1.219999999999999973e-01 7.513400000000000079e-01 4.946200000000000041e-01 5.076699999999999546e-01
1.708688442211055403e+01 1.219999999999999973e-01 7.514399999999999968e-01 4.937500000000000222e-01 5.075199999999999712e-01
1.718733668341708665e+01 1.219999999999999973e-01 7.513900000000000023e-01 4.929499999999999993e-01 5.071700000000000097e-01
1.728778894472361927e+01 1.219999999999999973e-01 7.511600000000000499e-01 4.921900000000000164e-01 5.066100000000000048e-01
1.738824120603015189e+01 1.229999999999999982e-01 7.508399999999999519e-01 4.914299999999999780e-01 5.059500000000000108e-01
1.748869346733668451e+01 1.229999999999999982e-01 7.505699999999999594e-01 4.906800000000000050e-01 5.053699999999999859e-01
1.758914572864321713e+01 1.229999999999999982e-01 7.502900000000000125e-01 4.899000000000000021e-01 5.047700000000000520e-01
1.768959798994974975e+01 1.229999999999999982e-01 7.501299999999999635e-01 4.891599999999999837e-01 5.042900000000000160e-01
1.779005025125628237e+01 1.229999999999999982e-01 7.498899999999999455e-01 4.884999999999999898e-01 5.037000000000000366e-01
1.789050251256281499e+01 1.229999999999999982e-01 7.495500000000000496e-01 4.863799999999999790e-01 5.036699999999999511e-01
1.799095477386934760e+01 1.229999999999999982e-01 7.491499999999999826e-01 4.842600000000000238e-01 5.036100000000000021e-01
1.809140703517588022e+01 1.229999999999999982e-01 7.487899999999999556e-01 4.824600000000000000e-01 5.034800000000000386e-01
1.819185929648241284e+01 1.229999999999999982e-01 7.484699999999999687e-01 4.807699999999999751e-01 5.033400000000000096e-01
1.829231155778894546e+01 1.239999999999999991e-01 7.481499999999999817e-01 4.791099999999999803e-01 5.031799999999999606e-01
1.839276381909547808e+01 1.239999999999999991e-01 7.478000000000000203e-01 4.776799999999999935e-01 5.029200000000000337e-01
1.849321608040201070e+01 1.239999999999999991e-01 7.473600000000000243e-01 4.763200000000000212e-01 5.025300000000000322e-01
1.859366834170854332e+01 1.239999999999999991e-01 7.469099999999999628e-01 4.750599999999999823e-01 5.021200000000000108e-01
1.869412060301507594e+01 1.239999999999999991e-01 7.464600000000000124e-01 4.738700000000000134e-01 5.016800000000000148e-01
1.879457286432160856e+01 1.239999999999999991e-01 7.459900000000000420e-01 4.727000000000000091e-01 5.011900000000000244e-01
1.889502512562814118e+01 1.239999999999999991e-01 7.455000000000000515e-01 4.715799999999999992e-01 5.006699999999999484e-01
1.899547738693467380e+01 1.239999999999999991e-01 7.449900000000000411e-01 4.705099999999999838e-01 5.001100000000000545e-01
1.909592964824120642e+01 1.250000000000000000e-01 7.444699999999999651e-01 4.694900000000000184e-01 4.995399999999999840e-01
1.919638190954773904e+01 1.250000000000000000e-01 7.439500000000000002e-01 4.685300000000000020e-01 4.989999999999999991e-01
1.929683417085427166e+01 1.250000000000000000e-01 7.437000000000000277e-01 4.676400000000000001e-01 4.987699999999999911e-01
1.939728643216080428e+01 1.250000000000000000e-01 7.433100000000000263e-01 4.667999999999999927e-01 4.983500000000000152e-01
1.949773869346733690e+01 1.250000000000000000e-01 7.429200000000000248e-01 4.659900000000000153e-01 4.978899999999999992e-01
1.959819095477386952e+01 1.250000000000000000e-01 7.425599999999999978e-01 4.652299999999999769e-01 4.974399999999999933e-01
1.969864321608040214e+01 1.250000000000000000e-01 7.422100000000000364e-01 4.645000000000000240e-01 4.969899999999999873e-01
1.979909547738693476e+01 1.250000000000000000e-01 7.418700000000000294e-01 4.637899999999999801e-01 4.965300000000000269e-01
1.989954773869346738e+01 1.250000000000000000e-01 7.414500000000000535e-01 4.630799999999999916e-01 4.959999999999999964e-01
2.000000000000000000e+01 1.250000000000000000e-01 7.411100000000000465e-01 4.623999999999999777e-01 4.955600000000000005e-01
