1.000000000000000021e-02 2.280000000000000082e-01 1.580199999999999938e-01 5.384499999999999842e-01 1.150000000000000050e-01
1.104522613065326564e-01 2.020000000000000129e-01 1.028300000000000047e-01 9.022900000000000365e-01 5.920000000000000262e-02
2.109045226130653317e-01 2.020000000000000129e-01 1.028300000000000047e-01 9.022900000000000365e-01 5.920000000000000262e-02
3.113567839195979792e-01 1.690000000000000113e-01 1.571200000000000097e-01 7.786699999999999733e-01 1.001100000000000045e-01
4.118090452261306544e-01 1.340000000000000080e-01 1.195599999999999996e-01 8.234200000000000408e-01 3.373000000000000304e-02
5.122613065326633297e-01 1.270000000000000018e-01 1.277399999999999924e-01 7.084399999999999586e-01 3.812999999999999723e-02
6.127135678391959495e-01 1.239999999999999991e-01 1.258100000000000052e-01 6.891699999999999493e-01 3.982999999999999735e-02
7.131658291457286802e-01 1.239999999999999991e-01 1.243800000000000044e-01 6.838699999999999779e-01 4.057000000000000189e-02
8.136180904522613000e-01 1.049999999999999961e-01 6.897000000000000353e-02 6.396500000000000519e-01 2.127000000000000071e-02
9.140703517587939197e-01 1.069999999999999979e-01 9.592000000000000526e-02 6.842200000000000504e-01 2.458000000000000115e-02
1.014522613065326651e+00 9.299999999999999933e-02 1.842600000000000071e-01 7.764699999999999935e-01 5.342000000000000220e-02
1.114974874371859270e+00 9.099999999999999756e-02 1.981100000000000083e-01 7.855299999999999505e-01 6.085999999999999743e-02
1.215427135678391890e+00 8.899999999999999578e-02 2.108700000000000019e-01 7.769899999999999585e-01 6.704999999999999849e-02
1.315879396984924510e+00 8.799999999999999489e-02 2.228600000000000025e-01 7.572100000000000497e-01 7.356000000000000039e-02
1.416331658291457352e+00 8.699999999999999400e-02 2.321600000000000052e-01 7.419099999999999584e-01 7.829999999999999460e-02
1.516783919597989971e+00 8.599999999999999312e-02 2.436500000000000055e-01 7.326099999999999834e-01 8.616000000000000048e-02
1.617236180904522591e+00 8.300000000000000433e-02 2.595199999999999729e-01 7.263399999999999856e-01 1.005299999999999944e-01
1.717688442211055211e+00 8.100000000000000255e-02 2.646600000000000064e-01 7.191100000000000270e-01 1.030299999999999966e-01
1.818140703517587831e+00 7.799999999999999989e-02 2.693900000000000183e-01 7.058900000000000174e-01 1.066600000000000048e-01
1.918592964824120672e+00 7.699999999999999900e-02 2.734900000000000109e-01 6.997900000000000231e-01 1.115499999999999964e-01
2.019045226130653070e+00 7.599999999999999811e-02 2.787999999999999923e-01 7.014599999999999724e-01 1.204299999999999954e-01
2.119497487437185690e+00 7.299999999999999545e-02 2.749099999999999877e-01 6.625100000000000433e-01 1.229500000000000037e-01
2.219949748743718310e+00 6.099999999999999867e-02 2.362100000000000033e-01 6.655400000000000205e-01 9.703000000000000513e-02
2.320402010050250929e+00 6.099999999999999867e-02 2.154600000000000126e-01 7.230400000000000160e-01 8.275000000000000411e-02
2.420854271356783549e+00 1.209999999999999964e-01 5.326499999999999568e-01 5.826299999999999812e-01 3.333599999999999897e-01
2.521306532663316169e+00 1.209999999999999964e-01 5.403900000000000370e-01 5.863599999999999923e-01 3.376700000000000257e-01
2.621758793969848789e+00 1.209999999999999964e-01 5.469500000000000473e-01 5.888200000000000101e-01 3.412899999999999823e-01
2.722211055276381853e+00 1.209999999999999964e-01 5.538499999999999535e-01 5.913300000000000223e-01 3.458100000000000063e-01
2.822663316582914472e+00 1.209999999999999964e-01 5.606499999999999817e-01 5.934800000000000075e-01 3.507100000000000217e-01
2.923115577889447092e+00 1.209999999999999964e-01 5.667499999999999760e-01 5.952199999999999713e-01 3.550499999999999767e-01
3.023567839195979712e+00 1.219999999999999973e-01 5.722300000000000164e-01 5.968700000000000117e-01 3.587099999999999733e-01
3.124020100502512332e+00 1.219999999999999973e-01 5.771800000000000264e-01 5.982600000000000140e-01 3.619899999999999785e-01
3.224472361809044951e+00 1.219999999999999973e-01 5.817999999999999838e-01 5.994199999999999529e-01 3.650599999999999956e-01
3.324924623115577571e+00 1.219999999999999973e-01 5.858700000000000019e-01 6.004199999999999537e-01 3.677599999999999758e-01
3.425376884422110191e+00 1.219999999999999973e-01 5.880600000000000271e-01 6.020199999999999996e-01 3.691999999999999726e-01
3.525829145728642811e+00 9.600000000000000200e-02 4.756299999999999972e-01 6.675200000000000022e-01 2.828800000000000203e-01
3.626281407035175430e+00 9.600000000000000200e-02 4.768100000000000116e-01 6.659399999999999764e-01 2.843999999999999861e-01
3.726733668341708050e+00 9.600000000000000200e-02 4.779100000000000015e-01 6.645400000000000196e-01 2.858399999999999830e-01
3.827185929648241114e+00 9.600000000000000200e-02 4.789300000000000224e-01 6.631700000000000372e-01 2.872000000000000108e-01
3.927638190954773734e+00 9.600000000000000200e-02 4.806300000000000017e-01 6.622000000000000108e-01 2.897799999999999820e-01
4.028090452261306353e+00 9.600000000000000200e-02 4.821099999999999830e-01 6.610200000000000520e-01 2.920200000000000018e-01
4.128542713567838973e+00 9.600000000000000200e-02 4.836699999999999888e-01 6.596800000000000441e-01 2.944599999999999995e-01
4.228994974874371593e+00 1.219999999999999973e-01 6.024500000000000410e-01 6.113699999999999690e-01 3.796599999999999975e-01
4.329447236180904213e+00 1.219999999999999973e-01 6.037200000000000344e-01 6.136399999999999633e-01 3.812099999999999933e-01
4.429899497487436832e+00 1.209999999999999964e-01 6.050600000000000422e-01 6.156899999999999595e-01 3.829199999999999826e-01
4.530351758793969452e+00 1.209999999999999964e-01 6.065000000000000391e-01 6.174500000000000544e-01 3.847800000000000109e-01
4.630804020100502072e+00 1.209999999999999964e-01 6.078799999999999759e-01 6.190200000000000147e-01 3.865700000000000247e-01
4.731256281407034692e+00 1.209999999999999964e-01 6.091600000000000348e-01 6.205199999999999605e-01 3.882599999999999940e-01
4.831708542713567311e+00 1.209999999999999964e-01 6.101799999999999446e-01 6.222999999999999643e-01 3.896999999999999909e-01
4.932160804020099931e+00 1.209999999999999964e-01 6.109799999999999676e-01 6.245399999999999840e-01 3.913599999999999857e-01
5.032613065326632551e+00 1.209999999999999964e-01 6.120799999999999574e-01 6.264499999999999513e-01 3.932700000000000085e-01
5.133065326633165171e+00 1.209999999999999964e-01 6.131799999999999473e-01 6.282200000000000006e-01 3.951200000000000268e-01
5.233517587939697790e+00 1.199999999999999956e-01 6.141699999999999937e-01 6.299599999999999644e-01 3.968200000000000061e-01
5.333969849246230410e+00 1.199999999999999956e-01 6.150799999999999601e-01 6.321400000000000352e-01 3.980799999999999894e-01
5.434422110552763918e+00 1.199999999999999956e-01 6.160299999999999665e-01 6.342100000000000515e-01 3.992999999999999883e-01
5.534874371859296538e+00 1.199999999999999956e-01 6.167500000000000204e-01 6.363999999999999657e-01 4.001700000000000257e-01
5.635326633165829158e+00 1.199999999999999956e-01 6.174500000000000544e-01 6.384999999999999565e-01 4.010000000000000231e-01
5.735778894472361777e+00 1.199999999999999956e-01 6.182100000000000373e-01 6.405499999999999527e-01 4.018900000000000250e-01
5.836231155778894397e+00 1.199999999999999956e-01 6.192100000000000382e-01 6.424800000000000511e-01 4.030599999999999739e-01
5.936683417085427017e+00 1.199999999999999956e-01 6.204800000000000315e-01 6.441500000000000004e-01 4.045400000000000107e-01
6.037135678391959637e+00 1.199999999999999956e-01 6.217300000000000049e-01 6.457600000000000007e-01 4.059900000000000175e-01
6.137587939698492256e+00 1.189999999999999947e-01 6.229500000000000037e-01 6.473299999999999610e-01 4.073700000000000099e-01
6.238040201005024876e+00 1.189999999999999947e-01 6.242499999999999716e-01 6.489099999999999868e-01 4.083999999999999853e-01
6.338492462311557496e+00 1.189999999999999947e-01 6.256300000000000194e-01 6.497800000000000242e-01 4.094999999999999751e-01
6.438944723618090116e+00 1.189999999999999947e-01 6.270000000000000018e-01 6.505800000000000471e-01 4.106000000000000205e-01
6.539396984924622735e+00 1.189999999999999947e-01 6.283400000000000096e-01 6.513799999999999590e-01 4.116699999999999804e-01
6.639849246231155355e+00 1.189999999999999947e-01 6.291200000000000125e-01 6.525100000000000344e-01 4.123800000000000243e-01
6.740301507537687975e+00 1.189999999999999947e-01 6.297199999999999465e-01 6.535199999999999898e-01 4.129200000000000093e-01
6.840753768844220595e+00 1.189999999999999947e-01 6.301999999999999824e-01 6.544499999999999762e-01 4.133700000000000152e-01
6.941206030150753215e+00 1.189999999999999947e-01 6.304400000000000004e-01 6.554799999999999516e-01 4.138299999999999756e-01
7.041658291457285834e+00 1.189999999999999947e-01 6.306899999999999729e-01 6.565100000000000380e-01 4.143000000000000016e-01
7.142110552763818454e+00 1.189999999999999947e-01 6.308899999999999508e-01 6.576199999999999823e-01 4.147199999999999775e-01
7.242562814070351074e+00 1.189999999999999947e-01 6.310999999999999943e-01 6.586899999999999977e-01 4.151599999999999735e-01
7.343015075376883694e+00 1.189999999999999947e-01 6.309000000000000163e-01 6.599500000000000366e-01 4.152399999999999980e-01
7.443467336683416313e+00 1.179999999999999938e-01 6.308399999999999563e-01 6.612400000000000500e-01 4.154999999999999805e-01
7.543919597989949821e+00 1.179999999999999938e-01 6.309000000000000163e-01 6.626199999999999868e-01 4.158200000000000229e-01
7.644371859296482441e+00 1.179999999999999938e-01 6.310200000000000253e-01 6.640599999999999836e-01 4.161500000000000199e-01
7.744824120603015061e+00 1.179999999999999938e-01 6.310599999999999543e-01 6.656999999999999584e-01 4.163100000000000134e-01
7.845276381909547680e+00 1.179999999999999938e-01 6.310299999999999798e-01 6.674600000000000533e-01 4.163200000000000234e-01
7.945728643216080300e+00 1.179999999999999938e-01 6.311799999999999633e-01 6.691399999999999570e-01 4.164399999999999769e-01
8.046180904522612920e+00 1.179999999999999938e-01 6.311999999999999833e-01 6.711200000000000498e-01 4.163100000000000134e-01
8.146633165829145540e+00 1.179999999999999938e-01 6.310700000000000198e-01 6.735200000000000076e-01 4.162000000000000144e-01
8.247085427135678160e+00 1.170000000000000068e-01 6.309700000000000308e-01 6.759699999999999598e-01 4.162399999999999989e-01
8.347537688442210779e+00 1.170000000000000068e-01 6.309000000000000163e-01 6.783599999999999630e-01 4.163100000000000134e-01
8.447989949748743399e+00 1.170000000000000068e-01 6.308399999999999563e-01 6.807900000000000063e-01 4.163700000000000179e-01
8.548442211055276019e+00 1.170000000000000068e-01 6.308000000000000274e-01 6.830899999999999750e-01 4.165200000000000014e-01
8.648894472361808639e+00 1.170000000000000068e-01 6.307199999999999473e-01 6.854799999999999782e-01 4.167199999999999793e-01
8.749346733668341258e+00 1.170000000000000068e-01 6.306699999999999529e-01 6.878600000000000270e-01 4.169399999999999773e-01
8.849798994974873878e+00 1.170000000000000068e-01 6.306000000000000494e-01 6.901899999999999702e-01 4.170900000000000163e-01
8.950251256281406498e+00 1.170000000000000068e-01 6.303699999999999859e-01 6.926499999999999879e-01 4.171400000000000108e-01
9.050703517587939118e+00 1.160000000000000059e-01 6.298700000000000410e-01 6.953399999999999581e-01 4.171699999999999853e-01
9.151155778894471737e+00 1.160000000000000059e-01 6.293900000000000050e-01 6.980699999999999683e-01 4.172100000000000253e-01
9.251608040201004357e+00 1.160000000000000059e-01 6.289299999999999891e-01 7.007100000000000550e-01 4.172600000000000198e-01
9.352060301507536977e+00 1.160000000000000059e-01 6.283800000000000496e-01 7.031500000000000528e-01 4.171599999999999753e-01
9.452512562814069597e+00 1.160000000000000059e-01 6.278099999999999792e-01 7.057099999999999485e-01 4.170200000000000018e-01
9.552964824120602216e+00 1.160000000000000059e-01 6.272100000000000453e-01 7.083800000000000097e-01 4.168399999999999883e-01
9.653417085427134836e+00 1.160000000000000059e-01 6.268399999999999528e-01 7.108400000000000274e-01 4.169100000000000028e-01
9.753869346733667456e+00 1.160000000000000059e-01 6.266500000000000403e-01 7.132300000000000306e-01 4.170900000000000163e-01
9.854321608040200076e+00 1.150000000000000050e-01 6.266199999999999548e-01 7.154899999999999594e-01 4.173600000000000088e-01
9.954773869346732695e+00 1.150000000000000050e-01 6.266100000000000003e-01 7.177000000000000046e-01 4.176400000000000112e-01
1.005522613065326532e+01 1.150000000000000050e-01 6.265899999999999803e-01 7.198900000000000299e-01 4.178999999999999937e-01
1.015567839195979793e+01 1.150000000000000050e-01 6.266300000000000203e-01 7.219799999999999551e-01 4.182100000000000262e-01
1.025613065326633055e+01 1.150000000000000050e-01 6.266699999999999493e-01 7.240499999999999714e-01 4.185099999999999931e-01
1.035658291457286317e+01 1.150000000000000050e-01 6.267399999999999638e-01 7.260100000000000442e-01 4.188200000000000256e-01
1.045703517587939579e+01 1.150000000000000050e-01 6.268200000000000438e-01 7.279999999999999805e-01 4.191400000000000126e-01
1.055748743718592841e+01 1.150000000000000050e-01 6.268799999999999928e-01 7.300299999999999567e-01 4.194800000000000195e-01
1.065793969849246103e+01 1.150000000000000050e-01 6.269299999999999873e-01 7.320200000000000040e-01 4.197899999999999965e-01
1.075839195979899543e+01 1.150000000000000050e-01 6.269799999999999818e-01 7.340200000000000058e-01 4.201099999999999834e-01
1.085884422110552805e+01 1.140000000000000041e-01 6.270000000000000018e-01 7.360900000000000221e-01 4.204200000000000159e-01
1.095929648241206067e+01 1.140000000000000041e-01 6.270099999999999563e-01 7.381199999999999983e-01 4.207199999999999829e-01
1.105974874371859329e+01 1.140000000000000041e-01 6.270200000000000218e-01 7.401400000000000201e-01 4.209999999999999853e-01
1.116020100502512591e+01 1.140000000000000041e-01 6.270599999999999508e-01 7.420799999999999619e-01 4.213000000000000078e-01
1.126065326633165853e+01 1.140000000000000041e-01 6.271099999999999453e-01 7.439299999999999802e-01 4.216099999999999848e-01
1.136110552763819115e+01 1.140000000000000041e-01 6.271799999999999597e-01 7.457700000000000440e-01 4.219300000000000272e-01
1.146155778894472377e+01 1.140000000000000041e-01 6.272299999999999542e-01 7.477500000000000258e-01 4.221099999999999852e-01
1.156201005025125639e+01 1.140000000000000041e-01 6.272799999999999487e-01 7.498000000000000220e-01 4.223000000000000087e-01
1.166246231155778901e+01 1.140000000000000041e-01 6.271799999999999597e-01 7.519299999999999873e-01 4.224200000000000177e-01
1.176291457286432163e+01 1.140000000000000041e-01 6.271400000000000308e-01 7.539799999999999836e-01 4.225900000000000212e-01
1.186336683417085425e+01 1.140000000000000041e-01 6.269900000000000473e-01 7.561200000000000143e-01 4.227400000000000047e-01
1.196381909547738687e+01 1.130000000000000032e-01 6.267700000000000493e-01 7.583299999999999486e-01 4.228600000000000136e-01
1.206427135678391949e+01 1.130000000000000032e-01 6.266699999999999493e-01 7.605600000000000138e-01 4.230700000000000016e-01
1.216472361809045211e+01 1.130000000000000032e-01 6.265800000000000258e-01 7.627800000000000136e-01 4.232899999999999996e-01
1.226517587939698473e+01 1.130000000000000032e-01 6.265699999999999603e-01 7.648700000000000498e-01 4.235499999999999821e-01
1.236562814070351735e+01 1.130000000000000032e-01 6.265399999999999858e-01 7.669700000000000406e-01 4.238000000000000100e-01
1.246608040201004997e+01 1.130000000000000032e-01 6.264300000000000423e-01 7.692299999999999693e-01 4.239800000000000235e-01
1.256653266331658259e+01 1.130000000000000032e-01 6.263900000000000023e-01 7.713200000000000056e-01 4.242000000000000215e-01
1.266698492462311521e+01 1.130000000000000032e-01 6.263100000000000334e-01 7.733400000000000274e-01 4.243700000000000250e-01
1.276743718592964782e+01 1.130000000000000032e-01 6.262299999999999534e-01 7.752499999999999947e-01 4.245399999999999729e-01
1.286788944723618044e+01 1.130000000000000032e-01 6.261999999999999789e-01 7.770799999999999930e-01 4.247400000000000064e-01
1.296834170854271306e+01 1.130000000000000032e-01 6.261600000000000499e-01 7.788899999999999713e-01 4.249200000000000199e-01
1.306879396984924568e+01 1.130000000000000032e-01 6.259200000000000319e-01 7.809199999999999475e-01 4.249999999999999889e-01
1.316924623115577830e+01 1.120000000000000023e-01 6.251100000000000545e-01 7.831500000000000128e-01 4.248000000000000109e-01
1.326969849246231092e+01 1.120000000000000023e-01 6.242199999999999971e-01 7.855799999999999450e-01 4.245900000000000230e-01
1.337015075376884354e+01 1.120000000000000023e-01 6.232900000000000107e-01 7.881799999999999917e-01 4.244200000000000195e-01
1.347060301507537616e+01 1.120000000000000023e-01 6.223800000000000443e-01 7.907300000000000439e-01 4.242400000000000060e-01
1.357105527638190878e+01 1.120000000000000023e-01 6.211999999999999744e-01 7.936600000000000321e-01 4.238600000000000145e-01
1.367150753768844140e+01 1.120000000000000023e-01 6.193600000000000216e-01 7.973799999999999777e-01 4.229600000000000026e-01
1.377195979899497402e+01 1.120000000000000023e-01 6.172199999999999909e-01 8.013799999999999812e-01 4.218399999999999928e-01
1.387241206030150664e+01 1.110000000000000014e-01 6.143999999999999462e-01 8.061399999999999677e-01 4.202600000000000224e-01
1.397286432160803926e+01 1.110000000000000014e-01 6.062800000000000411e-01 8.180199999999999694e-01 4.155400000000000205e-01
1.407331658291457188e+01 1.559999999999999998e-01 7.665899999999999936e-01 6.208000000000000185e-01 6.205899999999999750e-01
1.417376884422110450e+01 1.559999999999999998e-01 7.676600000000000090e-01 6.200700000000000101e-01 6.219200000000000284e-01
1.427422110552763712e+01 1.559999999999999998e-01 7.687199999999999589e-01 6.193600000000000216e-01 6.232400000000000162e-01
1.437467336683416974e+01 1.559999999999999998e-01 7.697699999999999543e-01 6.186800000000000077e-01 6.245500000000000496e-01
1.447512562814070236e+01 1.559999999999999998e-01 7.707899999999999752e-01 6.179799999999999738e-01 6.258099999999999774e-01
1.457557788944723498e+01 1.559999999999999998e-01 7.717899999999999761e-01 6.173100000000000254e-01 6.270599999999999508e-01
1.467603015075376760e+01 1.559999999999999998e-01 7.727800000000000225e-01 6.166399999999999659e-01 6.282999999999999696e-01
1.477648241206030022e+01 1.559999999999999998e-01 7.737699999999999578e-01 6.159799999999999720e-01 6.295399999999999885e-01
1.487693467336683284e+01 1.559999999999999998e-01 7.747399999999999842e-01 6.152900000000000036e-01 6.307500000000000329e-01
1.497738693467336546e+01 1.559999999999999998e-01 7.757500000000000506e-01 6.146000000000000352e-01 6.320099999999999607e-01
1.507783919597989986e+01 1.559999999999999998e-01 7.767100000000000115e-01 6.139200000000000212e-01 6.331999999999999851e-01
1.517829145728643248e+01 1.559999999999999998e-01 7.776600000000000179e-01 6.132600000000000273e-01 6.343900000000000095e-01
1.527874371859296510e+01 1.559999999999999998e-01 7.786100000000000243e-01 6.125899999999999679e-01 6.355600000000000138e-01
1.537919597989949771e+01 1.559999999999999998e-01 7.795699999999999852e-01 6.119200000000000195e-01 6.367500000000000382e-01
1.547964824120603033e+01 1.559999999999999998e-01 7.805600000000000316e-01 6.112600000000000255e-01 6.379599999999999715e-01
1.558010050251256295e+01 1.559999999999999998e-01 7.815299999999999470e-01 6.106099999999999861e-01 6.391599999999999504e-01
1.568055276381909557e+01 1.559999999999999998e-01 7.824499999999999789e-01 6.099700000000000122e-01 6.402999999999999803e-01
1.578100502512562819e+01 1.559999999999999998e-01 7.832599999999999563e-01 6.094100000000000072e-01 6.412799999999999612e-01
1.588145728643216081e+01 1.559999999999999998e-01 7.839000000000000412e-01 6.088900000000000423e-01 6.420500000000000096e-01
1.598190954773869343e+01 1.559999999999999998e-01 7.845600000000000351e-01 6.083800000000000319e-01 6.428399999999999670e-01
1.608236180904522783e+01 1.559999999999999998e-01 7.851700000000000346e-01 6.078900000000000414e-01 6.435899999999999954e-01
1.618281407035176045e+01 1.559999999999999998e-01 7.858100000000000085e-01 6.074000000000000510e-01 6.443499999999999783e-01
1.628326633165829307e+01 1.549999999999999989e-01 7.864100000000000534e-01 6.068999999999999950e-01 6.450700000000000323e-01
1.638371859296482569e+01 1.549999999999999989e-01 7.870300000000000074e-01 6.064300000000000246e-01 6.458199999999999497e-01
1.648417085427135831e+01 1.549999999999999989e-01 7.876100000000000323e-01 6.059600000000000541e-01 6.465199999999999836e-01
1.658462311557789093e+01 1.549999999999999989e-01 7.881700000000000372e-01 6.055000000000000382e-01 6.471999999999999975e-01
1.668507537688442355e+01 1.549999999999999989e-01 7.889100000000000001e-01 6.050799999999999512e-01 6.480799999999999894e-01
1.678552763819095617e+01 1.549999999999999989e-01 7.896499999999999631e-01 6.047000000000000153e-01 6.489599999999999813e-01
1.688597989949748879e+01 1.549999999999999989e-01 7.903799999999999715e-01 6.042999999999999483e-01 6.498300000000000187e-01
1.698643216080402141e+01 1.549999999999999989e-01 7.910899999999999599e-01 6.038999999999999924e-01 6.506899999999999906e-01
1.708688442211055403e+01 1.549999999999999989e-01 7.918300000000000338e-01 6.034699999999999509e-01 6.515800000000000480e-01
1.718733668341708665e+01 1.549999999999999989e-01 7.925299999999999567e-01 6.030600000000000405e-01 6.524100000000000454e-01
1.728778894472361927e+01 1.549999999999999989e-01 7.932200000000000362e-01 6.026500000000000190e-01 6.532400000000000428e-01
1.738824120603015189e+01 1.549999999999999989e-01 7.939000000000000501e-01 6.022499999999999520e-01 6.540599999999999747e-01
1.748869346733668451e+01 1.549999999999999989e-01 7.947499999999999565e-01 6.019099999999999451e-01 6.550899999999999501e-01
1.758914572864321713e+01 1.549999999999999989e-01 7.955699999999999994e-01 6.015599999999999836e-01 6.560899999999999510e-01
1.768959798994974975e+01 1.549999999999999989e-01 7.963799999999999768e-01 6.012199999999999767e-01 6.570899999999999519e-01
1.779005025125628237e+01 1.549999999999999989e-01 7.971899999999999542e-01 6.008900000000000352e-01 6.580700000000000438e-01
1.789050251256281499e+01 1.549999999999999989e-01 7.980000000000000426e-01 6.005599999999999827e-01 6.590700000000000447e-01
1.799095477386934760e+01 1.549999999999999989e-01 7.987900000000000000e-01 6.002300000000000413e-01 6.600300000000000056e-01
1.809140703517588022e+01 1.549999999999999989e-01 7.995600000000000485e-01 5.999100000000000543e-01 6.609800000000000120e-01
1.819185929648241284e+01 1.549999999999999989e-01 8.003700000000000259e-01 5.996000000000000218e-01 6.619699999999999473e-01
1.829231155778894546e+01 1.549999999999999989e-01 8.010899999999999688e-01 5.993399999999999839e-01 6.628500000000000503e-01
1.839276381909547808e+01 1.549999999999999989e-01 8.018100000000000227e-01 5.990900000000000114e-01 6.637300000000000422e-01
1.849321608040201070e+01 1.549999999999999989e-01 8.026299999999999546e-01 5.988599999999999479e-01 6.647300000000000431e-01
1.859366834170854332e+01 1.549999999999999989e-01 8.034200000000000230e-01 5.986500000000000155e-01 6.656999999999999584e-01
1.869412060301507594e+01 1.549999999999999989e-01 8.042099999999999804e-01 5.984399999999999720e-01 6.666600000000000303e-01
1.879457286432160856e+01 1.549999999999999989e-01 8.049800000000000288e-01 5.982300000000000395e-01 6.676199999999999912e-01
1.889502512562814118e+01 1.549999999999999989e-01 8.057400000000000118e-01 5.980299999999999505e-01 6.685499999999999776e-01
1.899547738693467380e+01 1.549999999999999989e-01 8.064900000000000402e-01 5.977999999999999980e-01 6.694600000000000550e-01
1.909592964824120642e+01 1.549999999999999989e-01 8.072500000000000231e-01 5.976000000000000201e-01 6.703799999999999759e-01
1.919638190954773904e+01 1.549999999999999989e-01 8.079699999999999660e-01 5.973800000000000221e-01 6.712599999999999678e-01
1.929683417085427166e+01 1.549999999999999989e-01 8.086900000000000199e-01 5.971699999999999786e-01 6.721300000000000052e-01
1.939728643216080428e+01 1.549999999999999989e-01 8.094000000000000083e-01 5.969499999999999806e-01 6.729899999999999771e-01
1.949773869346733690e+01 1.549999999999999989e-01 8.101199999999999513e-01 5.967299999999999827e-01 6.738600000000000145e-01
1.959819095477386952e+01 1.549999999999999989e-01 8.108499999999999597e-01 5.964899999999999647e-01 6.747300000000000519e-01
1.969864321608040214e+01 1.549999999999999989e-01 8.115499999999999936e-01 5.962699999999999667e-01 6.755600000000000493e-01
1.979909547738693476e+01 1.549999999999999989e-01 8.122500000000000275e-01 5.960699999999999887e-01 6.763700000000000268e-01
1.989954773869346738e+01 1.549999999999999989e-01 8.129199999999999759e-01 5.958700000000000108e-01 6.771599999999999842e-01
2.000000000000000000e+01 1.549999999999999989e-01 8.135700000000000154e-01 5.956700000000000328e-01 6.779300000000000326e-01
