9.140703517587939197e-01 1.900000000000000022e-01 4.621999999999999720e-02 5.500599999999999934e-01 5.969999999999999613e-03
1.014522613065326651e+00 1.799999999999999933e-01 4.907000000000000250e-02 5.213700000000000001e-01 5.610000000000000403e-03
1.114974874371859270e+00 1.759999999999999898e-01 5.331999999999999934e-02 5.015399999999999858e-01 8.189999999999999364e-03
1.215427135678391890e+00 1.739999999999999880e-01 5.482999999999999680e-02 4.863199999999999745e-01 1.119999999999999989e-02
1.315879396984924510e+00 1.670000000000000095e-01 4.966999999999999887e-02 4.624099999999999877e-01 1.350999999999999944e-02
1.416331658291457352e+00 1.690000000000000113e-01 5.772999999999999660e-02 4.686000000000000165e-01 1.123999999999999999e-02
1.516783919597989971e+00 1.700000000000000122e-01 5.804999999999999744e-02 4.646100000000000230e-01 9.589999999999999566e-03
1.617236180904522591e+00 1.660000000000000087e-01 2.225199999999999956e-01 6.321799999999999642e-01 1.058499999999999996e-01
1.717688442211055211e+00 1.650000000000000078e-01 2.268900000000000083e-01 6.167700000000000404e-01 1.038199999999999956e-01
1.818140703517587831e+00 1.630000000000000060e-01 2.297700000000000020e-01 5.941699999999999759e-01 9.951000000000000123e-02
1.918592964824120672e+00 1.350000000000000089e-01 2.099999999999999922e-01 7.421600000000000419e-01 1.480499999999999872e-01
2.019045226130653070e+00 1.350000000000000089e-01 2.285200000000000009e-01 7.212899999999999867e-01 1.584299999999999875e-01
2.119497487437185690e+00 1.529999999999999971e-01 2.712600000000000011e-01 4.178899999999999837e-01 1.420399999999999996e-01
2.219949748743718310e+00 1.509999999999999953e-01 2.697800000000000198e-01 4.319999999999999951e-01 1.461899999999999866e-01
2.320402010050250929e+00 1.489999999999999936e-01 2.671899999999999831e-01 4.452800000000000091e-01 1.472199999999999898e-01
2.420854271356783549e+00 1.419999999999999873e-01 2.632099999999999995e-01 5.690300000000000358e-01 1.145100000000000007e-01
2.521306532663316169e+00 1.409999999999999865e-01 2.708999999999999742e-01 5.619499999999999496e-01 1.110000000000000014e-01
2.621758793969848789e+00 1.400000000000000133e-01 2.762999999999999901e-01 5.513700000000000268e-01 1.058899999999999980e-01
2.722211055276381853e+00 1.390000000000000124e-01 2.747800000000000242e-01 5.353200000000000180e-01 9.897999999999999854e-02
2.822663316582914472e+00 1.390000000000000124e-01 2.749900000000000122e-01 5.277800000000000269e-01 9.783000000000000029e-02
2.923115577889447092e+00 1.390000000000000124e-01 2.761199999999999766e-01 5.230299999999999949e-01 9.815999999999999726e-02
3.023567839195979712e+00 1.380000000000000115e-01 2.771399999999999975e-01 5.160500000000000087e-01 9.772999999999999743e-02
3.124020100502512332e+00 1.360000000000000098e-01 2.721299999999999830e-01 4.953500000000000125e-01 1.014100000000000001e-01
3.224472361809044951e+00 5.700000000000000205e-02 1.729100000000000081e-01 6.981199999999999628e-01 1.135499999999999982e-01
3.324924623115577571e+00 5.700000000000000205e-02 1.787499999999999922e-01 7.014399999999999524e-01 1.191600000000000020e-01
3.425376884422110191e+00 5.800000000000000294e-02 1.846599999999999908e-01 7.042000000000000481e-01 1.248299999999999965e-01
3.525829145728642811e+00 5.800000000000000294e-02 1.901400000000000035e-01 7.067900000000000293e-01 1.300800000000000012e-01
3.626281407035175430e+00 5.800000000000000294e-02 1.954700000000000049e-01 7.092500000000000471e-01 1.351700000000000124e-01
3.726733668341708050e+00 5.800000000000000294e-02 2.037499999999999867e-01 7.127599999999999492e-01 1.431199999999999972e-01
3.827185929648241114e+00 5.800000000000000294e-02 2.113700000000000023e-01 7.159799999999999498e-01 1.504800000000000026e-01
3.927638190954773734e+00 5.899999999999999689e-02 2.155700000000000116e-01 7.185599999999999765e-01 1.544899999999999884e-01
4.028090452261306353e+00 5.899999999999999689e-02 2.193700000000000094e-01 7.209499999999999797e-01 1.580900000000000083e-01
4.128542713567838973e+00 5.899999999999999689e-02 2.244299999999999906e-01 7.237299999999999844e-01 1.629800000000000137e-01
4.228994974874371593e+00 5.899999999999999689e-02 2.312500000000000111e-01 7.270600000000000396e-01 1.697099999999999997e-01
4.329447236180904213e+00 5.999999999999999778e-02 2.344900000000000040e-01 7.286099999999999799e-01 1.722400000000000042e-01
4.429899497487436832e+00 5.999999999999999778e-02 2.379300000000000026e-01 7.300200000000000022e-01 1.749199999999999922e-01
4.530351758793969452e+00 5.999999999999999778e-02 2.412900000000000045e-01 7.312600000000000211e-01 1.775400000000000034e-01
4.630804020100502072e+00 7.499999999999999722e-02 2.858100000000000085e-01 4.909299999999999775e-01 1.484199999999999964e-01
4.731256281407034692e+00 1.270000000000000018e-01 2.846799999999999886e-01 4.535799999999999832e-01 8.155999999999999361e-02
4.831708542713567311e+00 1.270000000000000018e-01 2.889700000000000046e-01 4.545299999999999896e-01 7.914999999999999813e-02
4.932160804020099931e+00 6.099999999999999867e-02 2.425400000000000056e-01 7.340200000000000058e-01 1.778399999999999981e-01
5.032613065326632551e+00 6.099999999999999867e-02 2.373800000000000077e-01 7.350799999999999557e-01 1.718500000000000028e-01
5.133065326633165171e+00 6.099999999999999867e-02 2.376000000000000056e-01 7.355300000000000171e-01 1.717899999999999983e-01
5.233517587939697790e+00 6.099999999999999867e-02 2.378500000000000059e-01 7.359900000000000331e-01 1.717700000000000060e-01
5.333969849246230410e+00 6.099999999999999867e-02 2.382299999999999973e-01 7.360200000000000076e-01 1.718000000000000083e-01
5.434422110552763918e+00 6.099999999999999867e-02 2.378200000000000036e-01 7.358099999999999641e-01 1.709700000000000109e-01
5.534874371859296538e+00 6.099999999999999867e-02 2.370200000000000085e-01 7.352699999999999791e-01 1.696699999999999875e-01
5.635326633165829158e+00 6.199999999999999956e-02 2.359400000000000108e-01 7.347799999999999887e-01 1.681100000000000094e-01
5.735778894472361777e+00 6.199999999999999956e-02 2.357100000000000029e-01 7.349099999999999522e-01 1.674100000000000033e-01
5.836231155778894397e+00 6.199999999999999956e-02 2.361399999999999888e-01 7.352400000000000047e-01 1.674299999999999955e-01
5.936683417085427017e+00 6.199999999999999956e-02 2.361699999999999910e-01 7.356800000000000006e-01 1.670999999999999985e-01
6.037135678391959637e+00 6.199999999999999956e-02 2.361900000000000110e-01 7.361600000000000366e-01 1.667899999999999938e-01
6.137587939698492256e+00 6.199999999999999956e-02 2.361399999999999888e-01 7.366300000000000070e-01 1.664100000000000024e-01
6.238040201005024876e+00 6.199999999999999956e-02 2.365700000000000025e-01 7.367899999999999450e-01 1.664400000000000046e-01
6.338492462311557496e+00 6.199999999999999956e-02 2.369199999999999917e-01 7.369799999999999685e-01 1.663900000000000101e-01
6.438944723618090116e+00 1.409999999999999865e-01 7.401799999999999491e-01 4.358500000000000152e-01 3.543799999999999728e-01
6.539396984924622735e+00 1.409999999999999865e-01 7.398200000000000331e-01 4.347799999999999998e-01 3.536299999999999999e-01
6.639849246231155355e+00 1.409999999999999865e-01 7.425599999999999978e-01 4.345600000000000018e-01 3.556799999999999962e-01
6.740301507537687975e+00 1.419999999999999873e-01 7.456399999999999695e-01 4.344299999999999828e-01 3.581500000000000239e-01
6.840753768844220595e+00 1.419999999999999873e-01 7.484499999999999487e-01 4.343000000000000194e-01 3.604399999999999826e-01
6.941206030150753215e+00 1.419999999999999873e-01 7.498200000000000420e-01 4.342900000000000094e-01 3.612799999999999900e-01
7.041658291457285834e+00 1.419999999999999873e-01 7.505699999999999594e-01 4.342699999999999894e-01 3.616699999999999915e-01
7.142110552763818454e+00 1.419999999999999873e-01 7.512199999999999989e-01 4.343299999999999939e-01 3.623999999999999999e-01
7.242562814070351074e+00 1.419999999999999873e-01 7.517200000000000548e-01 4.343699999999999783e-01 3.630900000000000238e-01
7.343015075376883694e+00 1.419999999999999873e-01 7.520700000000000163e-01 4.341900000000000204e-01 3.642099999999999782e-01
7.443467336683416313e+00 1.419999999999999873e-01 7.528099999999999792e-01 4.339999999999999969e-01 3.657799999999999940e-01
7.543919597989949821e+00 1.419999999999999873e-01 7.538599999999999746e-01 4.339500000000000024e-01 3.676699999999999968e-01
7.644371859296482441e+00 1.419999999999999873e-01 7.548700000000000410e-01 4.339100000000000179e-01 3.695899999999999741e-01
7.744824120603015061e+00 1.419999999999999873e-01 7.564300000000000468e-01 4.344700000000000228e-01 3.707900000000000085e-01
7.845276381909547680e+00 1.409999999999999865e-01 7.584400000000000031e-01 4.355999999999999872e-01 3.710899999999999754e-01
7.945728643216080300e+00 1.409999999999999865e-01 7.599599999999999689e-01 4.365200000000000191e-01 3.713000000000000189e-01
8.046180904522612920e+00 1.409999999999999865e-01 7.605100000000000193e-01 4.375700000000000145e-01 3.710600000000000009e-01
8.146633165829145540e+00 1.409999999999999865e-01 7.604699999999999793e-01 4.388000000000000234e-01 3.706999999999999740e-01
8.247085427135678160e+00 1.409999999999999865e-01 7.603199999999999958e-01 4.400499999999999967e-01 3.704700000000000215e-01
8.347537688442210779e+00 1.409999999999999865e-01 7.600400000000000489e-01 4.412200000000000011e-01 3.701300000000000145e-01
8.447989949748743399e+00 1.409999999999999865e-01 7.596199999999999619e-01 4.423099999999999810e-01 3.695999999999999841e-01
8.548442211055276019e+00 1.409999999999999865e-01 7.589200000000000390e-01 4.432099999999999929e-01 3.691099999999999937e-01
8.648894472361808639e+00 1.409999999999999865e-01 7.584400000000000031e-01 4.440999999999999948e-01 3.687300000000000022e-01
8.749346733668341258e+00 1.400000000000000133e-01 7.578799999999999981e-01 4.449400000000000022e-01 3.682199999999999918e-01
8.849798994974873878e+00 1.400000000000000133e-01 7.574300000000000477e-01 4.456899999999999751e-01 3.679100000000000148e-01
8.950251256281406498e+00 1.400000000000000133e-01 7.573499999999999677e-01 4.463300000000000045e-01 3.678199999999999803e-01
9.050703517587939118e+00 1.400000000000000133e-01 7.574600000000000222e-01 4.469799999999999884e-01 3.674299999999999788e-01
9.151155778894471737e+00 1.400000000000000133e-01 7.575699999999999656e-01 4.475899999999999879e-01 3.670499999999999874e-01
9.251608040201004357e+00 1.400000000000000133e-01 7.575600000000000112e-01 4.481899999999999773e-01 3.665399999999999769e-01
9.352060301507536977e+00 1.400000000000000133e-01 7.573800000000000532e-01 4.490299999999999847e-01 3.656599999999999850e-01
9.452512562814069597e+00 1.400000000000000133e-01 7.571799999999999642e-01 4.499199999999999866e-01 3.649200000000000221e-01
9.552964824120602216e+00 1.400000000000000133e-01 7.570700000000000207e-01 4.508099999999999885e-01 3.644499999999999962e-01
9.653417085427134836e+00 1.400000000000000133e-01 7.569299999999999917e-01 4.516499999999999959e-01 3.639299999999999757e-01
9.753869346733667456e+00 1.400000000000000133e-01 7.566500000000000448e-01 4.523499999999999743e-01 3.635399999999999743e-01
9.854321608040200076e+00 1.390000000000000124e-01 7.563299999999999468e-01 4.527900000000000258e-01 3.633299999999999863e-01
9.954773869346732695e+00 1.390000000000000124e-01 7.559399999999999453e-01 4.531700000000000172e-01 3.630800000000000138e-01
1.005522613065326532e+01 1.390000000000000124e-01 7.557399999999999674e-01 4.536299999999999777e-01 3.628600000000000159e-01
1.015567839195979793e+01 1.390000000000000124e-01 7.559799999999999853e-01 4.541899999999999826e-01 3.630399999999999738e-01
1.025613065326633055e+01 1.390000000000000124e-01 7.561299999999999688e-01 4.547200000000000131e-01 3.631699999999999928e-01
1.035658291457286317e+01 1.390000000000000124e-01 7.559500000000000108e-01 4.551200000000000245e-01 3.632500000000000173e-01
1.045703517587939579e+01 1.390000000000000124e-01 7.556399999999999784e-01 4.552599999999999980e-01 3.637900000000000023e-01
1.055748743718592841e+01 1.390000000000000124e-01 7.553100000000000369e-01 4.552399999999999780e-01 3.647699999999999831e-01
1.065793969849246103e+01 1.390000000000000124e-01 7.549599999999999644e-01 4.552200000000000135e-01 3.656800000000000050e-01
1.075839195979899543e+01 1.390000000000000124e-01 7.543400000000000105e-01 4.551600000000000090e-01 3.664799999999999724e-01
1.085884422110552805e+01 1.390000000000000124e-01 7.536300000000000221e-01 4.550799999999999845e-01 3.672099999999999809e-01
1.095929648241206067e+01 1.390000000000000124e-01 7.530900000000000372e-01 4.548900000000000166e-01 3.679600000000000093e-01
1.105974874371859329e+01 1.390000000000000124e-01 7.525600000000000067e-01 4.547100000000000031e-01 3.686400000000000232e-01
1.116020100502512591e+01 1.390000000000000124e-01 7.517399999999999638e-01 4.544199999999999906e-01 3.691900000000000182e-01
1.126065326633165853e+01 1.390000000000000124e-01 7.509700000000000264e-01 4.541499999999999981e-01 3.697199999999999931e-01
1.136110552763819115e+01 1.390000000000000124e-01 7.501299999999999635e-01 4.537499999999999867e-01 3.702099999999999835e-01
1.146155778894472377e+01 1.390000000000000124e-01 7.499200000000000310e-01 4.536800000000000277e-01 3.710600000000000009e-01
1.156201005025125639e+01 1.390000000000000124e-01 7.510099999999999554e-01 4.537300000000000222e-01 3.733899999999999997e-01
1.166246231155778901e+01 1.390000000000000124e-01 7.521099999999999453e-01 4.538099999999999912e-01 3.758099999999999774e-01
1.176291457286432163e+01 1.390000000000000124e-01 7.532100000000000461e-01 4.538699999999999957e-01 3.781900000000000261e-01
1.186336683417085425e+01 1.390000000000000124e-01 7.541099999999999470e-01 4.539500000000000202e-01 3.802099999999999924e-01
1.196381909547738687e+01 1.390000000000000124e-01 7.545899999999999830e-01 4.539000000000000257e-01 3.820399999999999907e-01
1.206427135678391949e+01 1.390000000000000124e-01 7.547899999999999610e-01 4.538099999999999912e-01 3.836800000000000210e-01
1.216472361809045211e+01 1.390000000000000124e-01 7.550099999999999589e-01 4.537499999999999867e-01 3.852499999999999813e-01
1.226517587939698473e+01 1.390000000000000124e-01 7.554300000000000459e-01 4.536000000000000032e-01 3.870000000000000107e-01
1.236562814070351735e+01 1.390000000000000124e-01 7.558700000000000419e-01 4.535000000000000142e-01 3.886700000000000155e-01
1.246608040201004997e+01 1.390000000000000124e-01 7.563499999999999668e-01 4.535199999999999787e-01 3.903900000000000148e-01
1.256653266331658259e+01 1.390000000000000124e-01 7.568700000000000427e-01 4.535000000000000142e-01 3.921399999999999886e-01
1.266698492462311521e+01 1.390000000000000124e-01 7.576899999999999746e-01 4.528599999999999848e-01 3.943999999999999728e-01
1.276743718592964782e+01 1.390000000000000124e-01 7.584499999999999575e-01 4.521600000000000064e-01 3.966100000000000181e-01
1.286788944723618044e+01 1.390000000000000124e-01 7.592299999999999605e-01 4.515199999999999769e-01 3.987399999999999833e-01
1.296834170854271306e+01 1.390000000000000124e-01 7.599599999999999689e-01 4.509000000000000230e-01 4.007399999999999851e-01
1.306879396984924568e+01 1.390000000000000124e-01 7.609000000000000208e-01 4.502399999999999736e-01 4.031100000000000239e-01
1.316924623115577830e+01 1.390000000000000124e-01 7.624100000000000321e-01 4.493300000000000072e-01 4.062600000000000100e-01
1.326969849246231092e+01 1.390000000000000124e-01 7.637599999999999945e-01 4.485199999999999743e-01 4.092799999999999772e-01
1.337015075376884354e+01 1.390000000000000124e-01 7.647000000000000464e-01 4.476600000000000024e-01 4.123700000000000143e-01
1.347060301507537616e+01 1.390000000000000124e-01 7.654999999999999583e-01 4.467200000000000060e-01 4.154999999999999805e-01
1.357105527638190878e+01 1.390000000000000124e-01 7.662499999999999867e-01 4.456800000000000206e-01 4.187600000000000211e-01
1.367150753768844140e+01 1.390000000000000124e-01 7.675400000000000000e-01 4.448500000000000232e-01 4.222600000000000242e-01
1.377195979899497402e+01 1.390000000000000124e-01 7.688899999999999624e-01 4.440799999999999748e-01 4.259600000000000053e-01
1.387241206030150664e+01 1.390000000000000124e-01 7.700099999999999723e-01 4.432200000000000029e-01 4.299799999999999733e-01
1.397286432160803926e+01 1.390000000000000124e-01 7.732799999999999674e-01 4.420399999999999885e-01 4.382199999999999984e-01
1.407331658291457188e+01 1.320000000000000062e-01 6.183000000000000301e-02 2.332500000000000129e-01 2.197999999999999954e-02
1.417376884422110450e+01 1.320000000000000062e-01 6.300999999999999657e-02 2.329299999999999982e-01 2.236000000000000140e-02
1.427422110552763712e+01 1.320000000000000062e-01 6.418000000000000094e-02 2.326799999999999979e-01 2.273000000000000020e-02
1.437467336683416974e+01 1.320000000000000062e-01 6.532000000000000306e-02 2.324199999999999877e-01 2.312000000000000166e-02
1.447512562814070236e+01 1.320000000000000062e-01 6.644999999999999518e-02 2.321900000000000075e-01 2.349000000000000046e-02
1.457557788944723498e+01 1.320000000000000062e-01 6.744999999999999607e-02 2.320000000000000118e-01 2.384000000000000008e-02
1.467603015075376760e+01 1.320000000000000062e-01 6.843000000000000471e-02 2.317599999999999938e-01 2.419999999999999929e-02
1.477648241206030022e+01 1.320000000000000062e-01 6.941999999999999560e-02 2.315200000000000036e-01 2.454999999999999891e-02
1.487693467336683284e+01 1.320000000000000062e-01 7.037999999999999812e-02 2.313099999999999878e-01 2.489999999999999852e-02
1.497738693467336546e+01 1.320000000000000062e-01 7.131999999999999451e-02 2.310899999999999899e-01 2.522999999999999896e-02
1.507783919597989986e+01 1.320000000000000062e-01 7.224999999999999478e-02 2.309100000000000041e-01 2.554999999999999979e-02
1.517829145728643248e+01 1.320000000000000062e-01 7.316000000000000281e-02 2.307200000000000084e-01 2.586000000000000104e-02
1.527874371859296510e+01 1.320000000000000062e-01 7.407999999999999308e-02 2.305099999999999927e-01 2.615999999999999923e-02
1.537919597989949771e+01 1.320000000000000062e-01 7.502999999999999947e-02 2.302099999999999980e-01 2.648000000000000007e-02
1.547964824120603033e+01 1.320000000000000062e-01 7.598000000000000587e-02 2.298499999999999988e-01 2.680000000000000090e-02
1.558010050251256295e+01 1.320000000000000062e-01 7.689000000000000001e-02 2.295200000000000018e-01 2.710999999999999868e-02
1.568055276381909557e+01 1.320000000000000062e-01 7.778999999999999804e-02 2.292299999999999893e-01 2.739000000000000115e-02
1.578100502512562819e+01 1.320000000000000062e-01 7.867999999999999994e-02 2.288800000000000001e-01 2.767999999999999974e-02
1.588145728643216081e+01 1.330000000000000071e-01 7.946999999999999897e-02 2.286299999999999999e-01 2.791000000000000078e-02
1.598190954773869343e+01 1.320000000000000062e-01 8.046000000000000374e-02 2.285600000000000132e-01 2.818000000000000019e-02
1.608236180904522783e+01 1.320000000000000062e-01 8.136999999999999789e-02 2.284499999999999864e-01 2.841000000000000122e-02
1.618281407035176045e+01 1.320000000000000062e-01 8.228000000000000591e-02 2.282899999999999929e-01 2.863999999999999879e-02
1.628326633165829307e+01 1.320000000000000062e-01 8.322000000000000230e-02 2.280800000000000050e-01 2.886000000000000024e-02
1.638371859296482569e+01 1.320000000000000062e-01 8.412999999999999645e-02 2.278000000000000025e-01 2.906999999999999862e-02
1.648417085427135831e+01 1.320000000000000062e-01 8.501000000000000223e-02 2.275399999999999923e-01 2.927000000000000088e-02
1.658462311557789093e+01 1.320000000000000062e-01 8.587000000000000188e-02 2.272800000000000098e-01 2.945000000000000048e-02
1.668507537688442355e+01 1.320000000000000062e-01 8.672000000000000541e-02 2.269599999999999951e-01 2.963999999999999968e-02
1.678552763819095617e+01 1.320000000000000062e-01 8.754000000000000670e-02 2.267500000000000071e-01 2.980000000000000010e-02
1.688597989949748879e+01 1.320000000000000062e-01 8.835999999999999410e-02 2.265699999999999936e-01 2.995000000000000093e-02
1.698643216080402141e+01 1.320000000000000062e-01 8.914999999999999314e-02 2.264899999999999969e-01 3.009999999999999828e-02
1.708688442211055403e+01 1.320000000000000062e-01 8.995999999999999830e-02 2.263499999999999956e-01 3.024999999999999911e-02
1.718733668341708665e+01 1.320000000000000062e-01 9.081000000000000183e-02 2.262699999999999989e-01 3.041999999999999912e-02
1.728778894472361927e+01 1.320000000000000062e-01 9.164999999999999536e-02 2.261900000000000022e-01 3.057999999999999954e-02
1.738824120603015189e+01 1.320000000000000062e-01 9.246999999999999664e-02 2.260999999999999954e-01 3.073999999999999996e-02
1.748869346733668451e+01 1.320000000000000062e-01 9.329999999999999405e-02 2.260300000000000087e-01 3.090000000000000038e-02
1.758914572864321713e+01 1.320000000000000062e-01 9.413000000000000533e-02 2.259700000000000042e-01 3.107999999999999999e-02
1.768959798994974975e+01 1.320000000000000062e-01 9.499000000000000499e-02 2.258799999999999975e-01 3.128999999999999837e-02
1.779005025125628237e+01 1.320000000000000062e-01 9.582999999999999852e-02 2.257399999999999962e-01 3.148000000000000104e-02
1.789050251256281499e+01 1.320000000000000062e-01 9.664000000000000368e-02 2.255500000000000005e-01 3.167999999999999983e-02
1.799095477386934760e+01 1.320000000000000062e-01 9.743000000000000271e-02 2.254099999999999993e-01 3.185999999999999943e-02
1.809140703517588022e+01 1.320000000000000062e-01 9.822000000000000175e-02 2.253199999999999925e-01 3.203999999999999904e-02
1.819185929648241284e+01 1.320000000000000062e-01 9.904999999999999916e-02 2.253300000000000025e-01 3.223000000000000170e-02
1.829231155778894546e+01 1.320000000000000062e-01 9.991999999999999493e-02 2.253000000000000003e-01 3.243999999999999662e-02
1.839276381909547808e+01 1.320000000000000062e-01 1.009300000000000058e-01 2.252300000000000135e-01 3.268999999999999684e-02
1.849321608040201070e+01 1.320000000000000062e-01 1.020800000000000041e-01 2.251599999999999990e-01 3.298999999999999849e-02
1.859366834170854332e+01 1.320000000000000062e-01 1.031399999999999956e-01 2.251400000000000068e-01 3.323999999999999871e-02
1.869412060301507594e+01 1.320000000000000062e-01 1.039700000000000069e-01 2.251400000000000068e-01 3.343000000000000138e-02
1.879457286432160856e+01 1.320000000000000062e-01 1.047700000000000020e-01 2.251499999999999890e-01 3.361999999999999711e-02
1.889502512562814118e+01 1.320000000000000062e-01 1.055299999999999988e-01 2.252500000000000058e-01 3.382000000000000284e-02
1.899547738693467380e+01 1.320000000000000062e-01 1.062099999999999989e-01 2.253699999999999870e-01 3.400000000000000244e-02
1.909592964824120642e+01 1.320000000000000062e-01 1.068599999999999967e-01 2.254800000000000137e-01 3.416999999999999899e-02
1.919638190954773904e+01 1.320000000000000062e-01 1.075200000000000045e-01 2.255600000000000105e-01 3.434999999999999859e-02
1.929683417085427166e+01 1.320000000000000062e-01 1.081700000000000023e-01 2.256199999999999872e-01 3.452000000000000207e-02
1.939728643216080428e+01 1.320000000000000062e-01 1.087999999999999939e-01 2.256799999999999917e-01 3.468999999999999861e-02
1.949773869346733690e+01 1.320000000000000062e-01 1.094200000000000034e-01 2.257200000000000040e-01 3.484000000000000291e-02
1.959819095477386952e+01 1.320000000000000062e-01 1.100399999999999989e-01 2.257500000000000062e-01 3.500000000000000333e-02
1.969864321608040214e+01 1.320000000000000062e-01 1.106800000000000006e-01 2.257699999999999985e-01 3.515000000000000069e-02
1.979909547738693476e+01 1.320000000000000062e-01 1.113299999999999984e-01 2.257399999999999962e-01 3.531000000000000111e-02
1.989954773869346738e+01 1.320000000000000062e-01 1.120199999999999946e-01 2.257200000000000040e-01 3.547000000000000153e-02
2.000000000000000000e+01 1.320000000000000062e-01 1.126999999999999946e-01 2.257000000000000117e-01 3.563000000000000195e-02
