9.140703517587939197e-01 1.839999999999999969e-01 4.300000000000000003e-03 4.076799999999999868e-01 2.380000000000000171e-03
1.014522613065326651e+00 1.920000000000000040e-01 3.650000000000000033e-03 3.122500000000000275e-01 1.129999999999999928e-03
1.114974874371859270e+00 1.920000000000000040e-01 3.650000000000000033e-03 3.122500000000000275e-01 1.129999999999999928e-03
1.215427135678391890e+00 1.920000000000000040e-01 3.650000000000000033e-03 3.122500000000000275e-01 1.129999999999999928e-03
1.315879396984924510e+00 1.920000000000000040e-01 3.650000000000000033e-03 3.122500000000000275e-01 1.129999999999999928e-03
1.416331658291457352e+00 1.920000000000000040e-01 3.650000000000000033e-03 3.122500000000000275e-01 1.129999999999999928e-03
1.516783919597989971e+00 1.920000000000000040e-01 3.650000000000000033e-03 3.122500000000000275e-01 1.129999999999999928e-03
1.617236180904522591e+00 1.910000000000000031e-01 3.989999999999999623e-03 3.414300000000000113e-01 1.789999999999999925e-03
1.717688442211055211e+00 1.910000000000000031e-01 3.989999999999999623e-03 3.414300000000000113e-01 1.789999999999999925e-03
1.818140703517587831e+00 1.940000000000000058e-01 3.190000000000000127e-03 3.123199999999999865e-01 9.600000000000000243e-04
1.918592964824120672e+00 1.229999999999999982e-01 1.190000000000000085e-03 3.094500000000000028e-01 5.599999999999999509e-04
2.019045226130653070e+00 1.229999999999999982e-01 1.190000000000000085e-03 3.094500000000000028e-01 5.599999999999999509e-04
2.119497487437185690e+00 1.640000000000000069e-01 2.030000000000000120e-03 3.009000000000000008e-01 4.499999999999999877e-04
2.219949748743718310e+00 1.260000000000000009e-01 1.940000000000000101e-03 3.396500000000000075e-01 2.900000000000000017e-04
2.320402010050250929e+00 1.260000000000000009e-01 1.940000000000000101e-03 3.396500000000000075e-01 2.900000000000000017e-04
2.420854271356783549e+00 1.340000000000000080e-01 2.500000000000000052e-03 3.497999999999999998e-01 5.000000000000000104e-04
2.521306532663316169e+00 1.340000000000000080e-01 2.500000000000000052e-03 3.497999999999999998e-01 5.000000000000000104e-04
2.621758793969848789e+00 1.340000000000000080e-01 2.500000000000000052e-03 3.497999999999999998e-01 5.000000000000000104e-04
2.722211055276381853e+00 1.340000000000000080e-01 2.500000000000000052e-03 3.497999999999999998e-01 5.000000000000000104e-04
2.822663316582914472e+00 1.340000000000000080e-01 2.500000000000000052e-03 3.497999999999999998e-01 5.000000000000000104e-04
2.923115577889447092e+00 1.340000000000000080e-01 2.500000000000000052e-03 3.497999999999999998e-01 5.000000000000000104e-04
3.023567839195979712e+00 1.340000000000000080e-01 2.500000000000000052e-03 3.497999999999999998e-01 5.000000000000000104e-04
3.124020100502512332e+00 1.340000000000000080e-01 2.500000000000000052e-03 3.497999999999999998e-01 5.000000000000000104e-04
3.224472361809044951e+00 1.340000000000000080e-01 2.500000000000000052e-03 3.497999999999999998e-01 5.000000000000000104e-04
3.324924623115577571e+00 1.340000000000000080e-01 2.500000000000000052e-03 3.497999999999999998e-01 5.000000000000000104e-04
3.425376884422110191e+00 1.340000000000000080e-01 2.500000000000000052e-03 3.497999999999999998e-01 5.000000000000000104e-04
3.525829145728642811e+00 1.340000000000000080e-01 2.500000000000000052e-03 3.497999999999999998e-01 5.000000000000000104e-04
3.626281407035175430e+00 1.340000000000000080e-01 2.500000000000000052e-03 3.497999999999999998e-01 5.000000000000000104e-04
3.726733668341708050e+00 1.340000000000000080e-01 2.500000000000000052e-03 3.497999999999999998e-01 5.000000000000000104e-04
3.827185929648241114e+00 1.340000000000000080e-01 2.500000000000000052e-03 3.497999999999999998e-01 5.000000000000000104e-04
3.927638190954773734e+00 1.340000000000000080e-01 2.500000000000000052e-03 3.497999999999999998e-01 5.000000000000000104e-04
4.028090452261306353e+00 1.340000000000000080e-01 2.500000000000000052e-03 3.497999999999999998e-01 5.000000000000000104e-04
4.128542713567838973e+00 1.340000000000000080e-01 2.500000000000000052e-03 3.497999999999999998e-01 5.000000000000000104e-04
4.228994974874371593e+00 1.340000000000000080e-01 2.500000000000000052e-03 3.497999999999999998e-01 5.000000000000000104e-04
4.329447236180904213e+00 1.340000000000000080e-01 2.500000000000000052e-03 3.497999999999999998e-01 5.000000000000000104e-04
4.429899497487436832e+00 1.340000000000000080e-01 2.500000000000000052e-03 3.497999999999999998e-01 5.000000000000000104e-04
4.530351758793969452e+00 1.340000000000000080e-01 2.500000000000000052e-03 3.497999999999999998e-01 5.000000000000000104e-04
4.630804020100502072e+00 1.260000000000000009e-01 1.590000000000000050e-03 3.141900000000000248e-01 6.300000000000000261e-04
4.731256281407034692e+00 1.340000000000000080e-01 2.500000000000000052e-03 3.497999999999999998e-01 5.000000000000000104e-04
4.831708542713567311e+00 1.469999999999999918e-01 2.129999999999999949e-03 3.015599999999999947e-01 6.700000000000000226e-04
4.932160804020099931e+00 1.469999999999999918e-01 2.129999999999999949e-03 3.015599999999999947e-01 6.700000000000000226e-04
5.032613065326632551e+00 1.529999999999999971e-01 1.229999999999999974e-03 3.129100000000000215e-01 5.199999999999999544e-04
5.133065326633165171e+00 1.529999999999999971e-01 1.229999999999999974e-03 3.129100000000000215e-01 5.199999999999999544e-04
5.233517587939697790e+00 1.529999999999999971e-01 1.229999999999999974e-03 3.129100000000000215e-01 5.199999999999999544e-04
5.333969849246230410e+00 1.529999999999999971e-01 1.229999999999999974e-03 3.129100000000000215e-01 5.199999999999999544e-04
5.434422110552763918e+00 1.529999999999999971e-01 1.229999999999999974e-03 3.129100000000000215e-01 5.199999999999999544e-04
5.534874371859296538e+00 1.529999999999999971e-01 1.229999999999999974e-03 3.129100000000000215e-01 5.199999999999999544e-04
5.635326633165829158e+00 1.529999999999999971e-01 1.229999999999999974e-03 3.129100000000000215e-01 5.199999999999999544e-04
5.735778894472361777e+00 1.529999999999999971e-01 1.229999999999999974e-03 3.129100000000000215e-01 5.199999999999999544e-04
5.836231155778894397e+00 1.529999999999999971e-01 1.229999999999999974e-03 3.129100000000000215e-01 5.199999999999999544e-04
5.936683417085427017e+00 1.529999999999999971e-01 1.229999999999999974e-03 3.129100000000000215e-01 5.199999999999999544e-04
6.037135678391959637e+00 1.529999999999999971e-01 1.229999999999999974e-03 3.129100000000000215e-01 5.199999999999999544e-04
6.137587939698492256e+00 1.529999999999999971e-01 1.229999999999999974e-03 3.129100000000000215e-01 5.199999999999999544e-04
6.238040201005024876e+00 1.529999999999999971e-01 1.229999999999999974e-03 3.129100000000000215e-01 5.199999999999999544e-04
6.338492462311557496e+00 1.529999999999999971e-01 1.229999999999999974e-03 3.129100000000000215e-01 5.199999999999999544e-04
6.438944723618090116e+00 1.469999999999999918e-01 2.129999999999999949e-03 3.015599999999999947e-01 6.700000000000000226e-04
6.539396984924622735e+00 1.469999999999999918e-01 2.129999999999999949e-03 3.015599999999999947e-01 6.700000000000000226e-04
6.639849246231155355e+00 1.469999999999999918e-01 2.129999999999999949e-03 3.015599999999999947e-01 6.700000000000000226e-04
6.740301507537687975e+00 1.469999999999999918e-01 2.129999999999999949e-03 3.015599999999999947e-01 6.700000000000000226e-04
6.840753768844220595e+00 1.469999999999999918e-01 2.129999999999999949e-03 3.015599999999999947e-01 6.700000000000000226e-04
6.941206030150753215e+00 1.469999999999999918e-01 2.129999999999999949e-03 3.015599999999999947e-01 6.700000000000000226e-04
7.041658291457285834e+00 1.469999999999999918e-01 2.129999999999999949e-03 3.015599999999999947e-01 6.700000000000000226e-04
7.142110552763818454e+00 1.469999999999999918e-01 2.129999999999999949e-03 3.015599999999999947e-01 6.700000000000000226e-04
7.242562814070351074e+00 1.469999999999999918e-01 2.129999999999999949e-03 3.015599999999999947e-01 6.700000000000000226e-04
7.343015075376883694e+00 1.469999999999999918e-01 2.129999999999999949e-03 3.015599999999999947e-01 6.700000000000000226e-04
7.443467336683416313e+00 1.469999999999999918e-01 2.129999999999999949e-03 3.015599999999999947e-01 6.700000000000000226e-04
7.543919597989949821e+00 1.469999999999999918e-01 2.129999999999999949e-03 3.015599999999999947e-01 6.700000000000000226e-04
7.644371859296482441e+00 1.469999999999999918e-01 2.129999999999999949e-03 3.015599999999999947e-01 6.700000000000000226e-04
7.744824120603015061e+00 1.469999999999999918e-01 2.129999999999999949e-03 3.015599999999999947e-01 6.700000000000000226e-04
7.845276381909547680e+00 1.469999999999999918e-01 2.129999999999999949e-03 3.015599999999999947e-01 6.700000000000000226e-04
7.945728643216080300e+00 1.469999999999999918e-01 2.129999999999999949e-03 3.015599999999999947e-01 6.700000000000000226e-04
8.046180904522612920e+00 1.469999999999999918e-01 2.129999999999999949e-03 3.015599999999999947e-01 6.700000000000000226e-04
8.146633165829145540e+00 1.469999999999999918e-01 2.129999999999999949e-03 3.015599999999999947e-01 6.700000000000000226e-04
8.247085427135678160e+00 1.469999999999999918e-01 2.129999999999999949e-03 3.015599999999999947e-01 6.700000000000000226e-04
8.347537688442210779e+00 1.469999999999999918e-01 2.129999999999999949e-03 3.015599999999999947e-01 6.700000000000000226e-04
8.447989949748743399e+00 1.620000000000000051e-01 1.940000000000000101e-03 3.160399999999999876e-01 6.999999999999999929e-04
8.548442211055276019e+00 1.620000000000000051e-01 1.940000000000000101e-03 3.160399999999999876e-01 6.999999999999999929e-04
8.648894472361808639e+00 1.620000000000000051e-01 1.940000000000000101e-03 3.160399999999999876e-01 6.999999999999999929e-04
8.749346733668341258e+00 1.620000000000000051e-01 1.940000000000000101e-03 3.160399999999999876e-01 6.999999999999999929e-04
8.849798994974873878e+00 1.620000000000000051e-01 1.940000000000000101e-03 3.160399999999999876e-01 6.999999999999999929e-04
8.950251256281406498e+00 1.620000000000000051e-01 1.940000000000000101e-03 3.160399999999999876e-01 6.999999999999999929e-04
9.050703517587939118e+00 1.620000000000000051e-01 1.940000000000000101e-03 3.160399999999999876e-01 6.999999999999999929e-04
9.151155778894471737e+00 1.620000000000000051e-01 1.940000000000000101e-03 3.160399999999999876e-01 6.999999999999999929e-04
9.251608040201004357e+00 1.620000000000000051e-01 1.940000000000000101e-03 3.160399999999999876e-01 6.999999999999999929e-04
9.352060301507536977e+00 1.620000000000000051e-01 1.940000000000000101e-03 3.160399999999999876e-01 6.999999999999999929e-04
9.452512562814069597e+00 1.229999999999999982e-01 1.190000000000000085e-03 3.094500000000000028e-01 5.599999999999999509e-04
9.552964824120602216e+00 1.229999999999999982e-01 1.190000000000000085e-03 3.094500000000000028e-01 5.599999999999999509e-04
9.653417085427134836e+00 1.229999999999999982e-01 1.190000000000000085e-03 3.094500000000000028e-01 5.599999999999999509e-04
9.753869346733667456e+00 1.229999999999999982e-01 1.190000000000000085e-03 3.094500000000000028e-01 5.599999999999999509e-04
9.854321608040200076e+00 1.229999999999999982e-01 1.190000000000000085e-03 3.094500000000000028e-01 5.599999999999999509e-04
9.954773869346732695e+00 1.229999999999999982e-01 1.190000000000000085e-03 3.094500000000000028e-01 5.599999999999999509e-04
1.005522613065326532e+01 1.229999999999999982e-01 1.190000000000000085e-03 3.094500000000000028e-01 5.599999999999999509e-04
1.015567839195979793e+01 1.229999999999999982e-01 1.190000000000000085e-03 3.094500000000000028e-01 5.599999999999999509e-04
1.025613065326633055e+01 1.229999999999999982e-01 1.190000000000000085e-03 3.094500000000000028e-01 5.599999999999999509e-04
1.035658291457286317e+01 1.229999999999999982e-01 1.190000000000000085e-03 3.094500000000000028e-01 5.599999999999999509e-04
1.045703517587939579e+01 1.229999999999999982e-01 1.190000000000000085e-03 3.094500000000000028e-01 5.599999999999999509e-04
1.055748743718592841e+01 1.229999999999999982e-01 1.190000000000000085e-03 3.094500000000000028e-01 5.599999999999999509e-04
1.065793969849246103e+01 1.229999999999999982e-01 1.190000000000000085e-03 3.094500000000000028e-01 5.599999999999999509e-04
1.075839195979899543e+01 1.229999999999999982e-01 1.190000000000000085e-03 3.094500000000000028e-01 5.599999999999999509e-04
1.085884422110552805e+01 1.229999999999999982e-01 1.190000000000000085e-03 3.094500000000000028e-01 5.599999999999999509e-04
1.095929648241206067e+01 1.229999999999999982e-01 1.190000000000000085e-03 3.094500000000000028e-01 5.599999999999999509e-04
1.105974874371859329e+01 1.229999999999999982e-01 1.190000000000000085e-03 3.094500000000000028e-01 5.599999999999999509e-04
1.116020100502512591e+01 1.229999999999999982e-01 1.190000000000000085e-03 3.094500000000000028e-01 5.599999999999999509e-04
1.126065326633165853e+01 1.229999999999999982e-01 1.190000000000000085e-03 3.094500000000000028e-01 5.599999999999999509e-04
1.136110552763819115e+01 1.229999999999999982e-01 1.190000000000000085e-03 3.094500000000000028e-01 5.599999999999999509e-04
1.146155778894472377e+01 1.229999999999999982e-01 1.190000000000000085e-03 3.094500000000000028e-01 5.599999999999999509e-04
1.156201005025125639e+01 1.229999999999999982e-01 1.190000000000000085e-03 3.094500000000000028e-01 5.599999999999999509e-04
1.166246231155778901e+01 1.229999999999999982e-01 1.190000000000000085e-03 3.094500000000000028e-01 5.599999999999999509e-04
1.176291457286432163e+01 1.229999999999999982e-01 1.190000000000000085e-03 3.094500000000000028e-01 5.599999999999999509e-04
1.186336683417085425e+01 1.229999999999999982e-01 1.190000000000000085e-03 3.094500000000000028e-01 5.599999999999999509e-04
1.196381909547738687e+01 1.229999999999999982e-01 1.190000000000000085e-03 3.094500000000000028e-01 5.599999999999999509e-04
1.206427135678391949e+01 1.229999999999999982e-01 1.190000000000000085e-03 3.094500000000000028e-01 5.599999999999999509e-04
1.216472361809045211e+01 1.229999999999999982e-01 1.190000000000000085e-03 3.094500000000000028e-01 5.599999999999999509e-04
1.226517587939698473e+01 1.229999999999999982e-01 1.190000000000000085e-03 3.094500000000000028e-01 5.599999999999999509e-04
1.236562814070351735e+01 1.229999999999999982e-01 1.190000000000000085e-03 3.094500000000000028e-01 5.599999999999999509e-04
1.246608040201004997e+01 1.229999999999999982e-01 1.190000000000000085e-03 3.094500000000000028e-01 5.599999999999999509e-04
1.256653266331658259e+01 1.229999999999999982e-01 1.190000000000000085e-03 3.094500000000000028e-01 5.599999999999999509e-04
1.266698492462311521e+01 1.229999999999999982e-01 1.190000000000000085e-03 3.094500000000000028e-01 5.599999999999999509e-04
1.276743718592964782e+01 1.229999999999999982e-01 1.190000000000000085e-03 3.094500000000000028e-01 5.599999999999999509e-04
1.286788944723618044e+01 1.229999999999999982e-01 1.190000000000000085e-03 3.094500000000000028e-01 5.599999999999999509e-04
1.296834170854271306e+01 1.229999999999999982e-01 1.190000000000000085e-03 3.094500000000000028e-01 5.599999999999999509e-04
1.306879396984924568e+01 1.229999999999999982e-01 1.190000000000000085e-03 3.094500000000000028e-01 5.599999999999999509e-04
1.316924623115577830e+01 1.229999999999999982e-01 1.190000000000000085e-03 3.094500000000000028e-01 5.599999999999999509e-04
1.326969849246231092e+01 1.229999999999999982e-01 1.190000000000000085e-03 3.094500000000000028e-01 5.599999999999999509e-04
1.337015075376884354e+01 1.229999999999999982e-01 1.190000000000000085e-03 3.094500000000000028e-01 5.599999999999999509e-04
1.347060301507537616e+01 1.229999999999999982e-01 1.190000000000000085e-03 3.094500000000000028e-01 5.599999999999999509e-04
1.357105527638190878e+01 1.229999999999999982e-01 1.190000000000000085e-03 3.094500000000000028e-01 5.599999999999999509e-04
1.367150753768844140e+01 1.229999999999999982e-01 1.190000000000000085e-03 3.094500000000000028e-01 5.599999999999999509e-04
1.377195979899497402e+01 1.229999999999999982e-01 1.190000000000000085e-03 3.094500000000000028e-01 5.599999999999999509e-04
1.387241206030150664e+01 1.229999999999999982e-01 1.190000000000000085e-03 3.094500000000000028e-01 5.599999999999999509e-04
1.397286432160803926e+01 1.229999999999999982e-01 1.190000000000000085e-03 3.094500000000000028e-01 5.599999999999999509e-04
1.407331658291457188e+01 1.549999999999999989e-01 2.400000000000000061e-04 3.184899999999999953e-01 1.100000000000000039e-04
1.417376884422110450e+01 1.549999999999999989e-01 2.400000000000000061e-04 3.184899999999999953e-01 1.100000000000000039e-04
1.427422110552763712e+01 1.549999999999999989e-01 2.400000000000000061e-04 3.184899999999999953e-01 1.100000000000000039e-04
1.437467336683416974e+01 1.549999999999999989e-01 2.400000000000000061e-04 3.184899999999999953e-01 1.100000000000000039e-04
1.447512562814070236e+01 1.549999999999999989e-01 2.400000000000000061e-04 3.184899999999999953e-01 1.100000000000000039e-04
1.457557788944723498e+01 1.549999999999999989e-01 2.400000000000000061e-04 3.184899999999999953e-01 1.100000000000000039e-04
1.467603015075376760e+01 1.549999999999999989e-01 2.400000000000000061e-04 3.184899999999999953e-01 1.100000000000000039e-04
1.477648241206030022e+01 1.549999999999999989e-01 2.400000000000000061e-04 3.184899999999999953e-01 1.100000000000000039e-04
1.487693467336683284e+01 1.549999999999999989e-01 2.400000000000000061e-04 3.184899999999999953e-01 1.100000000000000039e-04
1.497738693467336546e+01 1.549999999999999989e-01 2.400000000000000061e-04 3.184899999999999953e-01 1.100000000000000039e-04
1.507783919597989986e+01 1.549999999999999989e-01 2.400000000000000061e-04 3.184899999999999953e-01 1.100000000000000039e-04
1.517829145728643248e+01 1.549999999999999989e-01 2.400000000000000061e-04 3.184899999999999953e-01 1.100000000000000039e-04
1.527874371859296510e+01 1.549999999999999989e-01 2.400000000000000061e-04 3.184899999999999953e-01 1.100000000000000039e-04
1.537919597989949771e+01 1.549999999999999989e-01 2.400000000000000061e-04 3.184899999999999953e-01 1.100000000000000039e-04
1.547964824120603033e+01 1.549999999999999989e-01 2.400000000000000061e-04 3.184899999999999953e-01 1.100000000000000039e-04
1.558010050251256295e+01 1.549999999999999989e-01 2.400000000000000061e-04 3.184899999999999953e-01 1.100000000000000039e-04
1.568055276381909557e+01 1.549999999999999989e-01 2.400000000000000061e-04 3.184899999999999953e-01 1.100000000000000039e-04
1.578100502512562819e+01 1.549999999999999989e-01 2.400000000000000061e-04 3.184899999999999953e-01 1.100000000000000039e-04
1.588145728643216081e+01 1.549999999999999989e-01 2.400000000000000061e-04 3.184899999999999953e-01 1.100000000000000039e-04
1.598190954773869343e+01 1.549999999999999989e-01 2.400000000000000061e-04 3.184899999999999953e-01 1.100000000000000039e-04
1.608236180904522783e+01 1.549999999999999989e-01 2.400000000000000061e-04 3.184899999999999953e-01 1.100000000000000039e-04
1.618281407035176045e+01 1.549999999999999989e-01 2.400000000000000061e-04 3.184899999999999953e-01 1.100000000000000039e-04
1.628326633165829307e+01 1.549999999999999989e-01 2.400000000000000061e-04 3.184899999999999953e-01 1.100000000000000039e-04
1.638371859296482569e+01 1.549999999999999989e-01 2.400000000000000061e-04 3.184899999999999953e-01 1.100000000000000039e-04
1.648417085427135831e+01 1.549999999999999989e-01 2.400000000000000061e-04 3.184899999999999953e-01 1.100000000000000039e-04
1.658462311557789093e+01 1.549999999999999989e-01 2.400000000000000061e-04 3.184899999999999953e-01 1.100000000000000039e-04
1.668507537688442355e+01 1.549999999999999989e-01 2.400000000000000061e-04 3.184899999999999953e-01 1.100000000000000039e-04
1.678552763819095617e+01 1.549999999999999989e-01 2.400000000000000061e-04 3.184899999999999953e-01 1.100000000000000039e-04
1.688597989949748879e+01 1.549999999999999989e-01 2.400000000000000061e-04 3.184899999999999953e-01 1.100000000000000039e-04
1.698643216080402141e+01 1.549999999999999989e-01 2.400000000000000061e-04 3.184899999999999953e-01 1.100000000000000039e-04
1.708688442211055403e+01 1.549999999999999989e-01 2.400000000000000061e-04 3.184899999999999953e-01 1.100000000000000039e-04
1.718733668341708665e+01 1.549999999999999989e-01 2.400000000000000061e-04 3.184899999999999953e-01 1.100000000000000039e-04
1.728778894472361927e+01 1.549999999999999989e-01 2.400000000000000061e-04 3.184899999999999953e-01 1.100000000000000039e-04
1.738824120603015189e+01 1.549999999999999989e-01 2.400000000000000061e-04 3.184899999999999953e-01 1.100000000000000039e-04
1.748869346733668451e+01 1.549999999999999989e-01 2.400000000000000061e-04 3.184899999999999953e-01 1.100000000000000039e-04
1.758914572864321713e+01 1.549999999999999989e-01 2.400000000000000061e-04 3.184899999999999953e-01 1.100000000000000039e-04
1.768959798994974975e+01 1.549999999999999989e-01 2.400000000000000061e-04 3.184899999999999953e-01 1.100000000000000039e-04
1.779005025125628237e+01 1.549999999999999989e-01 2.400000000000000061e-04 3.184899999999999953e-01 1.100000000000000039e-04
1.789050251256281499e+01 1.549999999999999989e-01 2.400000000000000061e-04 3.184899999999999953e-01 1.100000000000000039e-04
1.799095477386934760e+01 1.549999999999999989e-01 2.400000000000000061e-04 3.184899999999999953e-01 1.100000000000000039e-04
1.809140703517588022e+01 1.549999999999999989e-01 2.400000000000000061e-04 3.184899999999999953e-01 1.100000000000000039e-04
1.819185929648241284e+01 1.549999999999999989e-01 2.400000000000000061e-04 3.184899999999999953e-01 1.100000000000000039e-04
1.829231155778894546e+01 1.549999999999999989e-01 2.400000000000000061e-04 3.184899999999999953e-01 1.100000000000000039e-04
1.839276381909547808e+01 1.549999999999999989e-01 2.400000000000000061e-04 3.184899999999999953e-01 1.100000000000000039e-04
1.849321608040201070e+01 1.549999999999999989e-01 2.400000000000000061e-04 3.184899999999999953e-01 1.100000000000000039e-04
1.859366834170854332e+01 1.549999999999999989e-01 2.400000000000000061e-04 3.184899999999999953e-01 1.100000000000000039e-04
1.869412060301507594e+01 1.549999999999999989e-01 2.400000000000000061e-04 3.184899999999999953e-01 1.100000000000000039e-04
1.879457286432160856e+01 1.549999999999999989e-01 2.400000000000000061e-04 3.184899999999999953e-01 1.100000000000000039e-04
1.889502512562814118e+01 1.549999999999999989e-01 2.400000000000000061e-04 3.184899999999999953e-01 1.100000000000000039e-04
1.899547738693467380e+01 1.549999999999999989e-01 2.400000000000000061e-04 3.184899999999999953e-01 1.100000000000000039e-04
1.909592964824120642e+01 1.549999999999999989e-01 2.400000000000000061e-04 3.184899999999999953e-01 1.100000000000000039e-04
1.919638190954773904e+01 1.549999999999999989e-01 2.400000000000000061e-04 3.184899999999999953e-01 1.100000000000000039e-04
1.929683417085427166e+01 1.549999999999999989e-01 2.400000000000000061e-04 3.184899999999999953e-01 1.100000000000000039e-04
1.939728643216080428e+01 1.549999999999999989e-01 2.400000000000000061e-04 3.184899999999999953e-01 1.100000000000000039e-04
1.949773869346733690e+01 1.549999999999999989e-01 2.400000000000000061e-04 3.184899999999999953e-01 1.100000000000000039e-04
1.959819095477386952e+01 1.549999999999999989e-01 2.400000000000000061e-04 3.184899999999999953e-01 1.100000000000000039e-04
1.969864321608040214e+01 1.549999999999999989e-01 2.400000000000000061e-04 3.184899999999999953e-01 1.100000000000000039e-04
1.979909547738693476e+01 1.549999999999999989e-01 2.400000000000000061e-04 3.184899999999999953e-01 1.100000000000000039e-04
1.989954773869346738e+01 1.549999999999999989e-01 2.400000000000000061e-04 3.184899999999999953e-01 1.100000000000000039e-04
2.000000000000000000e+01 1.549999999999999989e-01 2.400000000000000061e-04 3.184899999999999953e-01 1.100000000000000039e-04
