7.131658291457286802e-01 2.320000000000000118e-01 2.932799999999999851e-01 3.345899999999999985e-01 1.078299999999999953e-01
8.136180904522613000e-01 2.210000000000000020e-01 9.629000000000000059e-02 3.118500000000000161e-01 5.551999999999999991e-02
9.140703517587939197e-01 2.169999999999999984e-01 1.050100000000000061e-01 3.126399999999999735e-01 5.158999999999999697e-02
1.014522613065326651e+00 2.260000000000000064e-01 3.934300000000000019e-01 3.551500000000000212e-01 1.635099999999999887e-01
1.114974874371859270e+00 2.250000000000000056e-01 4.437099999999999933e-01 3.655900000000000261e-01 1.892099999999999893e-01
1.215427135678391890e+00 2.240000000000000047e-01 4.955999999999999850e-01 3.784600000000000186e-01 2.221499999999999864e-01
1.315879396984924510e+00 2.220000000000000029e-01 5.473799999999999777e-01 3.932800000000000185e-01 2.595100000000000184e-01
1.416331658291457352e+00 2.379999999999999893e-01 3.892399999999999749e-01 3.723299999999999943e-01 1.098900000000000016e-01
1.516783919597989971e+00 2.379999999999999893e-01 3.902100000000000013e-01 3.833699999999999886e-01 1.078500000000000014e-01
1.617236180904522591e+00 2.389999999999999902e-01 4.056699999999999751e-01 3.919699999999999851e-01 1.104300000000000004e-01
1.717688442211055211e+00 2.389999999999999902e-01 4.201500000000000234e-01 3.987800000000000233e-01 1.133699999999999986e-01
1.818140703517587831e+00 2.399999999999999911e-01 4.435200000000000253e-01 4.065500000000000225e-01 1.208100000000000007e-01
1.918592964824120672e+00 2.409999999999999920e-01 4.573599999999999888e-01 4.154900000000000260e-01 1.262500000000000011e-01
2.019045226130653070e+00 2.270000000000000073e-01 2.809699999999999975e-01 5.277199999999999669e-01 6.564000000000000390e-02
2.119497487437185690e+00 2.270000000000000073e-01 2.816400000000000015e-01 5.223499999999999810e-01 6.490999999999999548e-02
2.219949748743718310e+00 2.270000000000000073e-01 2.831299999999999928e-01 5.163999999999999702e-01 6.414000000000000257e-02
2.320402010050250929e+00 2.280000000000000082e-01 2.893999999999999906e-01 5.127899999999999681e-01 6.586000000000000187e-02
2.420854271356783549e+00 2.280000000000000082e-01 2.964600000000000013e-01 5.122400000000000286e-01 6.847999999999999921e-02
2.521306532663316169e+00 2.280000000000000082e-01 3.026800000000000046e-01 5.151599999999999513e-01 7.080999999999999794e-02
2.621758793969848789e+00 2.280000000000000082e-01 3.099500000000000033e-01 5.202799999999999647e-01 7.366999999999999937e-02
2.722211055276381853e+00 2.280000000000000082e-01 3.193500000000000227e-01 5.269800000000000040e-01 7.722999999999999310e-02
2.822663316582914472e+00 2.280000000000000082e-01 3.293300000000000116e-01 5.324799999999999534e-01 8.101999999999999480e-02
2.923115577889447092e+00 2.290000000000000091e-01 3.554800000000000182e-01 5.309500000000000330e-01 9.680999999999999328e-02
3.023567839195979712e+00 2.109999999999999931e-01 1.099730000000000096e+00 3.808500000000000218e-01 7.525500000000000522e-01
3.124020100502512332e+00 2.109999999999999931e-01 1.102139999999999898e+00 3.781300000000000217e-01 7.602799999999999558e-01
3.224472361809044951e+00 2.409999999999999920e-01 7.989800000000000235e-01 3.596699999999999897e-01 4.404399999999999982e-01
3.324924623115577571e+00 2.399999999999999911e-01 7.725100000000000300e-01 3.536400000000000099e-01 4.211900000000000088e-01
3.425376884422110191e+00 2.399999999999999911e-01 7.530999999999999917e-01 3.476899999999999991e-01 4.087999999999999967e-01
3.525829145728642811e+00 2.399999999999999911e-01 7.367700000000000360e-01 3.421100000000000252e-01 3.984699999999999909e-01
3.626281407035175430e+00 2.399999999999999911e-01 7.045000000000000151e-01 3.351299999999999835e-01 3.735499999999999932e-01
3.726733668341708050e+00 2.399999999999999911e-01 6.589300000000000157e-01 3.264599999999999724e-01 3.363599999999999923e-01
3.827185929648241114e+00 2.399999999999999911e-01 6.168099999999999694e-01 3.146999999999999797e-01 3.032799999999999940e-01
3.927638190954773734e+00 2.399999999999999911e-01 5.812699999999999534e-01 3.031900000000000150e-01 2.774400000000000199e-01
4.028090452261306353e+00 2.340000000000000135e-01 5.570399999999999796e-01 2.952099999999999724e-01 2.579099999999999726e-01
4.128542713567838973e+00 2.340000000000000135e-01 5.401000000000000245e-01 2.884200000000000097e-01 2.445100000000000051e-01
4.228994974874371593e+00 2.340000000000000135e-01 5.278399999999999759e-01 2.824200000000000044e-01 2.350700000000000012e-01
4.329447236180904213e+00 2.340000000000000135e-01 5.257100000000000106e-01 2.780500000000000194e-01 2.326799999999999979e-01
4.429899497487436832e+00 2.340000000000000135e-01 5.378899999999999793e-01 2.771899999999999920e-01 2.392799999999999927e-01
4.530351758793969452e+00 2.340000000000000135e-01 5.489899999999999780e-01 2.781500000000000083e-01 2.445499999999999896e-01
4.630804020100502072e+00 2.340000000000000135e-01 5.586999999999999744e-01 2.800199999999999911e-01 2.482699999999999907e-01
4.731256281407034692e+00 2.340000000000000135e-01 5.582099999999999840e-01 2.792999999999999927e-01 2.455199999999999882e-01
4.831708542713567311e+00 2.349999999999999867e-01 5.566299999999999581e-01 2.798900000000000277e-01 2.410899999999999987e-01
4.932160804020099931e+00 2.349999999999999867e-01 5.557499999999999662e-01 2.803399999999999781e-01 2.374199999999999922e-01
5.032613065326632551e+00 2.359999999999999876e-01 5.572200000000000486e-01 2.794599999999999862e-01 2.375400000000000011e-01
5.133065326633165171e+00 2.359999999999999876e-01 5.599499999999999478e-01 2.790599999999999747e-01 2.388699999999999990e-01
5.233517587939697790e+00 2.369999999999999885e-01 5.597900000000000098e-01 2.776699999999999724e-01 2.383200000000000041e-01
5.333969849246230410e+00 2.369999999999999885e-01 5.598699999999999788e-01 2.758099999999999996e-01 2.378399999999999959e-01
5.434422110552763918e+00 2.369999999999999885e-01 5.590699999999999559e-01 2.737399999999999833e-01 2.365700000000000025e-01
5.534874371859296538e+00 2.379999999999999893e-01 5.592099999999999849e-01 2.724300000000000055e-01 2.354100000000000081e-01
5.635326633165829158e+00 2.379999999999999893e-01 5.557699999999999863e-01 2.728599999999999914e-01 2.303600000000000092e-01
5.735778894472361777e+00 2.379999999999999893e-01 5.518899999999999917e-01 2.712999999999999856e-01 2.262299999999999867e-01
5.836231155778894397e+00 2.379999999999999893e-01 5.483400000000000496e-01 2.700600000000000223e-01 2.225900000000000101e-01
5.936683417085427017e+00 2.369999999999999885e-01 5.456600000000000339e-01 2.690500000000000114e-01 2.198199999999999876e-01
6.037135678391959637e+00 2.369999999999999885e-01 5.435999999999999721e-01 2.679799999999999960e-01 2.178799999999999903e-01
6.137587939698492256e+00 2.369999999999999885e-01 5.423499999999999988e-01 2.665399999999999991e-01 2.169300000000000117e-01
6.238040201005024876e+00 2.369999999999999885e-01 5.424499999999999877e-01 2.657800000000000162e-01 2.165700000000000125e-01
6.338492462311557496e+00 2.369999999999999885e-01 5.422799999999999843e-01 2.656600000000000072e-01 2.159300000000000108e-01
6.438944723618090116e+00 2.369999999999999885e-01 5.416299999999999448e-01 2.664000000000000257e-01 2.148700000000000054e-01
6.539396984924622735e+00 2.379999999999999893e-01 5.397999999999999465e-01 2.672800000000000176e-01 2.133700000000000041e-01
6.639849246231155355e+00 2.379999999999999893e-01 5.400399999999999645e-01 2.666100000000000136e-01 2.134600000000000108e-01
6.740301507537687975e+00 2.379999999999999893e-01 5.440800000000000081e-01 2.632599999999999940e-01 2.155100000000000071e-01
6.840753768844220595e+00 2.310000000000000109e-01 5.550800000000000178e-01 2.548099999999999810e-01 2.223199999999999898e-01
6.941206030150753215e+00 2.310000000000000109e-01 5.688400000000000123e-01 2.445400000000000074e-01 2.318800000000000028e-01
7.041658291457285834e+00 2.310000000000000109e-01 5.508600000000000163e-01 2.381199999999999983e-01 2.233300000000000007e-01
7.142110552763818454e+00 2.310000000000000109e-01 5.160200000000000342e-01 2.366600000000000092e-01 2.036799999999999999e-01
7.242562814070351074e+00 2.300000000000000100e-01 4.802000000000000157e-01 2.362700000000000078e-01 1.832999999999999907e-01
7.343015075376883694e+00 2.300000000000000100e-01 4.458799999999999986e-01 2.360200000000000076e-01 1.634700000000000042e-01
7.443467336683416313e+00 2.300000000000000100e-01 4.142399999999999971e-01 2.357599999999999973e-01 1.457900000000000029e-01
7.543919597989949821e+00 2.300000000000000100e-01 3.988900000000000223e-01 2.361000000000000043e-01 1.372099999999999986e-01
7.644371859296482441e+00 2.300000000000000100e-01 3.941600000000000104e-01 2.342400000000000038e-01 1.358999999999999930e-01
7.744824120603015061e+00 2.300000000000000100e-01 3.984500000000000264e-01 2.310699999999999976e-01 1.408300000000000107e-01
7.845276381909547680e+00 2.310000000000000109e-01 4.046799999999999842e-01 2.268699999999999883e-01 1.480599999999999972e-01
7.945728643216080300e+00 2.310000000000000109e-01 4.194999999999999840e-01 2.241499999999999881e-01 1.603600000000000025e-01
8.046180904522612920e+00 2.310000000000000109e-01 4.306800000000000073e-01 2.237999999999999989e-01 1.695899999999999908e-01
8.146633165829145540e+00 2.310000000000000109e-01 4.388900000000000023e-01 2.237399999999999944e-01 1.764600000000000057e-01
8.247085427135678160e+00 2.310000000000000109e-01 4.446200000000000152e-01 2.235699999999999910e-01 1.811500000000000055e-01
8.347537688442210779e+00 2.200000000000000011e-01 3.727099999999999858e-01 3.037699999999999845e-01 1.510299999999999976e-01
8.447989949748743399e+00 2.200000000000000011e-01 3.518100000000000116e-01 3.436600000000000210e-01 1.221899999999999931e-01
8.548442211055276019e+00 2.200000000000000011e-01 3.674100000000000144e-01 3.563700000000000201e-01 1.102700000000000069e-01
8.648894472361808639e+00 2.200000000000000011e-01 3.795000000000000040e-01 3.589899999999999758e-01 1.085699999999999998e-01
8.749346733668341258e+00 2.200000000000000011e-01 3.910799999999999832e-01 3.618100000000000205e-01 1.093400000000000066e-01
8.849798994974873878e+00 2.200000000000000011e-01 4.045000000000000262e-01 3.652099999999999791e-01 1.099799999999999944e-01
8.950251256281406498e+00 2.200000000000000011e-01 4.188799999999999746e-01 3.686200000000000032e-01 1.107699999999999935e-01
9.050703517587939118e+00 2.200000000000000011e-01 4.329200000000000270e-01 3.716599999999999904e-01 1.114499999999999935e-01
9.151155778894471737e+00 2.200000000000000011e-01 4.466899999999999760e-01 3.743699999999999806e-01 1.129099999999999965e-01
9.251608040201004357e+00 2.200000000000000011e-01 4.596899999999999875e-01 3.767099999999999893e-01 1.141599999999999976e-01
9.352060301507536977e+00 2.200000000000000011e-01 4.720199999999999951e-01 3.790899999999999825e-01 1.143300000000000011e-01
9.452512562814069597e+00 2.190000000000000002e-01 4.838899999999999868e-01 3.811499999999999888e-01 1.143300000000000011e-01
9.552964824120602216e+00 2.190000000000000002e-01 4.954200000000000270e-01 3.830799999999999761e-01 1.138500000000000068e-01
9.653417085427134836e+00 2.190000000000000002e-01 5.059799999999999853e-01 3.847499999999999809e-01 1.137299999999999978e-01
9.753869346733667456e+00 2.190000000000000002e-01 5.159899999999999487e-01 3.862599999999999922e-01 1.139000000000000012e-01
9.854321608040200076e+00 2.190000000000000002e-01 5.253999999999999782e-01 3.876100000000000101e-01 1.143499999999999933e-01
9.954773869346732695e+00 2.190000000000000002e-01 5.342400000000000482e-01 3.887499999999999845e-01 1.150000000000000050e-01
1.005522613065326532e+01 2.190000000000000002e-01 5.394999999999999796e-01 3.890799999999999814e-01 1.158799999999999969e-01
1.015567839195979793e+01 2.179999999999999993e-01 5.435200000000000031e-01 3.891000000000000014e-01 1.169000000000000039e-01
1.025613065326633055e+01 2.179999999999999993e-01 5.472799999999999887e-01 3.890799999999999814e-01 1.179299999999999932e-01
1.035658291457286317e+01 2.179999999999999993e-01 5.508399999999999963e-01 3.890700000000000269e-01 1.187499999999999944e-01
1.045703517587939579e+01 2.179999999999999993e-01 5.543799999999999839e-01 3.890799999999999814e-01 1.196300000000000002e-01
1.055748743718592841e+01 2.179999999999999993e-01 5.580000000000000515e-01 3.890799999999999814e-01 1.207199999999999940e-01
1.065793969849246103e+01 2.179999999999999993e-01 5.615700000000000136e-01 3.891000000000000014e-01 1.219299999999999967e-01
1.075839195979899543e+01 2.179999999999999993e-01 5.645999999999999908e-01 3.891600000000000059e-01 1.226600000000000051e-01
1.085884422110552805e+01 2.179999999999999993e-01 5.671199999999999575e-01 3.892800000000000149e-01 1.229100000000000054e-01
1.095929648241206067e+01 2.169999999999999984e-01 5.697900000000000187e-01 3.894099999999999784e-01 1.233599999999999974e-01
1.105974874371859329e+01 2.169999999999999984e-01 5.718999999999999639e-01 3.894900000000000029e-01 1.236300000000000038e-01
1.116020100502512591e+01 2.169999999999999984e-01 5.739600000000000257e-01 3.895600000000000174e-01 1.239500000000000046e-01
1.126065326633165853e+01 2.169999999999999984e-01 5.754299999999999971e-01 3.896600000000000064e-01 1.239500000000000046e-01
1.136110552763819115e+01 2.169999999999999984e-01 5.760800000000000365e-01 3.897599999999999953e-01 1.236499999999999960e-01
1.146155778894472377e+01 2.169999999999999984e-01 5.756200000000000205e-01 3.897100000000000009e-01 1.229100000000000054e-01
1.156201005025125639e+01 2.169999999999999984e-01 5.769699999999999829e-01 3.899299999999999988e-01 1.232000000000000040e-01
1.166246231155778901e+01 2.169999999999999984e-01 5.779900000000000038e-01 3.901800000000000268e-01 1.232899999999999968e-01
1.176291457286432163e+01 2.169999999999999984e-01 5.790699999999999736e-01 3.905600000000000183e-01 1.234399999999999942e-01
1.186336683417085425e+01 2.159999999999999976e-01 5.797400000000000331e-01 3.909500000000000197e-01 1.235300000000000009e-01
1.196381909547738687e+01 2.159999999999999976e-01 5.806200000000000250e-01 3.913200000000000012e-01 1.239399999999999946e-01
1.206427135678391949e+01 2.159999999999999976e-01 5.818299999999999583e-01 3.916999999999999926e-01 1.247599999999999959e-01
1.216472361809045211e+01 2.159999999999999976e-01 5.835700000000000331e-01 3.921499999999999986e-01 1.260499999999999954e-01
1.226517587939698473e+01 2.159999999999999976e-01 5.853300000000000169e-01 3.925600000000000200e-01 1.275100000000000122e-01
1.236562814070351735e+01 2.159999999999999976e-01 5.875099999999999767e-01 3.930000000000000160e-01 1.291899999999999993e-01
1.246608040201004997e+01 2.159999999999999976e-01 5.895399999999999530e-01 3.934900000000000064e-01 1.309200000000000086e-01
1.256653266331658259e+01 2.159999999999999976e-01 5.914399999999999658e-01 3.939599999999999769e-01 1.326900000000000024e-01
1.266698492462311521e+01 2.159999999999999976e-01 5.931600000000000206e-01 3.947999999999999843e-01 1.345999999999999974e-01
1.276743718592964782e+01 2.149999999999999967e-01 5.950199999999999934e-01 3.958999999999999742e-01 1.369199999999999862e-01
1.286788944723618044e+01 2.149999999999999967e-01 5.966799999999999882e-01 3.969099999999999850e-01 1.393399999999999916e-01
1.296834170854271306e+01 2.149999999999999967e-01 5.981800000000000450e-01 3.978499999999999814e-01 1.418200000000000016e-01
1.306879396984924568e+01 2.149999999999999967e-01 5.996500000000000163e-01 3.981899999999999884e-01 1.437900000000000011e-01
1.316924623115577830e+01 2.149999999999999967e-01 6.012699999999999712e-01 3.982800000000000229e-01 1.456000000000000072e-01
1.326969849246231092e+01 2.149999999999999967e-01 6.024699999999999500e-01 3.983099999999999974e-01 1.471999999999999975e-01
1.337015075376884354e+01 2.149999999999999967e-01 6.037799999999999834e-01 3.983499999999999819e-01 1.488800000000000123e-01
1.347060301507537616e+01 2.149999999999999967e-01 6.049200000000000133e-01 3.983700000000000019e-01 1.504000000000000059e-01
1.357105527638190878e+01 2.149999999999999967e-01 6.059099999999999486e-01 3.984800000000000009e-01 1.520700000000000107e-01
1.367150753768844140e+01 2.149999999999999967e-01 6.066000000000000281e-01 3.987100000000000088e-01 1.544000000000000095e-01
1.377195979899497402e+01 2.149999999999999967e-01 6.071499999999999675e-01 3.989400000000000168e-01 1.566899999999999959e-01
1.387241206030150664e+01 2.149999999999999967e-01 6.075000000000000400e-01 3.991600000000000148e-01 1.589599999999999902e-01
1.397286432160803926e+01 2.139999999999999958e-01 6.072699999999999765e-01 3.994300000000000073e-01 1.613799999999999957e-01
1.407331658291457188e+01 2.139999999999999958e-01 6.071699999999999875e-01 3.996799999999999797e-01 1.638100000000000112e-01
1.417376884422110450e+01 2.139999999999999958e-01 6.068799999999999750e-01 4.000900000000000012e-01 1.673199999999999965e-01
1.427422110552763712e+01 2.139999999999999958e-01 6.065000000000000391e-01 4.006199999999999761e-01 1.714499999999999913e-01
1.437467336683416974e+01 2.139999999999999958e-01 6.061499999999999666e-01 4.012399999999999856e-01 1.763599999999999890e-01
1.447512562814070236e+01 2.129999999999999949e-01 6.048900000000000388e-01 4.017700000000000160e-01 1.809199999999999975e-01
1.457557788944723498e+01 2.129999999999999949e-01 6.036099999999999799e-01 4.022800000000000264e-01 1.852600000000000080e-01
1.467603015075376760e+01 2.129999999999999949e-01 6.022999999999999465e-01 4.027499999999999969e-01 1.894299999999999873e-01
1.477648241206030022e+01 2.119999999999999940e-01 6.015599999999999836e-01 4.031699999999999728e-01 1.935099999999999876e-01
1.487693467336683284e+01 2.119999999999999940e-01 6.008400000000000407e-01 4.035799999999999943e-01 1.974899999999999989e-01
1.497738693467336546e+01 2.119999999999999940e-01 5.995700000000000474e-01 4.039800000000000058e-01 2.011400000000000132e-01
1.507783919597989986e+01 2.119999999999999940e-01 5.974399999999999711e-01 4.043499999999999872e-01 2.042100000000000026e-01
1.517829145728643248e+01 2.109999999999999931e-01 5.958700000000000108e-01 4.045900000000000052e-01 2.068699999999999983e-01
1.527874371859296510e+01 2.109999999999999931e-01 5.944500000000000339e-01 4.047700000000000187e-01 2.092100000000000071e-01
1.537919597989949771e+01 2.109999999999999931e-01 5.932399999999999896e-01 4.049499999999999766e-01 2.116200000000000025e-01
1.547964824120603033e+01 2.109999999999999931e-01 5.919799999999999507e-01 4.051600000000000201e-01 2.140499999999999903e-01
1.558010050251256295e+01 2.109999999999999931e-01 5.907700000000000173e-01 4.053800000000000181e-01 2.164899999999999880e-01
1.568055276381909557e+01 2.109999999999999931e-01 5.897799999999999709e-01 4.055900000000000061e-01 2.190300000000000025e-01
1.578100502512562819e+01 2.099999999999999922e-01 5.889199999999999990e-01 4.058200000000000141e-01 2.216299999999999937e-01
1.588145728643216081e+01 2.099999999999999922e-01 5.881499999999999506e-01 4.060400000000000120e-01 2.241799999999999904e-01
1.598190954773869343e+01 2.099999999999999922e-01 5.872800000000000242e-01 4.062999999999999945e-01 2.270199999999999996e-01
1.608236180904522783e+01 2.099999999999999922e-01 5.871699999999999697e-01 4.066199999999999815e-01 2.307400000000000007e-01
1.618281407035176045e+01 2.099999999999999922e-01 5.869299999999999518e-01 4.069200000000000039e-01 2.343600000000000128e-01
1.628326633165829307e+01 2.099999999999999922e-01 5.869199999999999973e-01 4.072100000000000164e-01 2.380299999999999916e-01
1.638371859296482569e+01 2.089999999999999913e-01 5.867900000000000338e-01 4.074999999999999734e-01 2.415599999999999969e-01
1.648417085427135831e+01 2.089999999999999913e-01 5.868600000000000483e-01 4.077700000000000213e-01 2.450600000000000001e-01
1.658462311557789093e+01 2.089999999999999913e-01 5.868200000000000083e-01 4.080500000000000238e-01 2.484899999999999887e-01
1.668507537688442355e+01 2.089999999999999913e-01 5.865000000000000213e-01 4.083399999999999808e-01 2.518400000000000083e-01
1.678552763819095617e+01 2.089999999999999913e-01 5.863599999999999923e-01 4.086400000000000032e-01 2.552099999999999924e-01
1.688597989949748879e+01 2.089999999999999913e-01 5.860600000000000254e-01 4.088800000000000212e-01 2.580700000000000216e-01
1.698643216080402141e+01 2.089999999999999913e-01 5.845299999999999940e-01 4.091000000000000192e-01 2.593099999999999850e-01
1.708688442211055403e+01 2.089999999999999913e-01 5.822800000000000198e-01 4.093800000000000217e-01 2.602999999999999758e-01
1.718733668341708665e+01 2.079999999999999905e-01 5.798799999999999510e-01 4.097799999999999776e-01 2.609600000000000253e-01
1.728778894472361927e+01 2.079999999999999905e-01 5.780999999999999472e-01 4.101299999999999946e-01 2.615899999999999892e-01
1.738824120603015189e+01 2.079999999999999905e-01 5.769199999999999884e-01 4.104499999999999815e-01 2.625100000000000211e-01
1.748869346733668451e+01 2.079999999999999905e-01 5.726999999999999869e-01 4.105699999999999905e-01 2.603199999999999958e-01
1.758914572864321713e+01 2.079999999999999905e-01 5.696400000000000352e-01 4.106799999999999895e-01 2.591399999999999815e-01
1.768959798994974975e+01 2.079999999999999905e-01 5.659399999999999986e-01 4.108600000000000030e-01 2.575999999999999956e-01
1.779005025125628237e+01 2.079999999999999905e-01 5.619899999999999896e-01 4.110900000000000110e-01 2.563199999999999923e-01
1.789050251256281499e+01 2.079999999999999905e-01 5.571700000000000541e-01 4.114099999999999979e-01 2.547900000000000165e-01
1.799095477386934760e+01 2.079999999999999905e-01 5.523700000000000276e-01 4.117500000000000049e-01 2.524199999999999777e-01
1.809140703517588022e+01 2.079999999999999905e-01 5.483599999999999586e-01 4.120900000000000118e-01 2.515000000000000013e-01
1.819185929648241284e+01 2.079999999999999905e-01 5.447600000000000220e-01 4.124399999999999733e-01 2.507599999999999829e-01
1.829231155778894546e+01 2.079999999999999905e-01 5.405999999999999694e-01 4.127199999999999758e-01 2.490499999999999936e-01
1.839276381909547808e+01 2.079999999999999905e-01 5.370099999999999874e-01 4.129900000000000237e-01 2.477499999999999980e-01
1.849321608040201070e+01 2.079999999999999905e-01 5.350800000000000001e-01 4.131600000000000272e-01 2.472100000000000131e-01
1.859366834170854332e+01 2.079999999999999905e-01 5.334799999999999542e-01 4.133100000000000107e-01 2.468899999999999983e-01
1.869412060301507594e+01 2.079999999999999905e-01 5.323099999999999499e-01 4.134800000000000142e-01 2.469099999999999906e-01
1.879457286432160856e+01 2.069999999999999896e-01 5.314799999999999525e-01 4.136799999999999922e-01 2.472000000000000031e-01
1.889502512562814118e+01 2.069999999999999896e-01 5.307800000000000296e-01 4.138800000000000257e-01 2.475499999999999923e-01
1.899547738693467380e+01 2.069999999999999896e-01 5.299500000000000322e-01 4.141299999999999981e-01 2.474300000000000110e-01
1.909592964824120642e+01 2.069999999999999896e-01 5.285199999999999898e-01 4.143499999999999961e-01 2.467900000000000094e-01
1.919638190954773904e+01 2.069999999999999896e-01 5.274100000000000454e-01 4.145699999999999941e-01 2.463599999999999957e-01
1.929683417085427166e+01 2.069999999999999896e-01 5.264799999999999480e-01 4.147700000000000276e-01 2.461299999999999877e-01
1.939728643216080428e+01 2.069999999999999896e-01 5.256899999999999906e-01 4.149700000000000055e-01 2.458500000000000130e-01
1.949773869346733690e+01 2.069999999999999896e-01 5.244400000000000173e-01 4.151299999999999990e-01 2.450799999999999923e-01
1.959819095477386952e+01 2.069999999999999896e-01 5.233200000000000074e-01 4.152799999999999825e-01 2.444999999999999951e-01
1.969864321608040214e+01 2.069999999999999896e-01 5.222999999999999865e-01 4.154200000000000115e-01 2.439999999999999947e-01
1.979909547738693476e+01 2.069999999999999896e-01 5.213799999999999546e-01 4.155499999999999750e-01 2.436000000000000110e-01
1.989954773869346738e+01 2.069999999999999896e-01 5.205100000000000282e-01 4.156799999999999939e-01 2.432499999999999940e-01
2.000000000000000000e+01 2.069999999999999896e-01 5.195999999999999508e-01 4.157899999999999929e-01 2.429699999999999915e-01
