1.000000000000000021e-02 2.169999999999999984e-01 1.770700000000000052e-01 8.042300000000000004e-01 6.873999999999999555e-02
1.104522613065326564e-01 2.169999999999999984e-01 1.770700000000000052e-01 8.042300000000000004e-01 6.873999999999999555e-02
2.109045226130653317e-01 2.169999999999999984e-01 1.770700000000000052e-01 8.042300000000000004e-01 6.873999999999999555e-02
3.113567839195979792e-01 2.169999999999999984e-01 1.770700000000000052e-01 8.042300000000000004e-01 6.873999999999999555e-02
4.118090452261306544e-01 2.169999999999999984e-01 1.770700000000000052e-01 8.042300000000000004e-01 6.873999999999999555e-02
5.122613065326633297e-01 2.169999999999999984e-01 1.770700000000000052e-01 8.042300000000000004e-01 6.873999999999999555e-02
6.127135678391959495e-01 2.169999999999999984e-01 1.079900000000000027e-01 9.014100000000000446e-01 3.219000000000000333e-02
7.131658291457286802e-01 2.230000000000000038e-01 4.528900000000000148e-01 5.580600000000000005e-01 4.403099999999999792e-01
8.136180904522613000e-01 2.290000000000000091e-01 4.600299999999999945e-01 5.617699999999999916e-01 4.614099999999999868e-01
9.140703517587939197e-01 2.300000000000000100e-01 4.104300000000000170e-01 6.519500000000000295e-01 2.784800000000000053e-01
1.014522613065326651e+00 2.290000000000000091e-01 4.147500000000000075e-01 6.927400000000000224e-01 2.899100000000000010e-01
1.114974874371859270e+00 2.290000000000000091e-01 4.153899999999999815e-01 7.135599999999999721e-01 2.940300000000000136e-01
1.215427135678391890e+00 2.280000000000000082e-01 4.187899999999999956e-01 7.392900000000000027e-01 2.968000000000000083e-01
1.315879396984924510e+00 2.270000000000000073e-01 4.267799999999999927e-01 7.802299999999999791e-01 3.010300000000000198e-01
1.416331658291457352e+00 2.270000000000000073e-01 4.330600000000000005e-01 8.048699999999999743e-01 3.021400000000000197e-01
1.516783919597989971e+00 2.260000000000000064e-01 4.354600000000000137e-01 8.242399999999999727e-01 3.003100000000000214e-01
1.617236180904522591e+00 2.250000000000000056e-01 4.360999999999999877e-01 8.446900000000000519e-01 2.990700000000000025e-01
1.717688442211055211e+00 2.250000000000000056e-01 4.354999999999999982e-01 8.616000000000000325e-01 2.969399999999999817e-01
1.818140703517587831e+00 2.250000000000000056e-01 4.343099999999999739e-01 8.756000000000000449e-01 2.944300000000000250e-01
1.918592964824120672e+00 2.250000000000000056e-01 4.328799999999999870e-01 8.872600000000000486e-01 2.918999999999999928e-01
2.019045226130653070e+00 2.240000000000000047e-01 4.314100000000000157e-01 8.970799999999999885e-01 2.894900000000000251e-01
2.119497487437185690e+00 2.240000000000000047e-01 4.328500000000000125e-01 9.026600000000000179e-01 2.899599999999999955e-01
2.219949748743718310e+00 2.250000000000000056e-01 4.357599999999999807e-01 9.056600000000000206e-01 2.918999999999999928e-01
2.320402010050250929e+00 2.250000000000000056e-01 4.384000000000000119e-01 9.054900000000000171e-01 2.933000000000000052e-01
2.420854271356783549e+00 2.250000000000000056e-01 4.419199999999999795e-01 9.031000000000000139e-01 2.948600000000000110e-01
2.521306532663316169e+00 2.250000000000000056e-01 4.455500000000000016e-01 9.005800000000000471e-01 2.970599999999999907e-01
2.621758793969848789e+00 2.260000000000000064e-01 4.544199999999999906e-01 8.955199999999999827e-01 3.038500000000000090e-01
2.722211055276381853e+00 2.260000000000000064e-01 4.631799999999999806e-01 8.924999999999999600e-01 3.116399999999999726e-01
2.822663316582914472e+00 2.260000000000000064e-01 4.706899999999999973e-01 8.912400000000000322e-01 3.185600000000000098e-01
2.923115577889447092e+00 2.260000000000000064e-01 4.781900000000000039e-01 8.921999999999999931e-01 3.255100000000000215e-01
3.023567839195979712e+00 2.270000000000000073e-01 4.851500000000000257e-01 8.933499999999999774e-01 3.315799999999999859e-01
3.124020100502512332e+00 2.260000000000000064e-01 4.902799999999999936e-01 8.963400000000000256e-01 3.364199999999999968e-01
3.224472361809044951e+00 2.260000000000000064e-01 4.948400000000000021e-01 9.000899999999999457e-01 3.413800000000000168e-01
3.324924623115577571e+00 2.260000000000000064e-01 4.984999999999999987e-01 9.056899999999999951e-01 3.452000000000000068e-01
3.425376884422110191e+00 2.260000000000000064e-01 5.019000000000000128e-01 9.104200000000000070e-01 3.486699999999999799e-01
3.525829145728642811e+00 2.260000000000000064e-01 5.049599999999999644e-01 9.147600000000000176e-01 3.517700000000000271e-01
3.626281407035175430e+00 2.260000000000000064e-01 5.077099999999999946e-01 9.166600000000000303e-01 3.542699999999999738e-01
3.726733668341708050e+00 2.260000000000000064e-01 5.113799999999999457e-01 9.184700000000000086e-01 3.566699999999999871e-01
3.827185929648241114e+00 2.260000000000000064e-01 5.142799999999999594e-01 9.234099999999999531e-01 3.566099999999999826e-01
3.927638190954773734e+00 2.260000000000000064e-01 5.171499999999999986e-01 9.247999999999999554e-01 3.563399999999999901e-01
4.028090452261306353e+00 2.260000000000000064e-01 5.200399999999999467e-01 9.245200000000000085e-01 3.562000000000000166e-01
4.128542713567838973e+00 2.260000000000000064e-01 5.226699999999999680e-01 9.234799999999999676e-01 3.560400000000000231e-01
4.228994974874371593e+00 2.260000000000000064e-01 5.239800000000000013e-01 9.234299999999999731e-01 3.551699999999999857e-01
4.329447236180904213e+00 2.260000000000000064e-01 5.257899999999999796e-01 9.226999999999999647e-01 3.549300000000000233e-01
4.429899497487436832e+00 2.260000000000000064e-01 5.288699999999999513e-01 9.213999999999999968e-01 3.561099999999999821e-01
4.530351758793969452e+00 2.250000000000000056e-01 5.316999999999999504e-01 9.197699999999999765e-01 3.572000000000000175e-01
4.630804020100502072e+00 2.250000000000000056e-01 5.345999999999999641e-01 9.180000000000000382e-01 3.584499999999999909e-01
4.731256281407034692e+00 2.250000000000000056e-01 5.358399999999999830e-01 9.145299999999999541e-01 3.581400000000000139e-01
4.831708542713567311e+00 2.250000000000000056e-01 5.370099999999999874e-01 9.108300000000000285e-01 3.576500000000000234e-01
4.932160804020099931e+00 2.250000000000000056e-01 5.383200000000000207e-01 9.066800000000000415e-01 3.565499999999999781e-01
5.032613065326632551e+00 2.250000000000000056e-01 5.398600000000000065e-01 9.030599999999999739e-01 3.550699999999999967e-01
5.133065326633165171e+00 2.250000000000000056e-01 5.412700000000000289e-01 9.005600000000000271e-01 3.533200000000000229e-01
5.233517587939697790e+00 2.250000000000000056e-01 5.428199999999999692e-01 8.978599999999999914e-01 3.525599999999999845e-01
5.333969849246230410e+00 2.250000000000000056e-01 5.447300000000000475e-01 8.949700000000000433e-01 3.524100000000000010e-01
5.434422110552763918e+00 2.250000000000000056e-01 5.477100000000000302e-01 8.919099999999999806e-01 3.536099999999999799e-01
5.534874371859296538e+00 2.250000000000000056e-01 5.509399999999999853e-01 8.884300000000000530e-01 3.547299999999999898e-01
5.635326633165829158e+00 2.250000000000000056e-01 5.542700000000000404e-01 8.841099999999999515e-01 3.562000000000000166e-01
5.735778894472361777e+00 2.250000000000000056e-01 5.575499999999999901e-01 8.804800000000000404e-01 3.572899999999999965e-01
5.836231155778894397e+00 2.250000000000000056e-01 5.609800000000000342e-01 8.776500000000000412e-01 3.581500000000000239e-01
5.936683417085427017e+00 2.250000000000000056e-01 5.640899999999999803e-01 8.751999999999999780e-01 3.586699999999999888e-01
6.037135678391959637e+00 2.250000000000000056e-01 5.663399999999999546e-01 8.728500000000000147e-01 3.582799999999999874e-01
6.137587939698492256e+00 2.260000000000000064e-01 5.667799999999999505e-01 8.708200000000000385e-01 3.546500000000000208e-01
6.238040201005024876e+00 2.260000000000000064e-01 5.684099999999999708e-01 8.682699999999999863e-01 3.510900000000000132e-01
6.338492462311557496e+00 2.260000000000000064e-01 5.703099999999999836e-01 8.662699999999999845e-01 3.481099999999999750e-01
6.438944723618090116e+00 2.260000000000000064e-01 5.725799999999999779e-01 8.646800000000000042e-01 3.457500000000000018e-01
6.539396984924622735e+00 2.260000000000000064e-01 5.746099999999999541e-01 8.633300000000000418e-01 3.435699999999999865e-01
6.639849246231155355e+00 2.260000000000000064e-01 5.765000000000000124e-01 8.622199999999999864e-01 3.416799999999999837e-01
6.740301507537687975e+00 2.260000000000000064e-01 5.784299999999999997e-01 8.611799999999999455e-01 3.384699999999999931e-01
6.840753768844220595e+00 2.260000000000000064e-01 5.791800000000000281e-01 8.589900000000000313e-01 3.336200000000000276e-01
6.941206030150753215e+00 2.270000000000000073e-01 5.786599999999999522e-01 8.565199999999999481e-01 3.275100000000000233e-01
7.041658291457285834e+00 2.260000000000000064e-01 5.771600000000000064e-01 8.544500000000000428e-01 3.202999999999999736e-01
7.142110552763818454e+00 2.260000000000000064e-01 5.752000000000000446e-01 8.524699999999999500e-01 3.130499999999999949e-01
7.242562814070351074e+00 2.260000000000000064e-01 5.735000000000000098e-01 8.513199999999999656e-01 3.063100000000000267e-01
7.343015075376883694e+00 2.260000000000000064e-01 5.711000000000000520e-01 8.501199999999999868e-01 2.990499999999999825e-01
7.443467336683416313e+00 2.260000000000000064e-01 5.680399999999999894e-01 8.488999999999999879e-01 2.912000000000000144e-01
7.543919597989949821e+00 2.260000000000000064e-01 5.651800000000000157e-01 8.477099999999999635e-01 2.843800000000000217e-01
7.644371859296482441e+00 2.250000000000000056e-01 5.624500000000000055e-01 8.463899999999999757e-01 2.772999999999999909e-01
7.744824120603015061e+00 2.250000000000000056e-01 5.597199999999999953e-01 8.456700000000000328e-01 2.702899999999999747e-01
7.845276381909547680e+00 2.250000000000000056e-01 5.567900000000000071e-01 8.445899999999999519e-01 2.633900000000000130e-01
7.945728643216080300e+00 2.250000000000000056e-01 5.540100000000000025e-01 8.437200000000000255e-01 2.569799999999999862e-01
8.046180904522612920e+00 2.250000000000000056e-01 5.514900000000000357e-01 8.431800000000000406e-01 2.514000000000000123e-01
8.146633165829145540e+00 2.250000000000000056e-01 5.501399999999999624e-01 8.444800000000000084e-01 2.441399999999999959e-01
8.247085427135678160e+00 2.250000000000000056e-01 5.488199999999999745e-01 8.455099999999999838e-01 2.380899999999999961e-01
8.347537688442210779e+00 2.250000000000000056e-01 5.474200000000000177e-01 8.464899999999999647e-01 2.322899999999999965e-01
8.447989949748743399e+00 2.250000000000000056e-01 5.459199999999999608e-01 8.475500000000000256e-01 2.269299999999999928e-01
8.548442211055276019e+00 2.250000000000000056e-01 5.443799999999999750e-01 8.483500000000000485e-01 2.219800000000000106e-01
8.648894472361808639e+00 2.250000000000000056e-01 5.426400000000000112e-01 8.488400000000000389e-01 2.166200000000000070e-01
8.749346733668341258e+00 2.250000000000000056e-01 5.421099999999999808e-01 8.501800000000000468e-01 2.097100000000000075e-01
8.849798994974873878e+00 2.250000000000000056e-01 5.422599999999999643e-01 8.524399999999999755e-01 1.999100000000000044e-01
8.950251256281406498e+00 2.250000000000000056e-01 5.420099999999999918e-01 8.540600000000000414e-01 1.910399999999999876e-01
9.050703517587939118e+00 2.250000000000000056e-01 5.412400000000000544e-01 8.550400000000000222e-01 1.839699999999999946e-01
9.151155778894471737e+00 2.250000000000000056e-01 5.400899999999999590e-01 8.558200000000000252e-01 1.781000000000000083e-01
9.251608040201004357e+00 2.250000000000000056e-01 5.390000000000000346e-01 8.563399999999999901e-01 1.725800000000000112e-01
9.352060301507536977e+00 2.250000000000000056e-01 5.377300000000000413e-01 8.567099999999999715e-01 1.674100000000000033e-01
9.452512562814069597e+00 2.250000000000000056e-01 5.364400000000000279e-01 8.570999999999999730e-01 1.627300000000000135e-01
9.552964824120602216e+00 2.250000000000000056e-01 5.351200000000000401e-01 8.573600000000000110e-01 1.584599999999999898e-01
9.653417085427134836e+00 2.250000000000000056e-01 5.338600000000000012e-01 8.575599999999999890e-01 1.545700000000000129e-01
9.753869346733667456e+00 2.250000000000000056e-01 5.327899999999999858e-01 8.579299999999999704e-01 1.509600000000000108e-01
9.854321608040200076e+00 2.250000000000000056e-01 5.316300000000000470e-01 8.583300000000000374e-01 1.477300000000000002e-01
9.954773869346732695e+00 2.250000000000000056e-01 5.301799999999999846e-01 8.589400000000000368e-01 1.451699999999999935e-01
1.005522613065326532e+01 2.250000000000000056e-01 5.286600000000000188e-01 8.597399999999999487e-01 1.432700000000000085e-01
1.015567839195979793e+01 2.250000000000000056e-01 5.272400000000000420e-01 8.604699999999999571e-01 1.413500000000000034e-01
1.025613065326633055e+01 2.250000000000000056e-01 5.257800000000000251e-01 8.610900000000000221e-01 1.396699999999999886e-01
1.035658291457286317e+01 2.250000000000000056e-01 5.244799999999999462e-01 8.617299999999999960e-01 1.380699999999999983e-01
1.045703517587939579e+01 2.250000000000000056e-01 5.233799999999999564e-01 8.625099999999999989e-01 1.363900000000000112e-01
1.055748743718592841e+01 2.250000000000000056e-01 5.226699999999999680e-01 8.637700000000000378e-01 1.343699999999999894e-01
1.065793969849246103e+01 2.250000000000000056e-01 5.218899999999999650e-01 8.649400000000000421e-01 1.325399999999999912e-01
1.075839195979899543e+01 2.250000000000000056e-01 5.211200000000000276e-01 8.660900000000000265e-01 1.308699999999999863e-01
1.085884422110552805e+01 2.250000000000000056e-01 5.204299999999999482e-01 8.672199999999999909e-01 1.292699999999999960e-01
1.095929648241206067e+01 2.250000000000000056e-01 5.195800000000000418e-01 8.683899999999999952e-01 1.278199999999999892e-01
1.105974874371859329e+01 2.260000000000000064e-01 5.191900000000000404e-01 8.697200000000000486e-01 1.259399999999999964e-01
1.116020100502512591e+01 2.260000000000000064e-01 5.188199999999999479e-01 8.708599999999999675e-01 1.240200000000000052e-01
1.126065326633165853e+01 2.260000000000000064e-01 5.184299999999999464e-01 8.719200000000000284e-01 1.223000000000000059e-01
1.136110552763819115e+01 2.260000000000000064e-01 5.178700000000000525e-01 8.727599999999999802e-01 1.209500000000000020e-01
1.146155778894472377e+01 2.260000000000000064e-01 5.170599999999999641e-01 8.735899999999999777e-01 1.201099999999999945e-01
1.156201005025125639e+01 2.260000000000000064e-01 5.161400000000000432e-01 8.743100000000000316e-01 1.191399999999999959e-01
1.166246231155778901e+01 2.260000000000000064e-01 5.150599999999999623e-01 8.750499999999999945e-01 1.186399999999999955e-01
1.176291457286432163e+01 2.260000000000000064e-01 5.141700000000000159e-01 8.761799999999999589e-01 1.181699999999999973e-01
1.186336683417085425e+01 2.260000000000000064e-01 5.123999999999999666e-01 8.774199999999999777e-01 1.194500000000000006e-01
1.196381909547738687e+01 2.250000000000000056e-01 5.104100000000000303e-01 8.786199999999999566e-01 1.212899999999999950e-01
1.206427135678391949e+01 2.250000000000000056e-01 5.087000000000000410e-01 8.796399999999999775e-01 1.227300000000000058e-01
1.216472361809045211e+01 2.250000000000000056e-01 5.073600000000000332e-01 8.805399999999999894e-01 1.234500000000000042e-01
1.226517587939698473e+01 2.250000000000000056e-01 5.062400000000000233e-01 8.816599999999999993e-01 1.242599999999999955e-01
1.236562814070351735e+01 2.250000000000000056e-01 5.045300000000000340e-01 8.824999999999999512e-01 1.263600000000000001e-01
1.246608040201004997e+01 2.250000000000000056e-01 5.027700000000000502e-01 8.832600000000000451e-01 1.290100000000000136e-01
1.256653266331658259e+01 2.250000000000000056e-01 5.007099999999999884e-01 8.840900000000000425e-01 1.337099999999999955e-01
1.266698492462311521e+01 2.250000000000000056e-01 4.985899999999999777e-01 8.844300000000000495e-01 1.403399999999999925e-01
1.276743718592964782e+01 2.240000000000000047e-01 4.978500000000000147e-01 8.837099999999999955e-01 1.496300000000000130e-01
1.286788944723618044e+01 2.240000000000000047e-01 4.995800000000000241e-01 8.819700000000000317e-01 1.604500000000000093e-01
1.296834170854271306e+01 2.230000000000000038e-01 5.043600000000000305e-01 8.795699999999999630e-01 1.713800000000000046e-01
1.306879396984924568e+01 2.220000000000000029e-01 5.110500000000000043e-01 8.780900000000000372e-01 1.797900000000000054e-01
1.316924623115577830e+01 2.220000000000000029e-01 5.165199999999999791e-01 8.767200000000000548e-01 1.851500000000000090e-01
1.326969849246231092e+01 2.210000000000000020e-01 5.208399999999999697e-01 8.761100000000000554e-01 1.887000000000000066e-01
1.337015075376884354e+01 2.210000000000000020e-01 5.234100000000000419e-01 8.759200000000000319e-01 1.905699999999999894e-01
1.347060301507537616e+01 2.210000000000000020e-01 5.247000000000000552e-01 8.759000000000000119e-01 1.913100000000000078e-01
1.357105527638190878e+01 2.210000000000000020e-01 5.253299999999999637e-01 8.760599999999999499e-01 1.914599999999999913e-01
1.367150753768844140e+01 2.210000000000000020e-01 5.255499999999999616e-01 8.762199999999999989e-01 1.912800000000000056e-01
1.377195979899497402e+01 2.210000000000000020e-01 5.254400000000000182e-01 8.764699999999999713e-01 1.908400000000000096e-01
1.387241206030150664e+01 2.210000000000000020e-01 5.249800000000000022e-01 8.769000000000000128e-01 1.901299999999999935e-01
1.397286432160803926e+01 2.210000000000000020e-01 5.242400000000000393e-01 8.774399999999999977e-01 1.892000000000000071e-01
1.407331658291457188e+01 2.210000000000000020e-01 5.231500000000000039e-01 8.781299999999999661e-01 1.880100000000000104e-01
1.417376884422110450e+01 2.210000000000000020e-01 5.218800000000000106e-01 8.788799999999999946e-01 1.866899999999999948e-01
1.427422110552763712e+01 2.220000000000000029e-01 5.205800000000000427e-01 8.795899999999999830e-01 1.853299999999999947e-01
1.437467336683416974e+01 2.220000000000000029e-01 5.192900000000000293e-01 8.802999999999999714e-01 1.839699999999999946e-01
1.447512562814070236e+01 2.220000000000000029e-01 5.180200000000000360e-01 8.810000000000000053e-01 1.826200000000000045e-01
1.457557788944723498e+01 2.220000000000000029e-01 5.168300000000000116e-01 8.818300000000000027e-01 1.813299999999999912e-01
1.467603015075376760e+01 2.220000000000000029e-01 5.156699999999999617e-01 8.826000000000000512e-01 1.800499999999999878e-01
1.477648241206030022e+01 2.220000000000000029e-01 5.144699999999999829e-01 8.833100000000000396e-01 1.786999999999999977e-01
1.487693467336683284e+01 2.220000000000000029e-01 5.133600000000000385e-01 8.841599999999999460e-01 1.773200000000000054e-01
1.497738693467336546e+01 2.220000000000000029e-01 5.123100000000000431e-01 8.849799999999999889e-01 1.759799999999999975e-01
1.507783919597989986e+01 2.220000000000000029e-01 5.112499999999999822e-01 8.858000000000000318e-01 1.746499999999999997e-01
1.517829145728643248e+01 2.230000000000000038e-01 5.101599999999999469e-01 8.866199999999999637e-01 1.733000000000000096e-01
1.527874371859296510e+01 2.230000000000000038e-01 5.092499999999999805e-01 8.875399999999999956e-01 1.720099999999999962e-01
1.537919597989949771e+01 2.230000000000000038e-01 5.083499999999999686e-01 8.883799999999999475e-01 1.707700000000000051e-01
1.547964824120603033e+01 2.230000000000000038e-01 5.075100000000000167e-01 8.891900000000000359e-01 1.695599999999999885e-01
1.558010050251256295e+01 2.230000000000000038e-01 5.066100000000000048e-01 8.899899999999999478e-01 1.682800000000000129e-01
1.568055276381909557e+01 2.230000000000000038e-01 5.055899999999999839e-01 8.908599999999999852e-01 1.668000000000000038e-01
1.578100502512562819e+01 2.230000000000000038e-01 5.043600000000000305e-01 8.918099999999999916e-01 1.649899999999999978e-01
1.588145728643216081e+01 2.230000000000000038e-01 5.032200000000000006e-01 8.928800000000000070e-01 1.631599999999999995e-01
1.598190954773869343e+01 2.230000000000000038e-01 5.022100000000000453e-01 8.939899999999999514e-01 1.613300000000000012e-01
1.608236180904522783e+01 2.230000000000000038e-01 5.010599999999999499e-01 8.951299999999999812e-01 1.592200000000000004e-01
1.618281407035176045e+01 2.230000000000000038e-01 4.999700000000000255e-01 8.961999999999999966e-01 1.571099999999999997e-01
1.628326633165829307e+01 2.240000000000000047e-01 4.989899999999999891e-01 8.972700000000000120e-01 1.550499999999999934e-01
1.638371859296482569e+01 2.240000000000000047e-01 4.981400000000000272e-01 8.983400000000000274e-01 1.530799999999999939e-01
1.648417085427135831e+01 2.240000000000000047e-01 4.974500000000000033e-01 8.993400000000000283e-01 1.513599999999999945e-01
1.658462311557789093e+01 2.240000000000000047e-01 4.968799999999999883e-01 9.002299999999999747e-01 1.498800000000000132e-01
1.668507537688442355e+01 2.240000000000000047e-01 4.964199999999999724e-01 9.009800000000000031e-01 1.486099999999999921e-01
1.678552763819095617e+01 2.240000000000000047e-01 4.959999999999999964e-01 9.016999999999999460e-01 1.474300000000000055e-01
1.688597989949748879e+01 2.240000000000000047e-01 4.956200000000000050e-01 9.023400000000000309e-01 1.463099999999999956e-01
1.698643216080402141e+01 2.240000000000000047e-01 4.952900000000000080e-01 9.029099999999999904e-01 1.452600000000000002e-01
1.708688442211055403e+01 2.240000000000000047e-01 4.949799999999999756e-01 9.034699999999999953e-01 1.441699999999999926e-01
1.718733668341708665e+01 2.240000000000000047e-01 4.946900000000000186e-01 9.039500000000000313e-01 1.431099999999999872e-01
1.728778894472361927e+01 2.240000000000000047e-01 4.944100000000000161e-01 9.044699999999999962e-01 1.420200000000000073e-01
1.738824120603015189e+01 2.240000000000000047e-01 4.941599999999999882e-01 9.049800000000000066e-01 1.409999999999999865e-01
1.748869346733668451e+01 2.240000000000000047e-01 4.939700000000000202e-01 9.054299999999999571e-01 1.400899999999999923e-01
1.758914572864321713e+01 2.240000000000000047e-01 4.938100000000000267e-01 9.058300000000000241e-01 1.392799999999999871e-01
1.768959798994974975e+01 2.240000000000000047e-01 4.936200000000000032e-01 9.061099999999999710e-01 1.385200000000000042e-01
1.779005025125628237e+01 2.240000000000000047e-01 4.934100000000000152e-01 9.063600000000000545e-01 1.377800000000000136e-01
1.789050251256281499e+01 2.240000000000000047e-01 4.931300000000000128e-01 9.065600000000000325e-01 1.369499999999999884e-01
1.799095477386934760e+01 2.240000000000000047e-01 4.928799999999999848e-01 9.067699999999999649e-01 1.362800000000000122e-01
1.809140703517588022e+01 2.240000000000000047e-01 4.926300000000000123e-01 9.068199999999999594e-01 1.355999999999999983e-01
1.819185929648241284e+01 2.240000000000000047e-01 4.924200000000000244e-01 9.068300000000000249e-01 1.350600000000000134e-01
1.829231155778894546e+01 2.240000000000000047e-01 4.922400000000000109e-01 9.068399999999999794e-01 1.346100000000000074e-01
1.839276381909547808e+01 2.240000000000000047e-01 4.920599999999999974e-01 9.068300000000000249e-01 1.341799999999999937e-01
1.849321608040201070e+01 2.240000000000000047e-01 4.919100000000000139e-01 9.068000000000000504e-01 1.338300000000000045e-01
1.859366834170854332e+01 2.240000000000000047e-01 4.917599999999999749e-01 9.067300000000000360e-01 1.334700000000000053e-01
1.869412060301507594e+01 2.240000000000000047e-01 4.915499999999999869e-01 9.066600000000000215e-01 1.330199999999999994e-01
1.879457286432160856e+01 2.240000000000000047e-01 4.913000000000000145e-01 9.065499999999999670e-01 1.325300000000000089e-01
1.889502512562814118e+01 2.250000000000000056e-01 4.910499999999999865e-01 9.064499999999999780e-01 1.320800000000000030e-01
1.899547738693467380e+01 2.250000000000000056e-01 4.907699999999999840e-01 9.064400000000000235e-01 1.314299999999999913e-01
1.909592964824120642e+01 2.250000000000000056e-01 4.904999999999999916e-01 9.064400000000000235e-01 1.306700000000000084e-01
1.919638190954773904e+01 2.250000000000000056e-01 4.902400000000000091e-01 9.064999999999999725e-01 1.299800000000000122e-01
1.929683417085427166e+01 2.250000000000000056e-01 4.899999999999999911e-01 9.064999999999999725e-01 1.293700000000000128e-01
1.939728643216080428e+01 2.250000000000000056e-01 4.897900000000000031e-01 9.064999999999999725e-01 1.288300000000000001e-01
1.949773869346733690e+01 2.250000000000000056e-01 4.895700000000000052e-01 9.065400000000000125e-01 1.283700000000000119e-01
1.959819095477386952e+01 2.250000000000000056e-01 4.893600000000000172e-01 9.065499999999999670e-01 1.279099999999999959e-01
1.969864321608040214e+01 2.250000000000000056e-01 4.891400000000000192e-01 9.065400000000000125e-01 1.274700000000000000e-01
1.979909547738693476e+01 2.250000000000000056e-01 4.889399999999999857e-01 9.065499999999999670e-01 1.270799999999999985e-01
1.989954773869346738e+01 2.250000000000000056e-01 4.887400000000000078e-01 9.065600000000000325e-01 1.266799999999999871e-01
2.000000000000000000e+01 2.250000000000000056e-01 4.885499999999999843e-01 9.065400000000000125e-01 1.262999999999999956e-01
