1.000000000000000021e-02 2.270000000000000073e-01 8.989999999999999380e-02 7.706100000000000172e-01 1.410999999999999928e-02
1.104522613065326564e-01 2.270000000000000073e-01 8.989999999999999380e-02 7.706100000000000172e-01 1.410999999999999928e-02
2.109045226130653317e-01 2.270000000000000073e-01 8.989999999999999380e-02 7.706100000000000172e-01 1.410999999999999928e-02
3.113567839195979792e-01 2.270000000000000073e-01 8.989999999999999380e-02 7.706100000000000172e-01 1.410999999999999928e-02
4.118090452261306544e-01 2.270000000000000073e-01 8.989999999999999380e-02 7.706100000000000172e-01 1.410999999999999928e-02
5.122613065326633297e-01 2.270000000000000073e-01 8.989999999999999380e-02 7.706100000000000172e-01 1.410999999999999928e-02
6.127135678391959495e-01 1.990000000000000102e-01 7.451000000000000678e-02 9.152700000000000280e-01 1.703000000000000000e-02
7.131658291457286802e-01 1.990000000000000102e-01 7.451000000000000678e-02 9.152700000000000280e-01 1.703000000000000000e-02
8.136180904522613000e-01 1.839999999999999969e-01 2.318500000000000005e-01 5.916599999999999637e-01 3.989999999999999797e-02
9.140703517587939197e-01 1.839999999999999969e-01 2.331499999999999961e-01 5.876200000000000312e-01 4.191000000000000281e-02
1.014522613065326651e+00 1.819999999999999951e-01 2.782999999999999918e-01 6.214199999999999724e-01 8.586000000000000576e-02
1.114974874371859270e+00 1.809999999999999942e-01 2.769599999999999840e-01 6.867100000000000426e-01 9.203999999999999682e-02
1.215427135678391890e+00 1.910000000000000031e-01 5.424099999999999477e-01 7.747300000000000297e-01 4.158499999999999974e-01
1.315879396984924510e+00 1.920000000000000040e-01 5.676600000000000534e-01 7.534800000000000386e-01 4.427800000000000069e-01
1.416331658291457352e+00 1.680000000000000104e-01 6.119999999999999885e-01 7.421400000000000219e-01 3.370600000000000263e-01
1.516783919597989971e+00 1.670000000000000095e-01 6.080699999999999994e-01 7.441999999999999726e-01 3.351399999999999935e-01
1.617236180904522591e+00 1.660000000000000087e-01 5.929699999999999971e-01 7.438599999999999657e-01 3.250600000000000156e-01
1.717688442211055211e+00 1.650000000000000078e-01 5.744299999999999962e-01 7.414600000000000080e-01 3.136599999999999944e-01
1.818140703517587831e+00 1.640000000000000069e-01 5.579699999999999660e-01 7.381199999999999983e-01 3.048199999999999799e-01
1.918592964824120672e+00 1.630000000000000060e-01 5.466900000000000093e-01 7.365500000000000380e-01 2.993500000000000050e-01
2.019045226130653070e+00 1.630000000000000060e-01 5.383799999999999697e-01 7.359099999999999531e-01 2.956799999999999984e-01
2.119497487437185690e+00 1.630000000000000060e-01 5.319199999999999484e-01 7.357799999999999896e-01 2.930400000000000227e-01
2.219949748743718310e+00 1.630000000000000060e-01 5.268399999999999750e-01 7.360299999999999621e-01 2.911099999999999799e-01
2.320402010050250929e+00 1.630000000000000060e-01 5.138000000000000345e-01 7.346700000000000452e-01 2.854599999999999915e-01
2.420854271356783549e+00 1.620000000000000051e-01 5.025199999999999667e-01 7.335899999999999643e-01 2.807700000000000196e-01
2.521306532663316169e+00 1.620000000000000051e-01 4.946400000000000241e-01 7.339900000000000313e-01 2.778800000000000159e-01
2.621758793969848789e+00 1.620000000000000051e-01 4.878899999999999904e-01 7.360700000000000021e-01 2.757899999999999796e-01
2.722211055276381853e+00 1.630000000000000060e-01 4.798799999999999732e-01 7.401699999999999946e-01 2.729599999999999804e-01
2.822663316582914472e+00 1.630000000000000060e-01 4.723100000000000076e-01 7.441299999999999581e-01 2.701799999999999757e-01
2.923115577889447092e+00 1.630000000000000060e-01 4.664699999999999958e-01 7.486699999999999466e-01 2.686999999999999944e-01
3.023567839195979712e+00 1.640000000000000069e-01 4.615299999999999958e-01 7.530200000000000227e-01 2.676100000000000145e-01
3.124020100502512332e+00 1.640000000000000069e-01 4.570899999999999963e-01 7.569500000000000117e-01 2.666700000000000181e-01
3.224472361809044951e+00 1.640000000000000069e-01 4.511200000000000210e-01 7.608500000000000263e-01 2.629900000000000015e-01
3.324924623115577571e+00 1.650000000000000078e-01 4.451399999999999801e-01 7.645499999999999519e-01 2.577999999999999736e-01
3.425376884422110191e+00 1.650000000000000078e-01 4.387599999999999834e-01 7.670299999999999896e-01 2.515700000000000158e-01
3.525829145728642811e+00 1.650000000000000078e-01 4.321800000000000086e-01 7.699399999999999578e-01 2.454999999999999960e-01
3.626281407035175430e+00 1.660000000000000087e-01 4.260800000000000143e-01 7.725699999999999790e-01 2.399499999999999966e-01
3.726733668341708050e+00 1.660000000000000087e-01 4.203899999999999859e-01 7.749099999999999877e-01 2.348200000000000010e-01
3.827185929648241114e+00 1.660000000000000087e-01 4.140300000000000091e-01 7.772900000000000365e-01 2.294700000000000073e-01
3.927638190954773734e+00 1.660000000000000087e-01 4.069699999999999984e-01 7.796999999999999487e-01 2.238600000000000034e-01
4.028090452261306353e+00 1.670000000000000095e-01 4.001500000000000057e-01 7.817300000000000360e-01 2.176200000000000079e-01
4.128542713567838973e+00 1.670000000000000095e-01 3.942300000000000249e-01 7.831700000000000328e-01 2.119800000000000018e-01
4.228994974874371593e+00 1.670000000000000095e-01 3.895799999999999819e-01 7.841599999999999682e-01 2.071099999999999886e-01
4.329447236180904213e+00 1.670000000000000095e-01 3.846200000000000174e-01 7.856600000000000250e-01 2.024299999999999988e-01
4.429899497487436832e+00 1.680000000000000104e-01 3.800700000000000189e-01 7.869399999999999729e-01 1.981499999999999928e-01
4.530351758793969452e+00 1.680000000000000104e-01 3.755399999999999849e-01 7.878399999999999848e-01 1.936499999999999888e-01
4.630804020100502072e+00 1.680000000000000104e-01 3.711499999999999799e-01 7.885699999999999932e-01 1.891599999999999948e-01
4.731256281407034692e+00 1.680000000000000104e-01 3.668799999999999839e-01 7.891099999999999781e-01 1.846599999999999908e-01
4.831708542713567311e+00 1.680000000000000104e-01 3.636599999999999833e-01 7.895199999999999996e-01 1.810299999999999965e-01
4.932160804020099931e+00 1.680000000000000104e-01 3.605599999999999916e-01 7.899100000000000010e-01 1.774900000000000089e-01
5.032613065326632551e+00 1.690000000000000113e-01 3.588600000000000123e-01 7.903299999999999770e-01 1.749900000000000067e-01
5.133065326633165171e+00 1.690000000000000113e-01 3.578100000000000169e-01 7.907699999999999729e-01 1.730099999999999971e-01
5.233517587939697790e+00 1.690000000000000113e-01 3.566500000000000226e-01 7.912299999999999889e-01 1.709600000000000009e-01
5.333969849246230410e+00 1.690000000000000113e-01 3.554999999999999827e-01 7.918100000000000138e-01 1.689400000000000068e-01
5.434422110552763918e+00 1.690000000000000113e-01 3.544700000000000073e-01 7.925400000000000222e-01 1.674200000000000133e-01
5.534874371859296538e+00 1.690000000000000113e-01 3.531400000000000095e-01 7.934600000000000541e-01 1.658499999999999974e-01
5.635326633165829158e+00 1.700000000000000122e-01 3.516400000000000081e-01 7.942900000000000515e-01 1.640800000000000036e-01
5.735778894472361777e+00 1.700000000000000122e-01 3.502000000000000113e-01 7.950099999999999945e-01 1.623900000000000066e-01
5.836231155778894397e+00 1.700000000000000122e-01 3.487999999999999989e-01 7.956100000000000394e-01 1.607599999999999862e-01
5.936683417085427017e+00 1.700000000000000122e-01 3.473899999999999766e-01 7.961200000000000498e-01 1.591400000000000037e-01
6.037135678391959637e+00 1.710000000000000131e-01 3.458499999999999908e-01 7.966400000000000148e-01 1.579399999999999971e-01
6.137587939698492256e+00 1.710000000000000131e-01 3.443899999999999739e-01 7.970300000000000162e-01 1.568100000000000049e-01
6.238040201005024876e+00 1.710000000000000131e-01 3.428999999999999826e-01 7.973700000000000232e-01 1.558700000000000085e-01
6.338492462311557496e+00 1.719999999999999862e-01 3.409599999999999853e-01 7.976100000000000412e-01 1.547999999999999932e-01
6.438944723618090116e+00 1.719999999999999862e-01 3.388599999999999945e-01 7.981300000000000061e-01 1.537999999999999923e-01
6.539396984924622735e+00 1.719999999999999862e-01 3.368499999999999828e-01 7.985499999999999821e-01 1.528100000000000014e-01
6.639849246231155355e+00 1.719999999999999862e-01 3.348900000000000210e-01 7.989000000000000545e-01 1.517799999999999983e-01
6.740301507537687975e+00 1.729999999999999871e-01 3.330500000000000127e-01 7.991599999999999815e-01 1.507999999999999896e-01
6.840753768844220595e+00 1.729999999999999871e-01 3.312999999999999834e-01 7.993700000000000250e-01 1.498200000000000087e-01
6.941206030150753215e+00 1.729999999999999871e-01 3.296200000000000241e-01 7.994900000000000340e-01 1.488700000000000023e-01
7.041658291457285834e+00 1.729999999999999871e-01 3.280399999999999983e-01 7.996100000000000430e-01 1.478899999999999937e-01
7.142110552763818454e+00 1.729999999999999871e-01 3.264699999999999824e-01 7.997100000000000319e-01 1.468399999999999983e-01
7.242562814070351074e+00 1.739999999999999880e-01 3.248400000000000176e-01 7.996400000000000174e-01 1.455899999999999972e-01
7.343015075376883694e+00 1.739999999999999880e-01 3.232700000000000018e-01 7.995299999999999629e-01 1.443699999999999983e-01
7.443467336683416313e+00 1.739999999999999880e-01 3.217599999999999905e-01 7.993700000000000250e-01 1.431800000000000017e-01
7.543919597989949821e+00 1.739999999999999880e-01 3.202900000000000191e-01 7.991899999999999560e-01 1.419999999999999873e-01
7.644371859296482441e+00 1.739999999999999880e-01 3.190000000000000058e-01 7.990300000000000180e-01 1.409700000000000120e-01
7.744824120603015061e+00 1.739999999999999880e-01 3.181700000000000084e-01 7.989899999999999780e-01 1.403699999999999948e-01
7.845276381909547680e+00 1.749999999999999889e-01 3.173500000000000210e-01 7.989300000000000290e-01 1.397599999999999953e-01
7.945728643216080300e+00 1.749999999999999889e-01 3.165499999999999980e-01 7.988499999999999490e-01 1.391600000000000059e-01
8.046180904522612920e+00 1.749999999999999889e-01 3.155899999999999817e-01 7.988899999999999890e-01 1.385399999999999965e-01
8.146633165829145540e+00 1.749999999999999889e-01 3.145700000000000163e-01 7.989000000000000545e-01 1.378600000000000103e-01
8.247085427135678160e+00 1.749999999999999889e-01 3.135399999999999854e-01 7.987400000000000055e-01 1.371999999999999886e-01
8.347537688442210779e+00 1.749999999999999889e-01 3.124700000000000255e-01 7.987499999999999600e-01 1.365300000000000125e-01
8.447989949748743399e+00 1.749999999999999889e-01 3.115600000000000036e-01 7.989800000000000235e-01 1.360399999999999943e-01
8.548442211055276019e+00 1.749999999999999889e-01 3.104700000000000237e-01 7.991800000000000015e-01 1.353399999999999881e-01
8.648894472361808639e+00 1.749999999999999889e-01 3.095700000000000118e-01 7.993799999999999795e-01 1.347800000000000109e-01
8.749346733668341258e+00 1.749999999999999889e-01 3.087400000000000144e-01 7.996299999999999519e-01 1.342599999999999905e-01
8.849798994974873878e+00 1.749999999999999889e-01 3.082799999999999985e-01 8.001200000000000534e-01 1.341499999999999915e-01
8.950251256281406498e+00 1.749999999999999889e-01 3.078199999999999825e-01 8.005700000000000038e-01 1.340300000000000102e-01
9.050703517587939118e+00 1.749999999999999889e-01 3.073600000000000221e-01 8.010099999999999998e-01 1.338999999999999913e-01
9.151155778894471737e+00 1.749999999999999889e-01 3.069000000000000061e-01 8.014200000000000212e-01 1.337500000000000078e-01
9.251608040201004357e+00 1.749999999999999889e-01 3.064299999999999802e-01 8.018499999999999517e-01 1.335800000000000043e-01
9.352060301507536977e+00 1.749999999999999889e-01 3.059000000000000052e-01 8.022000000000000242e-01 1.333300000000000041e-01
9.452512562814069597e+00 1.749999999999999889e-01 3.053600000000000203e-01 8.025099999999999456e-01 1.330399999999999916e-01
9.552964824120602216e+00 1.749999999999999889e-01 3.047699999999999854e-01 8.027800000000000491e-01 1.326900000000000024e-01
9.653417085427134836e+00 1.759999999999999898e-01 3.041900000000000159e-01 8.030800000000000161e-01 1.322699999999999987e-01
9.753869346733667456e+00 1.759999999999999898e-01 3.036300000000000110e-01 8.033200000000000340e-01 1.317899999999999905e-01
9.854321608040200076e+00 1.759999999999999898e-01 3.031499999999999750e-01 8.034900000000000375e-01 1.313600000000000045e-01
9.954773869346732695e+00 1.759999999999999898e-01 3.027199999999999891e-01 8.036999999999999700e-01 1.310000000000000053e-01
1.005522613065326532e+01 1.759999999999999898e-01 3.023100000000000231e-01 8.039100000000000135e-01 1.306299999999999961e-01
1.015567839195979793e+01 1.759999999999999898e-01 3.019100000000000117e-01 8.041199999999999459e-01 1.302699999999999969e-01
1.025613065326633055e+01 1.759999999999999898e-01 3.015499999999999847e-01 8.042200000000000459e-01 1.299099999999999977e-01
1.035658291457286317e+01 1.759999999999999898e-01 3.012099999999999778e-01 8.043000000000000149e-01 1.295199999999999962e-01
1.045703517587939579e+01 1.759999999999999898e-01 3.008399999999999963e-01 8.043299999999999894e-01 1.291100000000000025e-01
1.055748743718592841e+01 1.759999999999999898e-01 3.005599999999999938e-01 8.044599999999999529e-01 1.287899999999999878e-01
1.065793969849246103e+01 1.759999999999999898e-01 3.002000000000000224e-01 8.046200000000000019e-01 1.283900000000000041e-01
1.075839195979899543e+01 1.759999999999999898e-01 2.998600000000000154e-01 8.048100000000000254e-01 1.280199999999999949e-01
1.085884422110552805e+01 1.759999999999999898e-01 2.995300000000000185e-01 8.050800000000000178e-01 1.276599999999999957e-01
1.095929648241206067e+01 1.759999999999999898e-01 2.991699999999999915e-01 8.053700000000000303e-01 1.272899999999999865e-01
1.105974874371859329e+01 1.759999999999999898e-01 2.988199999999999745e-01 8.056200000000000028e-01 1.269200000000000050e-01
1.116020100502512591e+01 1.759999999999999898e-01 2.984399999999999831e-01 8.057999999999999607e-01 1.265300000000000036e-01
1.126065326633165853e+01 1.759999999999999898e-01 2.981900000000000106e-01 8.060399999999999787e-01 1.262399999999999911e-01
1.136110552763819115e+01 1.759999999999999898e-01 2.979800000000000226e-01 8.062599999999999767e-01 1.259699999999999986e-01
1.146155778894472377e+01 1.759999999999999898e-01 2.978700000000000236e-01 8.065200000000000147e-01 1.257399999999999907e-01
1.156201005025125639e+01 1.759999999999999898e-01 2.978399999999999936e-01 8.067900000000000071e-01 1.255600000000000049e-01
1.166246231155778901e+01 1.759999999999999898e-01 2.979399999999999826e-01 8.070500000000000451e-01 1.254300000000000137e-01
1.176291457286432163e+01 1.759999999999999898e-01 2.980499999999999816e-01 8.072700000000000431e-01 1.253100000000000047e-01
1.186336683417085425e+01 1.759999999999999898e-01 2.981199999999999961e-01 8.075099999999999500e-01 1.251599999999999935e-01
1.196381909547738687e+01 1.759999999999999898e-01 2.981199999999999961e-01 8.077600000000000335e-01 1.250100000000000100e-01
1.206427135678391949e+01 1.759999999999999898e-01 2.980900000000000216e-01 8.080100000000000060e-01 1.248500000000000026e-01
1.216472361809045211e+01 1.759999999999999898e-01 2.979700000000000126e-01 8.083500000000000130e-01 1.246600000000000069e-01
1.226517587939698473e+01 1.759999999999999898e-01 2.978100000000000191e-01 8.085900000000000309e-01 1.244299999999999989e-01
1.236562814070351735e+01 1.759999999999999898e-01 2.976500000000000257e-01 8.088600000000000234e-01 1.242000000000000048e-01
1.246608040201004997e+01 1.759999999999999898e-01 2.974999999999999867e-01 8.090899999999999759e-01 1.239900000000000030e-01
1.256653266331658259e+01 1.759999999999999898e-01 2.973399999999999932e-01 8.093299999999999939e-01 1.237800000000000011e-01
1.266698492462311521e+01 1.759999999999999898e-01 2.971699999999999897e-01 8.095599999999999463e-01 1.235499999999999932e-01
1.276743718592964782e+01 1.759999999999999898e-01 2.970099999999999962e-01 8.097900000000000098e-01 1.233199999999999991e-01
1.286788944723618044e+01 1.759999999999999898e-01 2.968600000000000128e-01 8.100000000000000533e-01 1.231099999999999972e-01
1.296834170854271306e+01 1.759999999999999898e-01 2.967299999999999938e-01 8.102300000000000058e-01 1.228999999999999954e-01
1.306879396984924568e+01 1.759999999999999898e-01 2.966400000000000148e-01 8.104200000000000292e-01 1.227000000000000035e-01
1.316924623115577830e+01 1.759999999999999898e-01 2.965499999999999803e-01 8.105900000000000327e-01 1.224999999999999978e-01
1.326969849246231092e+01 1.759999999999999898e-01 2.965800000000000103e-01 8.108499999999999597e-01 1.224200000000000010e-01
1.337015075376884354e+01 1.759999999999999898e-01 2.966599999999999793e-01 8.111199999999999521e-01 1.223899999999999988e-01
1.347060301507537616e+01 1.759999999999999898e-01 2.968199999999999728e-01 8.114200000000000301e-01 1.224399999999999933e-01
1.357105527638190878e+01 1.759999999999999898e-01 2.969300000000000272e-01 8.117499999999999716e-01 1.224599999999999994e-01
1.367150753768844140e+01 1.759999999999999898e-01 2.970499999999999807e-01 8.120300000000000296e-01 1.224900000000000017e-01
1.377195979899497402e+01 1.759999999999999898e-01 2.973000000000000087e-01 8.123799999999999910e-01 1.226300000000000029e-01
1.387241206030150664e+01 1.759999999999999898e-01 2.975499999999999812e-01 8.127299999999999525e-01 1.227800000000000002e-01
1.397286432160803926e+01 1.759999999999999898e-01 2.977099999999999747e-01 8.130399999999999849e-01 1.228500000000000009e-01
1.407331658291457188e+01 1.759999999999999898e-01 2.978700000000000236e-01 8.133000000000000229e-01 1.229200000000000015e-01
1.417376884422110450e+01 1.759999999999999898e-01 2.979899999999999771e-01 8.135499999999999954e-01 1.229699999999999960e-01
1.427422110552763712e+01 1.759999999999999898e-01 2.980900000000000216e-01 8.137699999999999934e-01 1.229900000000000021e-01
1.437467336683416974e+01 1.759999999999999898e-01 2.981699999999999906e-01 8.139899999999999913e-01 1.230200000000000043e-01
1.447512562814070236e+01 1.759999999999999898e-01 2.983100000000000196e-01 8.142000000000000348e-01 1.230699999999999988e-01
1.457557788944723498e+01 1.759999999999999898e-01 2.983899999999999886e-01 8.143899999999999473e-01 1.230600000000000027e-01
1.467603015075376760e+01 1.759999999999999898e-01 2.984499999999999931e-01 8.145700000000000163e-01 1.230300000000000005e-01
1.477648241206030022e+01 1.759999999999999898e-01 2.984899999999999776e-01 8.147100000000000453e-01 1.229800000000000060e-01
1.487693467336683284e+01 1.759999999999999898e-01 2.985099999999999976e-01 8.148400000000000087e-01 1.229100000000000054e-01
1.497738693467336546e+01 1.759999999999999898e-01 2.985400000000000276e-01 8.149499999999999522e-01 1.228500000000000009e-01
1.507783919597989986e+01 1.759999999999999898e-01 2.985499999999999821e-01 8.150600000000000067e-01 1.227899999999999964e-01
1.517829145728643248e+01 1.759999999999999898e-01 2.984800000000000231e-01 8.152000000000000357e-01 1.226700000000000013e-01
1.527874371859296510e+01 1.759999999999999898e-01 2.983899999999999886e-01 8.153700000000000392e-01 1.225500000000000062e-01
1.537919597989949771e+01 1.759999999999999898e-01 2.982799999999999896e-01 8.155299999999999772e-01 1.224399999999999933e-01
1.547964824120603033e+01 1.759999999999999898e-01 2.981500000000000261e-01 8.156799999999999606e-01 1.223100000000000021e-01
1.558010050251256295e+01 1.759999999999999898e-01 2.980099999999999971e-01 8.158199999999999896e-01 1.221799999999999969e-01
1.568055276381909557e+01 1.759999999999999898e-01 2.979100000000000081e-01 8.159199999999999786e-01 1.220799999999999941e-01
1.578100502512562819e+01 1.759999999999999898e-01 2.978000000000000091e-01 8.160500000000000531e-01 1.219699999999999951e-01
1.588145728643216081e+01 1.759999999999999898e-01 2.976699999999999902e-01 8.161399999999999766e-01 1.218199999999999977e-01
1.598190954773869343e+01 1.759999999999999898e-01 2.975300000000000167e-01 8.162500000000000311e-01 1.216799999999999965e-01
1.608236180904522783e+01 1.759999999999999898e-01 2.973799999999999777e-01 8.163399999999999546e-01 1.215299999999999991e-01
1.618281407035176045e+01 1.759999999999999898e-01 2.971500000000000252e-01 8.164099999999999691e-01 1.213100000000000012e-01
1.628326633165829307e+01 1.759999999999999898e-01 2.969600000000000017e-01 8.164799999999999836e-01 1.211499999999999938e-01
1.638371859296482569e+01 1.759999999999999898e-01 2.967799999999999883e-01 8.165400000000000436e-01 1.209999999999999964e-01
1.648417085427135831e+01 1.759999999999999898e-01 2.965999999999999748e-01 8.166200000000000125e-01 1.208700000000000052e-01
1.658462311557789093e+01 1.769999999999999907e-01 2.964300000000000268e-01 8.167200000000000015e-01 1.207400000000000001e-01
1.668507537688442355e+01 1.759999999999999898e-01 2.962600000000000233e-01 8.168199999999999905e-01 1.206200000000000050e-01
1.678552763819095617e+01 1.769999999999999907e-01 2.960699999999999998e-01 8.169100000000000250e-01 1.205100000000000060e-01
1.688597989949748879e+01 1.769999999999999907e-01 2.958799999999999764e-01 8.169899999999999940e-01 1.204100000000000031e-01
1.698643216080402141e+01 1.769999999999999907e-01 2.956500000000000239e-01 8.170600000000000085e-01 1.202799999999999980e-01
1.708688442211055403e+01 1.769999999999999907e-01 2.955400000000000249e-01 8.171300000000000230e-01 1.202499999999999958e-01
1.718733668341708665e+01 1.769999999999999907e-01 2.953700000000000214e-01 8.171899999999999720e-01 1.201500000000000068e-01
1.728778894472361927e+01 1.769999999999999907e-01 2.952400000000000024e-01 8.172700000000000520e-01 1.200900000000000023e-01
1.738824120603015189e+01 1.769999999999999907e-01 2.951099999999999834e-01 8.173399999999999554e-01 1.200399999999999939e-01
1.748869346733668451e+01 1.769999999999999907e-01 2.949800000000000200e-01 8.174000000000000155e-01 1.199999999999999956e-01
1.758914572864321713e+01 1.769999999999999907e-01 2.948600000000000110e-01 8.174700000000000299e-01 1.199599999999999972e-01
1.768959798994974975e+01 1.769999999999999907e-01 2.947400000000000020e-01 8.175299999999999789e-01 1.199199999999999988e-01
1.779005025125628237e+01 1.769999999999999907e-01 2.946199999999999930e-01 8.175900000000000389e-01 1.198899999999999966e-01
1.789050251256281499e+01 1.769999999999999907e-01 2.944899999999999740e-01 8.176499999999999879e-01 1.198499999999999982e-01
1.799095477386934760e+01 1.769999999999999907e-01 2.943899999999999850e-01 8.176900000000000279e-01 1.198199999999999960e-01
1.809140703517588022e+01 1.769999999999999907e-01 2.943500000000000005e-01 8.176799999999999624e-01 1.198000000000000037e-01
1.819185929648241284e+01 1.769999999999999907e-01 2.942799999999999860e-01 8.176600000000000534e-01 1.197600000000000053e-01
1.829231155778894546e+01 1.769999999999999907e-01 2.942199999999999815e-01 8.176200000000000134e-01 1.197300000000000031e-01
1.839276381909547808e+01 1.769999999999999907e-01 2.941799999999999971e-01 8.175799999999999734e-01 1.196900000000000047e-01
1.849321608040201070e+01 1.769999999999999907e-01 2.941300000000000026e-01 8.175499999999999989e-01 1.196600000000000025e-01
1.859366834170854332e+01 1.769999999999999907e-01 2.940900000000000181e-01 8.175200000000000244e-01 1.196300000000000002e-01
1.869412060301507594e+01 1.769999999999999907e-01 2.940499999999999781e-01 8.174900000000000500e-01 1.196200000000000041e-01
1.879457286432160856e+01 1.769999999999999907e-01 2.939700000000000091e-01 8.174400000000000555e-01 1.195699999999999957e-01
1.889502512562814118e+01 1.769999999999999907e-01 2.939300000000000246e-01 8.174000000000000155e-01 1.195500000000000035e-01
1.899547738693467380e+01 1.769999999999999907e-01 2.938700000000000201e-01 8.173700000000000410e-01 1.195100000000000051e-01
1.909592964824120642e+01 1.769999999999999907e-01 2.938100000000000156e-01 8.173300000000000010e-01 1.194800000000000029e-01
1.919638190954773904e+01 1.769999999999999907e-01 2.937400000000000011e-01 8.173000000000000265e-01 1.194299999999999945e-01
1.929683417085427166e+01 1.769999999999999907e-01 2.936799999999999966e-01 8.173099999999999810e-01 1.194000000000000061e-01
1.939728643216080428e+01 1.769999999999999907e-01 2.936099999999999821e-01 8.172599999999999865e-01 1.193499999999999978e-01
1.949773869346733690e+01 1.769999999999999907e-01 2.935300000000000131e-01 8.172099999999999920e-01 1.193000000000000033e-01
1.959819095477386952e+01 1.769999999999999907e-01 2.934700000000000086e-01 8.171699999999999520e-01 1.192600000000000049e-01
1.969864321608040214e+01 1.769999999999999907e-01 2.934899999999999731e-01 8.171100000000000030e-01 1.192499999999999949e-01
1.979909547738693476e+01 1.769999999999999907e-01 2.936199999999999921e-01 8.170500000000000540e-01 1.193199999999999955e-01
1.989954773869346738e+01 1.769999999999999907e-01 2.937899999999999956e-01 8.170100000000000140e-01 1.194000000000000061e-01
2.000000000000000000e+01 1.769999999999999907e-01 2.939700000000000091e-01 8.169199999999999795e-01 1.194800000000000029e-01
