8.136180904522613000e-01 2.320000000000000118e-01 9.000000000000000567e-05 7.900000000000000078e-02 5.000000000000000240e-05
9.140703517587939197e-01 2.290000000000000091e-01 6.999999999999999387e-05 7.735999999999999821e-02 4.000000000000000327e-05
1.014522613065326651e+00 2.300000000000000100e-01 1.600000000000000131e-04 9.739000000000000434e-02 9.000000000000000567e-05
1.114974874371859270e+00 2.270000000000000073e-01 9.409999999999999962e-03 1.954100000000000004e-01 3.810000000000000019e-03
1.215427135678391890e+00 2.270000000000000073e-01 1.333999999999999943e-02 1.999499999999999889e-01 5.479999999999999628e-03
1.315879396984924510e+00 2.179999999999999993e-01 7.600000000000000418e-04 1.295999999999999930e-01 3.099999999999999999e-04
1.416331658291457352e+00 2.129999999999999949e-01 6.899999999999999667e-04 1.252000000000000057e-01 2.999999999999999737e-04
1.516783919597989971e+00 2.139999999999999958e-01 1.160000000000000007e-03 1.348600000000000076e-01 5.699999999999999772e-04
1.617236180904522591e+00 2.190000000000000002e-01 1.940000000000000101e-03 1.504900000000000126e-01 9.899999999999999946e-04
1.717688442211055211e+00 2.169999999999999984e-01 3.569999999999999823e-03 1.678900000000000114e-01 1.869999999999999917e-03
1.818140703517587831e+00 2.139999999999999958e-01 5.360000000000000181e-03 1.796699999999999964e-01 2.759999999999999867e-03
1.918592964824120672e+00 2.149999999999999967e-01 8.040000000000000271e-03 1.909500000000000086e-01 3.830000000000000071e-03
2.019045226130653070e+00 2.270000000000000073e-01 1.336999999999999994e-02 1.893499999999999905e-01 6.760000000000000384e-03
2.119497487437185690e+00 2.250000000000000056e-01 1.918999999999999873e-02 1.867600000000000093e-01 1.008000000000000042e-02
2.219949748743718310e+00 2.270000000000000073e-01 2.512999999999999956e-02 1.838299999999999934e-01 1.361000000000000057e-02
2.320402010050250929e+00 2.270000000000000073e-01 2.971999999999999989e-02 1.824300000000000088e-01 1.632000000000000117e-02
2.420854271356783549e+00 2.260000000000000064e-01 3.364000000000000323e-02 1.814000000000000057e-01 1.857999999999999929e-02
2.521306532663316169e+00 2.270000000000000073e-01 3.581000000000000155e-02 1.805499999999999883e-01 1.968999999999999917e-02
2.621758793969848789e+00 2.270000000000000073e-01 3.760999999999999760e-02 1.794099999999999862e-01 2.061999999999999944e-02
2.722211055276381853e+00 2.270000000000000073e-01 4.070000000000000007e-02 1.793700000000000017e-01 2.227000000000000160e-02
2.822663316582914472e+00 2.270000000000000073e-01 4.589000000000000024e-02 1.800100000000000033e-01 2.488999999999999893e-02
2.923115577889447092e+00 2.270000000000000073e-01 5.113000000000000184e-02 1.811699999999999977e-01 2.741999999999999993e-02
3.023567839195979712e+00 2.270000000000000073e-01 5.578999999999999931e-02 1.852600000000000080e-01 2.855999999999999858e-02
3.124020100502512332e+00 2.270000000000000073e-01 6.015999999999999820e-02 1.892099999999999893e-01 2.929999999999999966e-02
3.224472361809044951e+00 2.270000000000000073e-01 6.146999999999999686e-02 1.898799999999999932e-01 3.049999999999999933e-02
3.324924623115577571e+00 2.159999999999999976e-01 6.103999999999999704e-02 1.890999999999999903e-01 3.184000000000000025e-02
3.425376884422110191e+00 2.159999999999999976e-01 6.106999999999999929e-02 1.863200000000000134e-01 3.452000000000000207e-02
3.525829145728642811e+00 2.159999999999999976e-01 6.210000000000000242e-02 1.840799999999999936e-01 3.712000000000000022e-02
3.626281407035175430e+00 2.169999999999999984e-01 6.282999999999999696e-02 1.836599999999999899e-01 3.830999999999999683e-02
3.726733668341708050e+00 2.169999999999999984e-01 6.979000000000000481e-02 1.867399999999999893e-01 4.225000000000000283e-02
3.827185929648241114e+00 2.179999999999999993e-01 7.825999999999999623e-02 1.918100000000000083e-01 4.590999999999999942e-02
3.927638190954773734e+00 2.190000000000000002e-01 8.530999999999999694e-02 1.983999999999999930e-01 4.694999999999999868e-02
4.028090452261306353e+00 2.190000000000000002e-01 8.977000000000000257e-02 2.035099999999999965e-01 4.594999999999999779e-02
4.128542713567838973e+00 2.200000000000000011e-01 9.341000000000000691e-02 2.087100000000000066e-01 4.411999999999999950e-02
4.228994974874371593e+00 2.200000000000000011e-01 9.582000000000000239e-02 2.129699999999999926e-01 4.263000000000000123e-02
4.329447236180904213e+00 2.169999999999999984e-01 9.621999999999999997e-02 2.177999999999999936e-01 4.084000000000000130e-02
4.429899497487436832e+00 2.169999999999999984e-01 1.001800000000000052e-01 2.216100000000000014e-01 4.152999999999999747e-02
4.530351758793969452e+00 2.039999999999999869e-01 1.027700000000000002e-01 2.248199999999999921e-01 4.070000000000000007e-02
4.630804020100502072e+00 2.039999999999999869e-01 1.055200000000000027e-01 2.260699999999999932e-01 4.086000000000000049e-02
4.731256281407034692e+00 2.049999999999999878e-01 1.088200000000000001e-01 2.273199999999999943e-01 4.157999999999999891e-02
4.831708542713567311e+00 2.049999999999999878e-01 1.126999999999999946e-01 2.272899999999999920e-01 4.401999999999999663e-02
4.932160804020099931e+00 2.049999999999999878e-01 1.164899999999999963e-01 2.271900000000000031e-01 4.655000000000000110e-02
5.032613065326632551e+00 2.059999999999999887e-01 1.189500000000000002e-01 2.271600000000000008e-01 4.784000000000000058e-02
5.133065326633165171e+00 2.059999999999999887e-01 1.211499999999999938e-01 2.273900000000000088e-01 4.889000000000000290e-02
5.233517587939697790e+00 2.059999999999999887e-01 1.230699999999999988e-01 2.272699999999999998e-01 4.986999999999999766e-02
5.333969849246230410e+00 2.069999999999999896e-01 1.269599999999999895e-01 2.256100000000000050e-01 5.222000000000000253e-02
5.434422110552763918e+00 2.069999999999999896e-01 1.329200000000000104e-01 2.231200000000000128e-01 5.632000000000000201e-02
5.534874371859296538e+00 2.069999999999999896e-01 1.414600000000000024e-01 2.196500000000000119e-01 6.239000000000000101e-02
5.635326633165829158e+00 2.069999999999999896e-01 1.504099999999999882e-01 2.154300000000000104e-01 6.933999999999999886e-02
5.735778894472361777e+00 2.069999999999999896e-01 1.603300000000000003e-01 2.109099999999999864e-01 7.767000000000000293e-02
5.836231155778894397e+00 2.069999999999999896e-01 1.717200000000000115e-01 2.069000000000000006e-01 8.694999999999999951e-02
5.936683417085427017e+00 2.069999999999999896e-01 1.864200000000000024e-01 2.027100000000000013e-01 9.868000000000000382e-02
6.037135678391959637e+00 2.069999999999999896e-01 2.006000000000000005e-01 1.992099999999999982e-01 1.092100000000000015e-01
6.137587939698492256e+00 2.069999999999999896e-01 2.144500000000000017e-01 1.958999999999999908e-01 1.195399999999999935e-01
6.238040201005024876e+00 2.069999999999999896e-01 2.272099999999999953e-01 1.924500000000000099e-01 1.294299999999999895e-01
6.338492462311557496e+00 2.069999999999999896e-01 2.375899999999999956e-01 1.888900000000000023e-01 1.377200000000000091e-01
6.438944723618090116e+00 2.069999999999999896e-01 2.485700000000000132e-01 1.864000000000000101e-01 1.455899999999999972e-01
6.539396984924622735e+00 2.059999999999999887e-01 2.570899999999999852e-01 1.852300000000000058e-01 1.508200000000000096e-01
6.639849246231155355e+00 2.059999999999999887e-01 2.661999999999999922e-01 1.839999999999999969e-01 1.566599999999999937e-01
6.740301507537687975e+00 2.059999999999999887e-01 2.740000000000000213e-01 1.825499999999999901e-01 1.620900000000000118e-01
6.840753768844220595e+00 2.069999999999999896e-01 2.758999999999999786e-01 1.811300000000000132e-01 1.633999999999999897e-01
6.941206030150753215e+00 2.069999999999999896e-01 2.758399999999999741e-01 1.800499999999999878e-01 1.621100000000000041e-01
7.041658291457285834e+00 2.069999999999999896e-01 2.759800000000000031e-01 1.791399999999999937e-01 1.611299999999999955e-01
7.142110552763818454e+00 2.069999999999999896e-01 2.759199999999999986e-01 1.783500000000000085e-01 1.602300000000000113e-01
7.242562814070351074e+00 2.079999999999999905e-01 2.760600000000000276e-01 1.775400000000000034e-01 1.598700000000000121e-01
7.343015075376883694e+00 2.079999999999999905e-01 2.758399999999999741e-01 1.767199999999999882e-01 1.592800000000000049e-01
7.443467336683416313e+00 2.079999999999999905e-01 2.752399999999999847e-01 1.758899999999999908e-01 1.584500000000000075e-01
7.543919597989949821e+00 2.079999999999999905e-01 2.745099999999999763e-01 1.750800000000000134e-01 1.576599999999999946e-01
7.644371859296482441e+00 2.089999999999999913e-01 2.727600000000000025e-01 1.743099999999999927e-01 1.565000000000000002e-01
7.744824120603015061e+00 2.089999999999999913e-01 2.701999999999999957e-01 1.734999999999999876e-01 1.547699999999999909e-01
7.845276381909547680e+00 2.089999999999999913e-01 2.674400000000000110e-01 1.726999999999999924e-01 1.528100000000000014e-01
7.945728643216080300e+00 2.089999999999999913e-01 2.673499999999999766e-01 1.720800000000000107e-01 1.526899999999999924e-01
8.046180904522612920e+00 2.099999999999999922e-01 2.705099999999999727e-01 1.716600000000000070e-01 1.549999999999999989e-01
8.146633165829145540e+00 2.099999999999999922e-01 2.738399999999999723e-01 1.714299999999999990e-01 1.577999999999999958e-01
8.247085427135678160e+00 2.099999999999999922e-01 2.768599999999999950e-01 1.713600000000000123e-01 1.603999999999999870e-01
8.347537688442210779e+00 2.099999999999999922e-01 2.797499999999999987e-01 1.713600000000000123e-01 1.630000000000000060e-01
8.447989949748743399e+00 2.099999999999999922e-01 2.824999999999999734e-01 1.713999999999999968e-01 1.654500000000000137e-01
8.548442211055276019e+00 2.099999999999999922e-01 2.849599999999999911e-01 1.714400000000000091e-01 1.676600000000000035e-01
8.648894472361808639e+00 2.099999999999999922e-01 2.877600000000000158e-01 1.715700000000000003e-01 1.700800000000000090e-01
8.749346733668341258e+00 2.099999999999999922e-01 2.905599999999999850e-01 1.717500000000000138e-01 1.723099999999999909e-01
8.849798994974873878e+00 2.109999999999999931e-01 2.931400000000000117e-01 1.719600000000000017e-01 1.742599999999999982e-01
8.950251256281406498e+00 2.109999999999999931e-01 2.953200000000000269e-01 1.721000000000000030e-01 1.760599999999999943e-01
9.050703517587939118e+00 2.109999999999999931e-01 2.972500000000000142e-01 1.722299999999999942e-01 1.775599999999999956e-01
9.151155778894471737e+00 2.109999999999999931e-01 2.990599999999999925e-01 1.723200000000000010e-01 1.789100000000000135e-01
9.251608040201004357e+00 2.109999999999999931e-01 3.003700000000000259e-01 1.723999999999999977e-01 1.795799999999999896e-01
9.352060301507536977e+00 2.109999999999999931e-01 3.018000000000000127e-01 1.725399999999999989e-01 1.801599999999999868e-01
9.452512562814069597e+00 2.109999999999999931e-01 3.034100000000000130e-01 1.729499999999999926e-01 1.803500000000000103e-01
9.552964824120602216e+00 2.109999999999999931e-01 3.068899999999999961e-01 1.732899999999999996e-01 1.829399999999999915e-01
9.653417085427134836e+00 2.109999999999999931e-01 3.101599999999999913e-01 1.734199999999999908e-01 1.858200000000000129e-01
9.753869346733667456e+00 2.109999999999999931e-01 3.131099999999999994e-01 1.734100000000000086e-01 1.884399999999999964e-01
9.854321608040200076e+00 2.109999999999999931e-01 3.159899999999999931e-01 1.733599999999999863e-01 1.910399999999999876e-01
9.954773869346732695e+00 2.109999999999999931e-01 3.195999999999999952e-01 1.733200000000000018e-01 1.942000000000000115e-01
1.005522613065326532e+01 2.109999999999999931e-01 3.234099999999999753e-01 1.732499999999999873e-01 1.976499999999999924e-01
1.015567839195979793e+01 2.119999999999999940e-01 3.270000000000000129e-01 1.730899999999999939e-01 2.010699999999999987e-01
1.025613065326633055e+01 2.119999999999999940e-01 3.307399999999999785e-01 1.727299999999999947e-01 2.051199999999999968e-01
1.035658291457286317e+01 2.119999999999999940e-01 3.343400000000000261e-01 1.722299999999999942e-01 2.095100000000000018e-01
1.045703517587939579e+01 2.119999999999999940e-01 3.377999999999999892e-01 1.717599999999999960e-01 2.137499999999999956e-01
1.055748743718592841e+01 2.119999999999999940e-01 3.414300000000000113e-01 1.712599999999999956e-01 2.182000000000000051e-01
1.065793969849246103e+01 2.119999999999999940e-01 3.456699999999999773e-01 1.707100000000000006e-01 2.232300000000000118e-01
1.075839195979899543e+01 2.119999999999999940e-01 3.492100000000000204e-01 1.701799999999999979e-01 2.272399999999999975e-01
1.085884422110552805e+01 2.119999999999999940e-01 3.539800000000000169e-01 1.699199999999999877e-01 2.319299999999999973e-01
1.095929648241206067e+01 2.119999999999999940e-01 3.588000000000000078e-01 1.697700000000000042e-01 2.365200000000000080e-01
1.105974874371859329e+01 2.119999999999999940e-01 3.633700000000000263e-01 1.695899999999999908e-01 2.409699999999999898e-01
1.116020100502512591e+01 1.980000000000000093e-01 3.260600000000000165e-01 4.453900000000000081e-01 8.183999999999999608e-02
1.126065326633165853e+01 1.980000000000000093e-01 3.246399999999999841e-01 4.485799999999999788e-01 7.667999999999999816e-02
1.136110552763819115e+01 1.980000000000000093e-01 3.233599999999999808e-01 4.529000000000000248e-01 6.983000000000000318e-02
1.146155778894472377e+01 1.980000000000000093e-01 3.214000000000000190e-01 4.570000000000000173e-01 6.307000000000000106e-02
1.156201005025125639e+01 1.980000000000000093e-01 3.194600000000000217e-01 4.612600000000000033e-01 5.560999999999999971e-02
1.166246231155778901e+01 1.980000000000000093e-01 3.174100000000000255e-01 4.647600000000000064e-01 4.941000000000000253e-02
1.176291457286432163e+01 1.980000000000000093e-01 3.165200000000000236e-01 4.687999999999999945e-01 4.333000000000000046e-02
1.186336683417085425e+01 1.980000000000000093e-01 3.162200000000000011e-01 4.732799999999999785e-01 3.787999999999999701e-02
1.196381909547738687e+01 1.980000000000000093e-01 3.157800000000000051e-01 4.802000000000000157e-01 3.264000000000000234e-02
1.206427135678391949e+01 1.970000000000000084e-01 3.148900000000000032e-01 4.838999999999999968e-01 3.066999999999999935e-02
1.216472361809045211e+01 1.970000000000000084e-01 3.140200000000000213e-01 4.864899999999999780e-01 2.989999999999999949e-02
1.226517587939698473e+01 1.970000000000000084e-01 3.129299999999999859e-01 4.887699999999999823e-01 2.972999999999999948e-02
1.236562814070351735e+01 1.970000000000000084e-01 3.115399999999999836e-01 4.907900000000000040e-01 2.988000000000000031e-02
1.246608040201004997e+01 1.960000000000000075e-01 3.103400000000000047e-01 4.924399999999999888e-01 3.041999999999999912e-02
1.256653266331658259e+01 1.960000000000000075e-01 3.076200000000000045e-01 4.951300000000000145e-01 3.075999999999999915e-02
1.266698492462311521e+01 1.950000000000000067e-01 3.068199999999999816e-01 4.964299999999999824e-01 3.155000000000000165e-02
1.276743718592964782e+01 1.950000000000000067e-01 3.071499999999999786e-01 4.984999999999999987e-01 3.275000000000000133e-02
1.286788944723618044e+01 1.950000000000000067e-01 3.077699999999999880e-01 5.010099999999999554e-01 3.416999999999999899e-02
1.296834170854271306e+01 1.940000000000000058e-01 3.082500000000000240e-01 5.029700000000000282e-01 3.558999999999999664e-02
1.306879396984924568e+01 1.940000000000000058e-01 3.085800000000000209e-01 5.039400000000000546e-01 3.694000000000000061e-02
1.316924623115577830e+01 1.940000000000000058e-01 3.089000000000000079e-01 5.046500000000000430e-01 3.828000000000000153e-02
1.326969849246231092e+01 1.940000000000000058e-01 3.095100000000000073e-01 5.054600000000000204e-01 3.971999999999999836e-02
1.337015075376884354e+01 1.930000000000000049e-01 3.100700000000000123e-01 5.061700000000000088e-01 4.116999999999999826e-02
1.347060301507537616e+01 1.930000000000000049e-01 3.105999999999999872e-01 5.067500000000000338e-01 4.263000000000000123e-02
1.357105527638190878e+01 1.930000000000000049e-01 3.111200000000000077e-01 5.071999999999999842e-01 4.404000000000000276e-02
1.367150753768844140e+01 1.930000000000000049e-01 3.116099999999999981e-01 5.076000000000000512e-01 4.540999999999999898e-02
1.377195979899497402e+01 1.930000000000000049e-01 3.120600000000000041e-01 5.081099999999999506e-01 4.660000000000000253e-02
1.387241206030150664e+01 1.920000000000000040e-01 3.125100000000000100e-01 5.084999999999999520e-01 4.778999999999999915e-02
1.397286432160803926e+01 1.920000000000000040e-01 3.133400000000000074e-01 5.090200000000000280e-01 4.916000000000000231e-02
1.407331658291457188e+01 1.920000000000000040e-01 3.141100000000000003e-01 5.102100000000000524e-01 5.054999999999999771e-02
1.417376884422110450e+01 1.900000000000000022e-01 3.137400000000000189e-01 5.122900000000000231e-01 5.127999999999999919e-02
1.427422110552763712e+01 1.330000000000000071e-01 2.077799999999999925e-01 7.153699999999999504e-01 4.564000000000000001e-02
1.437467336683416974e+01 1.320000000000000062e-01 2.193799999999999917e-01 7.202800000000000313e-01 5.118000000000000327e-02
1.447512562814070236e+01 1.320000000000000062e-01 2.189300000000000135e-01 7.198700000000000099e-01 5.075999999999999956e-02
1.457557788944723498e+01 1.320000000000000062e-01 2.184699999999999975e-01 7.194599999999999884e-01 5.034000000000000280e-02
1.467603015075376760e+01 1.320000000000000062e-01 2.180600000000000038e-01 7.190699999999999870e-01 4.993000000000000216e-02
1.477648241206030022e+01 1.320000000000000062e-01 2.176299999999999901e-01 7.186500000000000110e-01 4.950000000000000233e-02
1.487693467336683284e+01 1.320000000000000062e-01 2.172600000000000087e-01 7.182500000000000551e-01 4.909999999999999781e-02
1.497738693467336546e+01 1.320000000000000062e-01 2.168799999999999895e-01 7.178299999999999681e-01 4.868000000000000105e-02
1.507783919597989986e+01 1.320000000000000062e-01 2.165199999999999902e-01 7.174399999999999666e-01 4.828000000000000347e-02
1.517829145728643248e+01 1.320000000000000062e-01 2.161599999999999910e-01 7.170499999999999652e-01 4.787999999999999895e-02
1.527874371859296510e+01 1.320000000000000062e-01 2.158200000000000118e-01 7.167000000000000037e-01 4.748000000000000137e-02
1.537919597989949771e+01 1.320000000000000062e-01 2.154999999999999971e-01 7.163500000000000423e-01 4.710000000000000298e-02
1.547964824120603033e+01 1.320000000000000062e-01 2.151899999999999924e-01 7.160100000000000353e-01 4.673000000000000070e-02
1.558010050251256295e+01 1.320000000000000062e-01 2.149099999999999899e-01 7.156900000000000484e-01 4.637999999999999762e-02
1.568055276381909557e+01 1.320000000000000062e-01 2.146399999999999975e-01 7.153399999999999759e-01 4.603000000000000147e-02
1.578100502512562819e+01 1.320000000000000062e-01 2.144000000000000072e-01 7.150199999999999889e-01 4.569999999999999757e-02
1.588145728643216081e+01 1.320000000000000062e-01 2.141899999999999915e-01 7.147299999999999764e-01 4.540000000000000285e-02
1.598190954773869343e+01 1.320000000000000062e-01 2.140499999999999903e-01 7.144700000000000495e-01 4.515000000000000263e-02
1.608236180904522783e+01 1.320000000000000062e-01 2.139300000000000090e-01 7.142199999999999660e-01 4.490000000000000241e-02
1.618281407035176045e+01 1.320000000000000062e-01 2.137799999999999978e-01 7.139699999999999935e-01 4.465000000000000219e-02
1.628326633165829307e+01 1.320000000000000062e-01 2.135900000000000021e-01 7.137099999999999556e-01 4.440000000000000197e-02
1.638371859296482569e+01 1.320000000000000062e-01 2.133400000000000019e-01 7.134500000000000286e-01 4.413999999999999868e-02
1.648417085427135831e+01 1.320000000000000062e-01 2.131500000000000061e-01 7.132300000000000306e-01 4.390999999999999764e-02
1.658462311557789093e+01 1.320000000000000062e-01 2.129699999999999926e-01 7.130600000000000271e-01 4.367000000000000048e-02
1.668507537688442355e+01 1.320000000000000062e-01 2.127499999999999947e-01 7.128799999999999581e-01 4.340000000000000108e-02
1.678552763819095617e+01 1.320000000000000062e-01 2.125299999999999967e-01 7.126500000000000057e-01 4.313000000000000167e-02
1.688597989949748879e+01 1.320000000000000062e-01 2.123099999999999987e-01 7.124200000000000532e-01 4.288999999999999757e-02
1.698643216080402141e+01 1.320000000000000062e-01 2.121300000000000130e-01 7.122000000000000552e-01 4.263999999999999735e-02
1.708688442211055403e+01 1.320000000000000062e-01 2.119900000000000118e-01 7.119799999999999462e-01 4.240000000000000019e-02
1.718733668341708665e+01 1.320000000000000062e-01 2.118400000000000005e-01 7.117499999999999938e-01 4.214999999999999997e-02
1.728778894472361927e+01 1.320000000000000062e-01 2.117199999999999915e-01 7.115399999999999503e-01 4.193000000000000199e-02
1.738824120603015189e+01 1.320000000000000062e-01 2.116000000000000103e-01 7.113399999999999723e-01 4.170000000000000095e-02
1.748869346733668451e+01 1.320000000000000062e-01 2.114900000000000113e-01 7.111300000000000399e-01 4.148000000000000298e-02
1.758914572864321713e+01 1.320000000000000062e-01 2.113599999999999923e-01 7.109199999999999964e-01 4.125999999999999807e-02
1.768959798994974975e+01 1.320000000000000062e-01 2.112700000000000133e-01 7.107400000000000384e-01 4.107000000000000234e-02
1.779005025125628237e+01 1.320000000000000062e-01 2.111699999999999966e-01 7.105799999999999894e-01 4.089000000000000273e-02
1.789050251256281499e+01 1.320000000000000062e-01 2.110799999999999899e-01 7.104099999999999859e-01 4.071000000000000313e-02
1.799095477386934760e+01 1.320000000000000062e-01 2.109999999999999931e-01 7.102600000000000025e-01 4.053999999999999965e-02
1.809140703517588022e+01 1.320000000000000062e-01 2.109399999999999886e-01 7.100600000000000245e-01 4.036000000000000004e-02
1.819185929648241284e+01 1.320000000000000062e-01 2.109000000000000041e-01 7.098700000000000010e-01 4.018999999999999656e-02
1.829231155778894546e+01 1.320000000000000062e-01 2.108800000000000119e-01 7.096700000000000230e-01 4.003999999999999920e-02
1.839276381909547808e+01 1.320000000000000062e-01 2.108700000000000019e-01 7.094799999999999995e-01 3.987000000000000266e-02
1.849321608040201070e+01 1.320000000000000062e-01 2.108700000000000019e-01 7.093099999999999961e-01 3.969999999999999918e-02
1.859366834170854332e+01 1.320000000000000062e-01 2.108500000000000096e-01 7.091300000000000381e-01 3.953000000000000264e-02
1.869412060301507594e+01 1.320000000000000062e-01 2.107900000000000051e-01 7.089400000000000146e-01 3.933999999999999997e-02
1.879457286432160856e+01 1.320000000000000062e-01 2.107400000000000106e-01 7.087700000000000111e-01 3.914999999999999730e-02
1.889502512562814118e+01 1.320000000000000062e-01 2.106899999999999884e-01 7.085900000000000531e-01 3.896999999999999770e-02
1.899547738693467380e+01 1.320000000000000062e-01 2.106399999999999939e-01 7.084300000000000042e-01 3.878999999999999809e-02
1.909592964824120642e+01 1.320000000000000062e-01 2.105899999999999994e-01 7.082600000000000007e-01 3.860999999999999849e-02
1.919638190954773904e+01 1.320000000000000062e-01 2.105599999999999972e-01 7.081300000000000372e-01 3.844000000000000195e-02
1.929683417085427166e+01 1.320000000000000062e-01 2.105299999999999949e-01 7.080100000000000282e-01 3.828999999999999765e-02
1.939728643216080428e+01 1.320000000000000062e-01 2.104900000000000104e-01 7.078600000000000447e-01 3.810999999999999804e-02
1.949773869346733690e+01 1.320000000000000062e-01 2.104000000000000037e-01 7.076900000000000412e-01 3.789000000000000007e-02
1.959819095477386952e+01 1.320000000000000062e-01 2.103099999999999969e-01 7.075299999999999923e-01 3.767000000000000209e-02
1.969864321608040214e+01 1.320000000000000062e-01 2.102400000000000102e-01 7.073500000000000343e-01 3.744999999999999718e-02
1.979909547738693476e+01 1.320000000000000062e-01 2.101999999999999980e-01 7.071399999999999908e-01 3.722000000000000308e-02
1.989954773869346738e+01 1.320000000000000062e-01 2.101699999999999957e-01 7.069199999999999928e-01 3.699999999999999817e-02
2.000000000000000000e+01 1.320000000000000062e-01 2.101500000000000035e-01 7.066799999999999748e-01 3.679999999999999938e-02
