1.000000000000000021e-02 2.330000000000000127e-01 1.040299999999999975e-01 8.407000000000000028e-01 6.176000000000000240e-02
1.104522613065326564e-01 2.330000000000000127e-01 1.040299999999999975e-01 8.407000000000000028e-01 6.176000000000000240e-02
2.109045226130653317e-01 2.330000000000000127e-01 1.040299999999999975e-01 8.407000000000000028e-01 6.176000000000000240e-02
3.113567839195979792e-01 2.200000000000000011e-01 1.318199999999999927e-01 9.032900000000000373e-01 1.008000000000000042e-02
4.118090452261306544e-01 2.059999999999999887e-01 1.471200000000000008e-01 7.891500000000000181e-01 8.297000000000000208e-02
5.122613065326633297e-01 2.059999999999999887e-01 1.471200000000000008e-01 7.891500000000000181e-01 8.297000000000000208e-02
6.127135678391959495e-01 2.069999999999999896e-01 1.705000000000000127e-01 7.925999999999999712e-01 9.150999999999999412e-02
7.131658291457286802e-01 2.089999999999999913e-01 1.861500000000000099e-01 7.666800000000000281e-01 9.421999999999999820e-02
8.136180904522613000e-01 2.119999999999999940e-01 1.930099999999999871e-01 7.466000000000000414e-01 9.352000000000000590e-02
9.140703517587939197e-01 2.129999999999999949e-01 1.964500000000000135e-01 7.338400000000000478e-01 9.213999999999999968e-02
1.014522613065326651e+00 1.930000000000000049e-01 2.428599999999999925e-01 8.960000000000000187e-01 1.074600000000000000e-01
1.114974874371859270e+00 2.010000000000000120e-01 6.440000000000000169e-01 6.481599999999999584e-01 6.487800000000000233e-01
1.215427135678391890e+00 1.910000000000000031e-01 2.423200000000000076e-01 8.960099999999999731e-01 9.765999999999999681e-02
1.315879396984924510e+00 2.139999999999999958e-01 5.755500000000000060e-01 9.013600000000000501e-01 4.092999999999999972e-01
1.416331658291457352e+00 1.630000000000000060e-01 3.887399999999999745e-01 5.540199999999999569e-01 2.801000000000000156e-01
1.516783919597989971e+00 1.650000000000000078e-01 4.692399999999999904e-01 5.940699999999999870e-01 3.709500000000000020e-01
1.617236180904522591e+00 1.660000000000000087e-01 5.363999999999999879e-01 6.269799999999999818e-01 4.491600000000000037e-01
1.717688442211055211e+00 1.690000000000000113e-01 6.075899999999999634e-01 6.697600000000000220e-01 5.304400000000000226e-01
1.818140703517587831e+00 1.700000000000000122e-01 6.719100000000000072e-01 7.040999999999999481e-01 6.042699999999999738e-01
1.918592964824120672e+00 1.700000000000000122e-01 7.618399999999999617e-01 7.372800000000000464e-01 7.131100000000000216e-01
2.019045226130653070e+00 1.670000000000000095e-01 8.574800000000000200e-01 7.740700000000000358e-01 8.350999999999999535e-01
2.119497487437185690e+00 1.640000000000000069e-01 9.424799999999999844e-01 8.010500000000000398e-01 9.484599999999999698e-01
2.219949748743718310e+00 1.600000000000000033e-01 1.023449999999999971e+00 8.219100000000000295e-01 1.064910000000000023e+00
2.320402010050250929e+00 1.580000000000000016e-01 1.092940000000000023e+00 8.365299999999999958e-01 1.163159999999999972e+00
2.420854271356783549e+00 1.570000000000000007e-01 1.153180000000000094e+00 8.473899999999999766e-01 1.248129999999999962e+00
2.521306532663316169e+00 1.559999999999999998e-01 1.232709999999999972e+00 8.566200000000000481e-01 1.355969999999999898e+00
2.621758793969848789e+00 1.459999999999999909e-01 1.495239999999999903e+00 9.319699999999999651e-01 1.710259999999999891e+00
2.722211055276381853e+00 1.449999999999999900e-01 1.490939999999999932e+00 9.378800000000000470e-01 1.705610000000000070e+00
2.822663316582914472e+00 1.439999999999999891e-01 1.502259999999999929e+00 9.382800000000000029e-01 1.720320000000000071e+00
2.923115577889447092e+00 1.439999999999999891e-01 1.518920000000000048e+00 9.367999999999999661e-01 1.741589999999999971e+00
3.023567839195979712e+00 1.449999999999999900e-01 1.537279999999999980e+00 9.346600000000000463e-01 1.764850000000000030e+00
3.124020100502512332e+00 1.449999999999999900e-01 1.553909999999999902e+00 9.339499999999999469e-01 1.787020000000000053e+00
3.224472361809044951e+00 1.449999999999999900e-01 1.560189999999999966e+00 9.336299999999999599e-01 1.795379999999999976e+00
3.324924623115577571e+00 1.449999999999999900e-01 1.569420000000000037e+00 9.325599999999999445e-01 1.807809999999999917e+00
3.425376884422110191e+00 1.439999999999999891e-01 1.587590000000000057e+00 9.307900000000000063e-01 1.832829999999999959e+00
3.525829145728642811e+00 1.439999999999999891e-01 1.608440000000000092e+00 9.286100000000000465e-01 1.861240000000000006e+00
3.626281407035175430e+00 1.449999999999999900e-01 1.630770000000000053e+00 9.260699999999999488e-01 1.891769999999999952e+00
3.726733668341708050e+00 1.449999999999999900e-01 1.663140000000000063e+00 9.227600000000000247e-01 1.936549999999999994e+00
3.827185929648241114e+00 1.449999999999999900e-01 1.696609999999999951e+00 9.183700000000000196e-01 1.982809999999999961e+00
3.927638190954773734e+00 1.160000000000000059e-01 1.725019999999999998e+00 5.790300000000000447e-01 1.324310000000000098e+00
4.028090452261306353e+00 1.160000000000000059e-01 1.717170000000000085e+00 5.755299999999999860e-01 1.316840000000000011e+00
4.128542713567838973e+00 1.160000000000000059e-01 1.709910000000000041e+00 5.723200000000000509e-01 1.309660000000000046e+00
4.228994974874371593e+00 1.160000000000000059e-01 1.704269999999999952e+00 5.693899999999999517e-01 1.302910000000000013e+00
4.329447236180904213e+00 1.160000000000000059e-01 1.699049999999999949e+00 5.670600000000000085e-01 1.297099999999999920e+00
4.429899497487436832e+00 1.170000000000000068e-01 1.693820000000000103e+00 5.651199999999999557e-01 1.291800000000000059e+00
4.530351758793969452e+00 1.170000000000000068e-01 1.691310000000000091e+00 5.635099999999999554e-01 1.288340000000000041e+00
4.630804020100502072e+00 1.170000000000000068e-01 1.688790000000000013e+00 5.620899999999999785e-01 1.284629999999999939e+00
4.731256281407034692e+00 1.170000000000000068e-01 1.686669999999999892e+00 5.607600000000000362e-01 1.281460000000000043e+00
4.831708542713567311e+00 1.170000000000000068e-01 1.683329999999999993e+00 5.599199999999999733e-01 1.277379999999999960e+00
4.932160804020099931e+00 1.170000000000000068e-01 1.678660000000000041e+00 5.593900000000000539e-01 1.272180000000000089e+00
5.032613065326632551e+00 1.170000000000000068e-01 1.674279999999999990e+00 5.589600000000000124e-01 1.267330000000000068e+00
5.133065326633165171e+00 1.170000000000000068e-01 1.669939999999999980e+00 5.582799999999999985e-01 1.261889999999999956e+00
5.233517587939697790e+00 1.170000000000000068e-01 1.665990000000000082e+00 5.575200000000000156e-01 1.256720000000000059e+00
5.333969849246230410e+00 1.170000000000000068e-01 1.662130000000000107e+00 5.566999999999999726e-01 1.251630000000000020e+00
5.434422110552763918e+00 1.170000000000000068e-01 1.658689999999999998e+00 5.557600000000000318e-01 1.246979999999999977e+00
5.534874371859296538e+00 1.170000000000000068e-01 1.655419999999999892e+00 5.549500000000000544e-01 1.242340000000000000e+00
5.635326633165829158e+00 1.170000000000000068e-01 1.652779999999999916e+00 5.542700000000000404e-01 1.237910000000000066e+00
5.735778894472361777e+00 1.160000000000000059e-01 1.650369999999999893e+00 5.537100000000000355e-01 1.233919999999999906e+00
5.836231155778894397e+00 1.160000000000000059e-01 1.650179999999999980e+00 5.533599999999999630e-01 1.232490000000000085e+00
5.936683417085427017e+00 1.160000000000000059e-01 1.650619999999999976e+00 5.531899999999999595e-01 1.231749999999999901e+00
6.037135678391959637e+00 1.160000000000000059e-01 1.650740000000000096e+00 5.529699999999999616e-01 1.230769999999999920e+00
6.137587939698492256e+00 1.160000000000000059e-01 1.650889999999999969e+00 5.525700000000000056e-01 1.229559999999999986e+00
6.238040201005024876e+00 1.160000000000000059e-01 1.651000000000000023e+00 5.522399999999999531e-01 1.228359999999999896e+00
6.338492462311557496e+00 1.160000000000000059e-01 1.651049999999999907e+00 5.519199999999999662e-01 1.227230000000000043e+00
6.438944723618090116e+00 1.160000000000000059e-01 1.650930000000000009e+00 5.515799999999999592e-01 1.225959999999999939e+00
6.539396984924622735e+00 1.160000000000000059e-01 1.650770000000000071e+00 5.512399999999999523e-01 1.224739999999999940e+00
6.639849246231155355e+00 1.160000000000000059e-01 1.650360000000000049e+00 5.507199999999999873e-01 1.222730000000000095e+00
6.740301507537687975e+00 1.160000000000000059e-01 1.648300000000000098e+00 5.504099999999999548e-01 1.219060000000000032e+00
6.840753768844220595e+00 1.160000000000000059e-01 1.646020000000000039e+00 5.500500000000000389e-01 1.215519999999999934e+00
6.941206030150753215e+00 1.160000000000000059e-01 1.643890000000000073e+00 5.496400000000000174e-01 1.212660000000000071e+00
7.041658291457285834e+00 1.160000000000000059e-01 1.641999999999999904e+00 5.491099999999999870e-01 1.210090000000000110e+00
7.142110552763818454e+00 1.160000000000000059e-01 1.641780000000000017e+00 5.485499999999999821e-01 1.209179999999999922e+00
7.242562814070351074e+00 1.160000000000000059e-01 1.641399999999999970e+00 5.480099999999999971e-01 1.208120000000000083e+00
7.343015075376883694e+00 1.160000000000000059e-01 1.641010000000000080e+00 5.475100000000000522e-01 1.207109999999999905e+00
7.443467336683416313e+00 1.160000000000000059e-01 1.640609999999999902e+00 5.471200000000000507e-01 1.206210000000000004e+00
7.543919597989949821e+00 1.160000000000000059e-01 1.640139999999999931e+00 5.467400000000000038e-01 1.205379999999999896e+00
7.644371859296482441e+00 1.160000000000000059e-01 1.639489999999999892e+00 5.463599999999999568e-01 1.204609999999999959e+00
7.744824120603015061e+00 1.160000000000000059e-01 1.638840000000000074e+00 5.459899999999999753e-01 1.203889999999999905e+00
7.845276381909547680e+00 1.160000000000000059e-01 1.638179999999999970e+00 5.455999999999999739e-01 1.203140000000000098e+00
7.945728643216080300e+00 1.160000000000000059e-01 1.639270000000000005e+00 5.455400000000000249e-01 1.204739999999999922e+00
8.046180904522612920e+00 1.160000000000000059e-01 1.640149999999999997e+00 5.454499999999999904e-01 1.206159999999999899e+00
8.146633165829145540e+00 1.160000000000000059e-01 1.646260000000000057e+00 5.455799999999999539e-01 1.213629999999999987e+00
8.247085427135678160e+00 1.160000000000000059e-01 1.653370000000000006e+00 5.459199999999999608e-01 1.222220000000000084e+00
8.347537688442210779e+00 1.160000000000000059e-01 1.659669999999999979e+00 5.461500000000000243e-01 1.229759999999999964e+00
8.447989949748743399e+00 1.160000000000000059e-01 1.665140000000000065e+00 5.463299999999999823e-01 1.236539999999999973e+00
8.548442211055276019e+00 1.160000000000000059e-01 1.670299999999999896e+00 5.464400000000000368e-01 1.243149999999999977e+00
8.648894472361808639e+00 1.160000000000000059e-01 1.674509999999999943e+00 5.465400000000000258e-01 1.248790000000000067e+00
8.749346733668341258e+00 1.160000000000000059e-01 1.678530000000000078e+00 5.466199999999999948e-01 1.254320000000000102e+00
8.849798994974873878e+00 1.160000000000000059e-01 1.681759999999999922e+00 5.466999999999999638e-01 1.258999999999999897e+00
8.950251256281406498e+00 1.160000000000000059e-01 1.684809999999999919e+00 5.467499999999999583e-01 1.263479999999999936e+00
9.050703517587939118e+00 1.160000000000000059e-01 1.687519999999999909e+00 5.467600000000000238e-01 1.267519999999999980e+00
9.151155778894471737e+00 1.170000000000000068e-01 1.689959999999999907e+00 5.467999999999999527e-01 1.271300000000000097e+00
9.251608040201004357e+00 1.170000000000000068e-01 1.692180000000000017e+00 5.467899999999999983e-01 1.274809999999999999e+00
9.352060301507536977e+00 1.170000000000000068e-01 1.694239999999999968e+00 5.467300000000000493e-01 1.278159999999999963e+00
9.452512562814069597e+00 1.170000000000000068e-01 1.695610000000000062e+00 5.467300000000000493e-01 1.280690000000000106e+00
9.552964824120602216e+00 1.170000000000000068e-01 1.697400000000000020e+00 5.467400000000000038e-01 1.283530000000000060e+00
9.653417085427134836e+00 1.170000000000000068e-01 1.698849999999999971e+00 5.467699999999999783e-01 1.286010000000000097e+00
9.753869346733667456e+00 1.170000000000000068e-01 1.700309999999999988e+00 5.467499999999999583e-01 1.288359999999999950e+00
9.854321608040200076e+00 1.170000000000000068e-01 1.701549999999999896e+00 5.466999999999999638e-01 1.290259999999999962e+00
9.954773869346732695e+00 1.170000000000000068e-01 1.702509999999999968e+00 5.466600000000000348e-01 1.291849999999999943e+00
1.005522613065326532e+01 1.170000000000000068e-01 1.703559999999999963e+00 5.466100000000000403e-01 1.293539999999999912e+00
1.015567839195979793e+01 1.170000000000000068e-01 1.704509999999999970e+00 5.465600000000000458e-01 1.295099999999999918e+00
1.025613065326633055e+01 1.170000000000000068e-01 1.705370000000000053e+00 5.465299999999999603e-01 1.296540000000000026e+00
1.035658291457286317e+01 1.170000000000000068e-01 1.706159999999999899e+00 5.464799999999999658e-01 1.297919999999999963e+00
1.045703517587939579e+01 1.170000000000000068e-01 1.706860000000000044e+00 5.464499999999999913e-01 1.299250000000000016e+00
1.055748743718592841e+01 1.170000000000000068e-01 1.707610000000000072e+00 5.464400000000000368e-01 1.300890000000000102e+00
1.065793969849246103e+01 1.170000000000000068e-01 1.708120000000000083e+00 5.464099999999999513e-01 1.302249999999999908e+00
1.075839195979899543e+01 1.170000000000000068e-01 1.710690000000000044e+00 5.463999999999999968e-01 1.305819999999999981e+00
1.085884422110552805e+01 1.170000000000000068e-01 1.713570000000000038e+00 5.464400000000000368e-01 1.309690000000000021e+00
1.095929648241206067e+01 1.170000000000000068e-01 1.716869999999999896e+00 5.465600000000000458e-01 1.313809999999999922e+00
1.105974874371859329e+01 1.170000000000000068e-01 1.719789999999999930e+00 5.467100000000000293e-01 1.317569999999999908e+00
1.116020100502512591e+01 1.170000000000000068e-01 1.722750000000000004e+00 5.468199999999999728e-01 1.321420000000000039e+00
1.126065326633165853e+01 1.170000000000000068e-01 1.724439999999999973e+00 5.469500000000000473e-01 1.323970000000000091e+00
1.136110552763819115e+01 1.170000000000000068e-01 1.725880000000000081e+00 5.470599999999999907e-01 1.326270000000000060e+00
1.146155778894472377e+01 1.170000000000000068e-01 1.727179999999999938e+00 5.471799999999999997e-01 1.328400000000000025e+00
1.156201005025125639e+01 1.170000000000000068e-01 1.728280000000000038e+00 5.473599999999999577e-01 1.330549999999999899e+00
1.166246231155778901e+01 1.170000000000000068e-01 1.728499999999999925e+00 5.475600000000000467e-01 1.331909999999999927e+00
1.176291457286432163e+01 1.170000000000000068e-01 1.729039999999999910e+00 5.477800000000000447e-01 1.333609999999999962e+00
1.186336683417085425e+01 1.170000000000000068e-01 1.729880000000000084e+00 5.479699999999999571e-01 1.335560000000000080e+00
1.196381909547738687e+01 1.170000000000000068e-01 1.731090000000000018e+00 5.481899999999999551e-01 1.337860000000000049e+00
1.206427135678391949e+01 1.170000000000000068e-01 1.732420000000000071e+00 5.483700000000000241e-01 1.340240000000000098e+00
1.216472361809045211e+01 1.170000000000000068e-01 1.733749999999999902e+00 5.485600000000000476e-01 1.342580000000000107e+00
1.226517587939698473e+01 1.170000000000000068e-01 1.734909999999999952e+00 5.487300000000000511e-01 1.344810000000000061e+00
1.236562814070351735e+01 1.170000000000000068e-01 1.736199999999999966e+00 5.488899999999999890e-01 1.347150000000000070e+00
1.246608040201004997e+01 1.170000000000000068e-01 1.737270000000000092e+00 5.490500000000000380e-01 1.349210000000000020e+00
1.256653266331658259e+01 1.170000000000000068e-01 1.738499999999999934e+00 5.492099999999999760e-01 1.351460000000000106e+00
1.266698492462311521e+01 1.170000000000000068e-01 1.739719999999999933e+00 5.493799999999999795e-01 1.353669999999999929e+00
1.276743718592964782e+01 1.170000000000000068e-01 1.740669999999999940e+00 5.495100000000000540e-01 1.355569999999999942e+00
1.286788944723618044e+01 1.170000000000000068e-01 1.741780000000000106e+00 5.496400000000000174e-01 1.357599999999999918e+00
1.296834170854271306e+01 1.170000000000000068e-01 1.743000000000000105e+00 5.497800000000000464e-01 1.359730000000000105e+00
1.306879396984924568e+01 1.170000000000000068e-01 1.745819999999999927e+00 5.499300000000000299e-01 1.363229999999999942e+00
1.316924623115577830e+01 1.170000000000000068e-01 1.748359999999999914e+00 5.501099999999999879e-01 1.366389999999999993e+00
1.326969849246231092e+01 1.170000000000000068e-01 1.750410000000000021e+00 5.503700000000000259e-01 1.369070000000000009e+00
1.337015075376884354e+01 1.170000000000000068e-01 1.752569999999999961e+00 5.505799999999999583e-01 1.371820000000000039e+00
1.347060301507537616e+01 1.170000000000000068e-01 1.754610000000000003e+00 5.508800000000000363e-01 1.374360000000000026e+00
1.357105527638190878e+01 1.170000000000000068e-01 1.756229999999999958e+00 5.512200000000000433e-01 1.376349999999999962e+00
1.367150753768844140e+01 1.170000000000000068e-01 1.758310000000000040e+00 5.515799999999999592e-01 1.378900000000000015e+00
1.377195979899497402e+01 1.170000000000000068e-01 1.760490000000000110e+00 5.519500000000000517e-01 1.381590000000000096e+00
1.387241206030150664e+01 1.170000000000000068e-01 1.762999999999999901e+00 5.523299999999999876e-01 1.384619999999999962e+00
1.397286432160803926e+01 1.170000000000000068e-01 1.766590000000000105e+00 5.527800000000000491e-01 1.388789999999999969e+00
1.407331658291457188e+01 1.170000000000000068e-01 1.769900000000000029e+00 5.532099999999999795e-01 1.392709999999999892e+00
1.417376884422110450e+01 1.170000000000000068e-01 1.773069999999999924e+00 5.536400000000000210e-01 1.396479999999999944e+00
1.427422110552763712e+01 1.170000000000000068e-01 1.775889999999999969e+00 5.540599999999999969e-01 1.399880000000000013e+00
1.437467336683416974e+01 1.170000000000000068e-01 1.778759999999999897e+00 5.544700000000000184e-01 1.403329999999999966e+00
1.447512562814070236e+01 1.170000000000000068e-01 1.781500000000000083e+00 5.548999999999999488e-01 1.406639999999999890e+00
1.457557788944723498e+01 1.170000000000000068e-01 1.784100000000000019e+00 5.553000000000000158e-01 1.409790000000000099e+00
1.467603015075376760e+01 1.170000000000000068e-01 1.786529999999999951e+00 5.556900000000000173e-01 1.412740000000000107e+00
1.477648241206030022e+01 1.170000000000000068e-01 1.788769999999999971e+00 5.560800000000000187e-01 1.415399999999999991e+00
1.487693467336683284e+01 1.170000000000000068e-01 1.790799999999999947e+00 5.564200000000000257e-01 1.417740000000000000e+00
1.497738693467336546e+01 1.170000000000000068e-01 1.792589999999999906e+00 5.567999999999999616e-01 1.419910000000000005e+00
1.507783919597989986e+01 1.170000000000000068e-01 1.793800000000000061e+00 5.571599999999999886e-01 1.421620000000000106e+00
1.517829145728643248e+01 1.170000000000000068e-01 1.794829999999999925e+00 5.575200000000000156e-01 1.423210000000000086e+00
1.527874371859296510e+01 1.170000000000000068e-01 1.795989999999999975e+00 5.578699999999999770e-01 1.424930000000000030e+00
1.537919597989949771e+01 1.170000000000000068e-01 1.796959999999999891e+00 5.582099999999999840e-01 1.426430000000000087e+00
1.547964824120603033e+01 1.170000000000000068e-01 1.798010000000000108e+00 5.585499999999999909e-01 1.427980000000000027e+00
1.558010050251256295e+01 1.170000000000000068e-01 1.798899999999999944e+00 5.588699999999999779e-01 1.429349999999999898e+00
1.568055276381909557e+01 1.170000000000000068e-01 1.799770000000000092e+00 5.592099999999999849e-01 1.430700000000000083e+00
1.578100502512562819e+01 1.170000000000000068e-01 1.800459999999999949e+00 5.595400000000000373e-01 1.431799999999999962e+00
1.588145728643216081e+01 1.170000000000000068e-01 1.800759999999999916e+00 5.598999999999999533e-01 1.432369999999999921e+00
1.598190954773869343e+01 1.170000000000000068e-01 1.801230000000000109e+00 5.602500000000000258e-01 1.433110000000000106e+00
1.608236180904522783e+01 1.160000000000000059e-01 1.801679999999999948e+00 5.605900000000000327e-01 1.433840000000000003e+00
1.618281407035176045e+01 1.160000000000000059e-01 1.801949999999999941e+00 5.609399999999999942e-01 1.434369999999999923e+00
1.628326633165829307e+01 1.160000000000000059e-01 1.802349999999999897e+00 5.611599999999999921e-01 1.434940000000000104e+00
1.638371859296482569e+01 1.160000000000000059e-01 1.802669999999999995e+00 5.613299999999999956e-01 1.435359999999999969e+00
1.648417085427135831e+01 1.160000000000000059e-01 1.802899999999999947e+00 5.614500000000000046e-01 1.435629999999999962e+00
1.658462311557789093e+01 1.160000000000000059e-01 1.802939999999999987e+00 5.615900000000000336e-01 1.435720000000000107e+00
1.668507537688442355e+01 1.160000000000000059e-01 1.803120000000000056e+00 5.617100000000000426e-01 1.435899999999999954e+00
1.678552763819095617e+01 1.160000000000000059e-01 1.803320000000000034e+00 5.618400000000000061e-01 1.436150000000000038e+00
1.688597989949748879e+01 1.160000000000000059e-01 1.803500000000000103e+00 5.619600000000000151e-01 1.436339999999999950e+00
1.698643216080402141e+01 1.160000000000000059e-01 1.803509999999999946e+00 5.620699999999999585e-01 1.436350000000000016e+00
1.708688442211055403e+01 1.160000000000000059e-01 1.803479999999999972e+00 5.621899999999999675e-01 1.436299999999999910e+00
1.718733668341708665e+01 1.160000000000000059e-01 1.803609999999999935e+00 5.623200000000000420e-01 1.436520000000000019e+00
1.728778894472361927e+01 1.160000000000000059e-01 1.803860000000000019e+00 5.624400000000000510e-01 1.436870000000000092e+00
1.738824120603015189e+01 1.160000000000000059e-01 1.804699999999999971e+00 5.625700000000000145e-01 1.437820000000000098e+00
1.748869346733668451e+01 1.160000000000000059e-01 1.805590000000000028e+00 5.626700000000000035e-01 1.438830000000000053e+00
1.758914572864321713e+01 1.160000000000000059e-01 1.806470000000000020e+00 5.627699999999999925e-01 1.439829999999999943e+00
1.768959798994974975e+01 1.160000000000000059e-01 1.807299999999999907e+00 5.628699999999999815e-01 1.440770000000000106e+00
1.779005025125628237e+01 1.160000000000000059e-01 1.807919999999999972e+00 5.628400000000000070e-01 1.441400000000000015e+00
1.789050251256281499e+01 1.160000000000000059e-01 1.808519999999999905e+00 5.628300000000000525e-01 1.441999999999999948e+00
1.799095477386934760e+01 1.160000000000000059e-01 1.809139999999999970e+00 5.627799999999999470e-01 1.442609999999999948e+00
1.809140703517588022e+01 1.160000000000000059e-01 1.809739999999999904e+00 5.627499999999999725e-01 1.443210000000000104e+00
1.819185929648241284e+01 1.160000000000000059e-01 1.810489999999999933e+00 5.627499999999999725e-01 1.443899999999999961e+00
1.829231155778894546e+01 1.160000000000000059e-01 1.811080000000000023e+00 5.627600000000000380e-01 1.444469999999999921e+00
1.839276381909547808e+01 1.160000000000000059e-01 1.812019999999999964e+00 5.627999999999999670e-01 1.445279999999999898e+00
1.849321608040201070e+01 1.160000000000000059e-01 1.812780000000000058e+00 5.628400000000000070e-01 1.445920000000000094e+00
1.859366834170854332e+01 1.160000000000000059e-01 1.813290000000000068e+00 5.628699999999999815e-01 1.446299999999999919e+00
1.869412060301507594e+01 1.160000000000000059e-01 1.813800000000000079e+00 5.629199999999999759e-01 1.446679999999999966e+00
1.879457286432160856e+01 1.160000000000000059e-01 1.814270000000000049e+00 5.629600000000000160e-01 1.447019999999999973e+00
1.889502512562814118e+01 1.160000000000000059e-01 1.814519999999999911e+00 5.629999999999999449e-01 1.447140000000000093e+00
1.899547738693467380e+01 1.160000000000000059e-01 1.814489999999999936e+00 5.630699999999999594e-01 1.447009999999999907e+00
1.909592964824120642e+01 1.160000000000000059e-01 1.814610000000000056e+00 5.631300000000000194e-01 1.447019999999999973e+00
1.919638190954773904e+01 1.160000000000000059e-01 1.814529999999999976e+00 5.632399999999999629e-01 1.446779999999999955e+00
1.929683417085427166e+01 1.160000000000000059e-01 1.814410000000000078e+00 5.633500000000000174e-01 1.446499999999999897e+00
1.939728643216080428e+01 1.160000000000000059e-01 1.814300000000000024e+00 5.634799999999999809e-01 1.446229999999999905e+00
1.949773869346733690e+01 1.160000000000000059e-01 1.814210000000000100e+00 5.635499999999999954e-01 1.445969999999999978e+00
1.959819095477386952e+01 1.160000000000000059e-01 1.814119999999999955e+00 5.636299999999999644e-01 1.445719999999999894e+00
1.969864321608040214e+01 1.160000000000000059e-01 1.814079999999999915e+00 5.636400000000000299e-01 1.445459999999999967e+00
1.979909547738693476e+01 1.160000000000000059e-01 1.814040000000000097e+00 5.636600000000000499e-01 1.445210000000000106e+00
1.989954773869346738e+01 1.160000000000000059e-01 1.814049999999999940e+00 5.636799999999999589e-01 1.445019999999999971e+00
2.000000000000000000e+01 1.160000000000000059e-01 1.813879999999999937e+00 5.636999999999999789e-01 1.444639999999999924e+00
