6.127135678391959495e-01 1.809999999999999942e-01 4.948999999999999927e-02 4.596100000000000185e-01 1.665000000000000160e-02
7.131658291457286802e-01 1.930000000000000049e-01 5.534000000000000030e-02 4.307500000000000218e-01 2.324999999999999983e-02
8.136180904522613000e-01 1.940000000000000058e-01 5.782000000000000334e-02 4.159399999999999764e-01 2.690999999999999989e-02
9.140703517587939197e-01 1.940000000000000058e-01 5.877999999999999892e-02 4.072700000000000209e-01 2.889999999999999861e-02
1.014522613065326651e+00 2.020000000000000129e-01 6.038000000000000311e-02 3.856800000000000228e-01 3.198999999999999760e-02
1.114974874371859270e+00 1.960000000000000075e-01 8.352999999999999314e-02 3.761099999999999999e-01 5.446999999999999759e-02
1.215427135678391890e+00 1.970000000000000084e-01 9.825000000000000400e-02 3.660900000000000265e-01 7.215000000000000580e-02
1.315879396984924510e+00 1.970000000000000084e-01 1.086400000000000005e-01 3.587400000000000033e-01 8.491999999999999549e-02
1.416331658291457352e+00 1.829999999999999960e-01 1.340600000000000125e-01 3.603899999999999881e-01 1.125599999999999934e-01
1.516783919597989971e+00 1.749999999999999889e-01 1.662399999999999989e-01 3.687300000000000022e-01 1.469499999999999973e-01
1.617236180904522591e+00 1.960000000000000075e-01 1.756900000000000128e-01 3.591199999999999948e-01 1.564800000000000080e-01
1.717688442211055211e+00 2.179999999999999993e-01 2.515600000000000058e-01 6.807699999999999863e-01 1.689199999999999868e-01
1.818140703517587831e+00 2.169999999999999984e-01 2.813200000000000145e-01 6.997600000000000486e-01 2.030500000000000083e-01
1.918592964824120672e+00 2.149999999999999967e-01 3.013000000000000123e-01 7.230400000000000160e-01 2.267200000000000049e-01
2.019045226130653070e+00 2.139999999999999958e-01 3.315699999999999759e-01 7.397700000000000387e-01 2.639699999999999824e-01
2.119497487437185690e+00 2.129999999999999949e-01 3.669299999999999784e-01 7.519799999999999818e-01 3.085899999999999754e-01
2.219949748743718310e+00 2.119999999999999940e-01 3.914099999999999802e-01 7.599299999999999944e-01 3.400099999999999789e-01
2.320402010050250929e+00 2.109999999999999931e-01 4.173600000000000088e-01 7.607000000000000428e-01 3.734700000000000242e-01
2.420854271356783549e+00 2.109999999999999931e-01 4.412400000000000211e-01 7.596000000000000529e-01 4.043300000000000227e-01
2.521306532663316169e+00 2.099999999999999922e-01 4.613300000000000178e-01 7.546399999999999775e-01 4.305499999999999883e-01
2.621758793969848789e+00 2.099999999999999922e-01 4.654200000000000004e-01 7.527800000000000047e-01 4.417300000000000115e-01
2.722211055276381853e+00 2.089999999999999913e-01 4.707399999999999918e-01 7.482999999999999652e-01 4.525000000000000133e-01
2.822663316582914472e+00 2.089999999999999913e-01 4.803200000000000247e-01 7.428299999999999903e-01 4.673300000000000232e-01
2.923115577889447092e+00 2.089999999999999913e-01 4.910499999999999865e-01 7.365899999999999670e-01 4.828399999999999914e-01
3.023567839195979712e+00 2.089999999999999913e-01 5.024699999999999722e-01 7.287400000000000544e-01 4.986099999999999977e-01
3.124020100502512332e+00 2.089999999999999913e-01 5.149099999999999788e-01 7.179699999999999971e-01 5.140400000000000524e-01
3.224472361809044951e+00 2.109999999999999931e-01 5.313799999999999635e-01 6.968800000000000550e-01 5.304699999999999971e-01
3.324924623115577571e+00 2.119999999999999940e-01 5.474299999999999722e-01 6.799300000000000344e-01 5.464400000000000368e-01
3.425376884422110191e+00 2.119999999999999940e-01 5.667400000000000215e-01 6.645100000000000451e-01 5.658999999999999586e-01
3.525829145728642811e+00 2.129999999999999949e-01 5.845799999999999885e-01 6.535400000000000098e-01 5.849499999999999700e-01
3.626281407035175430e+00 2.129999999999999949e-01 6.030799999999999494e-01 6.434699999999999864e-01 6.046899999999999498e-01
3.726733668341708050e+00 2.129999999999999949e-01 6.250900000000000345e-01 6.355800000000000338e-01 6.293999999999999595e-01
3.827185929648241114e+00 2.129999999999999949e-01 6.436300000000000354e-01 6.295899999999999830e-01 6.510799999999999921e-01
3.927638190954773734e+00 1.809999999999999942e-01 4.642899999999999805e-01 2.426399999999999946e-01 1.691400000000000126e-01
4.028090452261306353e+00 1.809999999999999942e-01 4.763600000000000056e-01 2.455499999999999905e-01 1.726199999999999957e-01
4.128542713567838973e+00 1.799999999999999933e-01 4.901800000000000046e-01 2.494200000000000028e-01 1.751900000000000124e-01
4.228994974874371593e+00 1.789999999999999925e-01 5.207000000000000517e-01 2.692800000000000193e-01 1.597099999999999909e-01
4.329447236180904213e+00 1.920000000000000040e-01 5.699600000000000222e-01 3.679100000000000148e-01 1.932599999999999874e-01
4.429899497487436832e+00 1.910000000000000031e-01 5.697200000000000042e-01 3.692799999999999971e-01 1.940000000000000058e-01
4.530351758793969452e+00 1.910000000000000031e-01 5.691100000000000048e-01 3.688600000000000212e-01 1.921400000000000052e-01
4.630804020100502072e+00 1.910000000000000031e-01 5.689100000000000268e-01 3.678100000000000258e-01 1.902500000000000024e-01
4.731256281407034692e+00 1.910000000000000031e-01 5.687999999999999723e-01 3.667000000000000259e-01 1.884599999999999886e-01
4.831708542713567311e+00 1.910000000000000031e-01 5.687299999999999578e-01 3.656099999999999905e-01 1.869099999999999928e-01
4.932160804020099931e+00 1.910000000000000031e-01 5.686799999999999633e-01 3.645599999999999952e-01 1.854600000000000137e-01
5.032613065326632551e+00 1.910000000000000031e-01 5.686700000000000088e-01 3.635300000000000198e-01 1.839899999999999869e-01
5.133065326633165171e+00 1.910000000000000031e-01 5.691500000000000448e-01 3.624399999999999844e-01 1.831899999999999917e-01
5.233517587939697790e+00 1.910000000000000031e-01 5.689899999999999958e-01 3.615499999999999825e-01 1.822000000000000008e-01
5.333969849246230410e+00 1.910000000000000031e-01 5.681899999999999729e-01 3.607600000000000251e-01 1.809399999999999897e-01
5.434422110552763918e+00 1.910000000000000031e-01 5.680699999999999639e-01 3.599499999999999922e-01 1.802799999999999958e-01
5.534874371859296538e+00 1.910000000000000031e-01 5.674599999999999644e-01 3.592299999999999938e-01 1.789300000000000057e-01
5.635326633165829158e+00 1.910000000000000031e-01 5.667100000000000470e-01 3.584899999999999753e-01 1.774000000000000021e-01
5.735778894472361777e+00 1.910000000000000031e-01 5.661000000000000476e-01 3.576900000000000079e-01 1.759900000000000075e-01
5.836231155778894397e+00 1.910000000000000031e-01 5.655099999999999572e-01 3.568600000000000105e-01 1.746199999999999974e-01
5.936683417085427017e+00 1.910000000000000031e-01 5.650300000000000322e-01 3.559999999999999831e-01 1.733699999999999963e-01
6.037135678391959637e+00 1.910000000000000031e-01 5.646900000000000253e-01 3.551400000000000112e-01 1.721999999999999920e-01
6.137587939698492256e+00 1.910000000000000031e-01 5.646200000000000108e-01 3.542399999999999993e-01 1.712200000000000111e-01
6.238040201005024876e+00 1.910000000000000031e-01 5.656499999999999861e-01 3.534499999999999864e-01 1.710099999999999953e-01
6.338492462311557496e+00 1.910000000000000031e-01 5.666600000000000525e-01 3.527100000000000235e-01 1.708699999999999941e-01
6.438944723618090116e+00 1.910000000000000031e-01 5.677799999999999514e-01 3.520099999999999896e-01 1.709799999999999931e-01
6.539396984924622735e+00 1.920000000000000040e-01 5.688999999999999613e-01 3.513600000000000056e-01 1.710200000000000053e-01
6.639849246231155355e+00 1.920000000000000040e-01 5.702599999999999891e-01 3.507399999999999962e-01 1.713500000000000023e-01
6.740301507537687975e+00 1.920000000000000040e-01 5.715999999999999970e-01 3.501000000000000223e-01 1.717599999999999960e-01
6.840753768844220595e+00 1.920000000000000040e-01 5.729800000000000448e-01 3.494599999999999929e-01 1.723699999999999954e-01
6.941206030150753215e+00 1.920000000000000040e-01 5.743099999999999872e-01 3.488899999999999779e-01 1.731499999999999984e-01
7.041658291457285834e+00 1.920000000000000040e-01 5.755200000000000315e-01 3.483399999999999830e-01 1.738599999999999868e-01
7.142110552763818454e+00 1.920000000000000040e-01 5.767299999999999649e-01 3.477700000000000236e-01 1.746300000000000074e-01
7.242562814070351074e+00 1.920000000000000040e-01 5.779600000000000293e-01 3.472299999999999831e-01 1.753099999999999936e-01
7.343015075376883694e+00 1.920000000000000040e-01 5.791699999999999626e-01 3.467299999999999827e-01 1.759900000000000075e-01
7.443467336683416313e+00 1.930000000000000049e-01 5.803899999999999615e-01 3.462899999999999867e-01 1.766600000000000115e-01
7.543919597989949821e+00 1.930000000000000049e-01 5.814099999999999824e-01 3.458499999999999908e-01 1.771800000000000042e-01
7.644371859296482441e+00 1.930000000000000049e-01 5.821300000000000363e-01 3.453800000000000203e-01 1.774100000000000121e-01
7.744824120603015061e+00 1.930000000000000049e-01 5.828200000000000047e-01 3.449400000000000244e-01 1.776200000000000001e-01
7.845276381909547680e+00 1.930000000000000049e-01 5.835000000000000187e-01 3.445199999999999929e-01 1.778399999999999981e-01
7.945728643216080300e+00 1.930000000000000049e-01 5.842399999999999816e-01 3.441299999999999915e-01 1.780799999999999883e-01
8.046180904522612920e+00 1.930000000000000049e-01 5.849499999999999700e-01 3.437500000000000000e-01 1.783200000000000063e-01
8.146633165829145540e+00 1.930000000000000049e-01 5.857099999999999529e-01 3.433899999999999730e-01 1.786200000000000010e-01
8.247085427135678160e+00 1.930000000000000049e-01 5.865200000000000413e-01 3.431199999999999806e-01 1.788700000000000012e-01
8.347537688442210779e+00 1.930000000000000049e-01 5.877400000000000402e-01 3.430199999999999916e-01 1.791999999999999982e-01
8.447989949748743399e+00 1.930000000000000049e-01 5.889900000000000135e-01 3.429300000000000126e-01 1.795400000000000051e-01
8.548442211055276019e+00 1.930000000000000049e-01 5.902899999999999814e-01 3.428499999999999881e-01 1.798800000000000121e-01
8.648894472361808639e+00 1.930000000000000049e-01 5.915799999999999947e-01 3.428100000000000036e-01 1.802199999999999913e-01
8.749346733668341258e+00 1.940000000000000058e-01 5.928400000000000336e-01 3.427899999999999836e-01 1.806999999999999995e-01
8.849798994974873878e+00 1.940000000000000058e-01 5.940100000000000380e-01 3.427600000000000091e-01 1.812100000000000100e-01
8.950251256281406498e+00 1.940000000000000058e-01 5.951499999999999568e-01 3.427299999999999791e-01 1.817199999999999926e-01
9.050703517587939118e+00 1.940000000000000058e-01 5.962600000000000122e-01 3.426899999999999946e-01 1.822199999999999931e-01
9.151155778894471737e+00 1.940000000000000058e-01 5.973600000000000021e-01 3.426699999999999746e-01 1.826500000000000068e-01
9.251608040201004357e+00 1.940000000000000058e-01 5.984500000000000375e-01 3.426600000000000201e-01 1.830600000000000005e-01
9.352060301507536977e+00 1.940000000000000058e-01 5.996299999999999963e-01 3.426799999999999846e-01 1.836500000000000077e-01
9.452512562814069597e+00 1.940000000000000058e-01 6.008000000000000007e-01 3.426899999999999946e-01 1.842000000000000026e-01
9.552964824120602216e+00 1.940000000000000058e-01 6.019499999999999851e-01 3.427200000000000246e-01 1.847300000000000053e-01
9.653417085427134836e+00 1.940000000000000058e-01 6.031199999999999894e-01 3.427600000000000091e-01 1.852399999999999880e-01
9.753869346733667456e+00 1.940000000000000058e-01 6.043100000000000138e-01 3.427799999999999736e-01 1.858100000000000029e-01
9.854321608040200076e+00 1.940000000000000058e-01 6.055300000000000127e-01 3.427799999999999736e-01 1.864800000000000069e-01
9.954773869346732695e+00 1.940000000000000058e-01 6.067500000000000115e-01 3.427799999999999736e-01 1.871400000000000008e-01
1.005522613065326532e+01 1.940000000000000058e-01 6.079200000000000159e-01 3.427799999999999736e-01 1.877900000000000125e-01
1.015567839195979793e+01 1.940000000000000058e-01 6.090799999999999548e-01 3.427799999999999736e-01 1.884299999999999864e-01
1.025613065326633055e+01 1.940000000000000058e-01 6.102300000000000502e-01 3.427799999999999736e-01 1.890699999999999881e-01
1.035658291457286317e+01 1.940000000000000058e-01 6.114100000000000090e-01 3.427999999999999936e-01 1.896799999999999875e-01
1.045703517587939579e+01 1.940000000000000058e-01 6.125599999999999934e-01 3.428200000000000136e-01 1.902699999999999947e-01
1.055748743718592841e+01 1.940000000000000058e-01 6.136500000000000288e-01 3.428499999999999881e-01 1.908499999999999919e-01
1.065793969849246103e+01 1.940000000000000058e-01 6.147599999999999731e-01 3.428999999999999826e-01 1.914599999999999913e-01
1.075839195979899543e+01 1.940000000000000058e-01 6.158799999999999830e-01 3.429499999999999771e-01 1.920800000000000007e-01
1.085884422110552805e+01 1.940000000000000058e-01 6.169499999999999984e-01 3.430000000000000271e-01 1.926499999999999879e-01
1.095929648241206067e+01 1.950000000000000067e-01 6.179599999999999538e-01 3.430699999999999861e-01 1.931499999999999884e-01
1.105974874371859329e+01 1.950000000000000067e-01 6.189400000000000457e-01 3.431400000000000006e-01 1.936100000000000043e-01
1.116020100502512591e+01 1.950000000000000067e-01 6.199000000000000066e-01 3.432100000000000151e-01 1.940099999999999880e-01
1.126065326633165853e+01 1.950000000000000067e-01 6.208900000000000530e-01 3.432700000000000196e-01 1.944700000000000040e-01
1.136110552763819115e+01 1.950000000000000067e-01 6.218500000000000139e-01 3.433300000000000241e-01 1.949200000000000099e-01
1.146155778894472377e+01 1.950000000000000067e-01 6.228099999999999747e-01 3.433899999999999730e-01 1.953600000000000059e-01
1.156201005025125639e+01 1.950000000000000067e-01 6.238000000000000211e-01 3.434499999999999775e-01 1.958600000000000063e-01
1.166246231155778901e+01 1.950000000000000067e-01 6.248000000000000220e-01 3.435199999999999920e-01 1.963699999999999890e-01
1.176291457286432163e+01 1.950000000000000067e-01 6.257200000000000539e-01 3.435400000000000120e-01 1.968900000000000095e-01
1.186336683417085425e+01 1.950000000000000067e-01 6.266399999999999748e-01 3.435599999999999765e-01 1.973900000000000099e-01
1.196381909547738687e+01 1.950000000000000067e-01 6.275399999999999867e-01 3.435599999999999765e-01 1.978800000000000003e-01
1.206427135678391949e+01 1.950000000000000067e-01 6.285800000000000276e-01 3.436199999999999810e-01 1.983800000000000008e-01
1.216472361809045211e+01 1.950000000000000067e-01 6.296300000000000230e-01 3.436699999999999755e-01 1.989100000000000035e-01
1.226517587939698473e+01 1.950000000000000067e-01 6.307500000000000329e-01 3.437299999999999800e-01 1.995500000000000052e-01
1.236562814070351735e+01 1.950000000000000067e-01 6.318200000000000482e-01 3.437600000000000100e-01 2.001699999999999868e-01
1.246608040201004997e+01 1.950000000000000067e-01 6.328399999999999581e-01 3.437700000000000200e-01 2.007799999999999863e-01
1.256653266331658259e+01 1.950000000000000067e-01 6.338300000000000045e-01 3.437600000000000100e-01 2.013800000000000034e-01
1.266698492462311521e+01 1.950000000000000067e-01 6.348000000000000309e-01 3.437500000000000000e-01 2.019700000000000106e-01
1.276743718592964782e+01 1.950000000000000067e-01 6.357399999999999718e-01 3.437000000000000055e-01 2.025299999999999878e-01
1.286788944723618044e+01 1.950000000000000067e-01 6.366800000000000237e-01 3.436600000000000210e-01 2.030899999999999928e-01
1.296834170854271306e+01 1.950000000000000067e-01 6.376300000000000301e-01 3.436299999999999910e-01 2.036000000000000032e-01
1.306879396984924568e+01 1.950000000000000067e-01 6.386399999999999855e-01 3.436600000000000210e-01 2.041699999999999904e-01
1.316924623115577830e+01 1.950000000000000067e-01 6.396199999999999664e-01 3.436899999999999955e-01 2.047400000000000053e-01
1.326969849246231092e+01 1.950000000000000067e-01 6.406899999999999817e-01 3.437399999999999900e-01 2.053599999999999870e-01
1.337015075376884354e+01 1.950000000000000067e-01 6.421499999999999986e-01 3.439099999999999935e-01 2.062100000000000044e-01
1.347060301507537616e+01 1.950000000000000067e-01 6.435899999999999954e-01 3.440799999999999970e-01 2.070599999999999941e-01
1.357105527638190878e+01 1.950000000000000067e-01 6.450200000000000378e-01 3.442299999999999804e-01 2.078899999999999915e-01
1.367150753768844140e+01 1.950000000000000067e-01 6.464100000000000401e-01 3.443800000000000194e-01 2.087100000000000066e-01
1.377195979899497402e+01 1.950000000000000067e-01 6.477800000000000225e-01 3.445199999999999929e-01 2.095200000000000118e-01
1.387241206030150664e+01 1.950000000000000067e-01 6.491200000000000303e-01 3.446600000000000219e-01 2.103099999999999969e-01
1.397286432160803926e+01 1.950000000000000067e-01 6.504699999999999926e-01 3.447899999999999854e-01 2.111300000000000121e-01
1.407331658291457188e+01 1.950000000000000067e-01 6.517699999999999605e-01 3.449099999999999944e-01 2.119000000000000050e-01
1.417376884422110450e+01 1.950000000000000067e-01 6.530500000000000194e-01 3.450199999999999934e-01 2.126399999999999957e-01
1.427422110552763712e+01 1.950000000000000067e-01 6.543200000000000127e-01 3.451199999999999823e-01 2.133899999999999963e-01
1.437467336683416974e+01 1.950000000000000067e-01 6.555400000000000116e-01 3.452000000000000068e-01 2.141200000000000048e-01
1.447512562814070236e+01 1.950000000000000067e-01 6.567399999999999904e-01 3.452899999999999858e-01 2.148700000000000054e-01
1.457557788944723498e+01 1.950000000000000067e-01 6.579399999999999693e-01 3.453800000000000203e-01 2.156099999999999961e-01
1.467603015075376760e+01 1.950000000000000067e-01 6.591099999999999737e-01 3.454599999999999893e-01 2.163299999999999945e-01
1.477648241206030022e+01 1.950000000000000067e-01 6.602200000000000291e-01 3.455099999999999838e-01 2.169800000000000062e-01
1.487693467336683284e+01 1.950000000000000067e-01 6.613499999999999934e-01 3.455799999999999983e-01 2.176599999999999924e-01
1.497738693467336546e+01 1.950000000000000067e-01 6.624299999999999633e-01 3.456099999999999728e-01 2.183400000000000063e-01
1.507783919597989986e+01 1.950000000000000067e-01 6.634900000000000242e-01 3.456299999999999928e-01 2.190699999999999870e-01
1.517829145728643248e+01 1.950000000000000067e-01 6.645299999999999541e-01 3.456400000000000028e-01 2.198199999999999876e-01
1.527874371859296510e+01 1.950000000000000067e-01 6.655400000000000205e-01 3.456400000000000028e-01 2.205600000000000060e-01
1.537919597989949771e+01 1.950000000000000067e-01 6.665799999999999503e-01 3.456400000000000028e-01 2.213100000000000067e-01
1.547964824120603033e+01 1.950000000000000067e-01 6.676100000000000367e-01 3.456400000000000028e-01 2.220600000000000074e-01
1.558010050251256295e+01 1.950000000000000067e-01 6.686699999999999866e-01 3.456400000000000028e-01 2.228499999999999925e-01
1.568055276381909557e+01 1.950000000000000067e-01 6.697199999999999820e-01 3.456400000000000028e-01 2.236200000000000132e-01
1.578100502512562819e+01 1.950000000000000067e-01 6.707999999999999519e-01 3.456600000000000228e-01 2.244599999999999929e-01
1.588145728643216081e+01 1.950000000000000067e-01 6.718600000000000128e-01 3.456699999999999773e-01 2.253000000000000003e-01
1.598190954773869343e+01 1.950000000000000067e-01 6.729100000000000081e-01 3.456799999999999873e-01 2.261299999999999977e-01
1.608236180904522783e+01 1.950000000000000067e-01 6.739699999999999580e-01 3.457000000000000073e-01 2.269799999999999873e-01
1.618281407035176045e+01 1.950000000000000067e-01 6.750800000000000134e-01 3.457299999999999818e-01 2.278699999999999892e-01
1.628326633165829307e+01 1.950000000000000067e-01 6.764599999999999502e-01 3.457600000000000118e-01 2.290600000000000136e-01
1.638371859296482569e+01 1.950000000000000067e-01 6.780599999999999961e-01 3.458100000000000063e-01 2.305000000000000104e-01
1.648417085427135831e+01 1.950000000000000067e-01 6.796600000000000419e-01 3.458600000000000008e-01 2.319299999999999973e-01
1.658462311557789093e+01 1.950000000000000067e-01 6.812599999999999767e-01 3.458999999999999853e-01 2.333600000000000119e-01
1.668507537688442355e+01 1.950000000000000067e-01 6.829199999999999715e-01 3.459400000000000253e-01 2.348600000000000132e-01
1.678552763819095617e+01 1.950000000000000067e-01 6.845700000000000118e-01 3.459800000000000098e-01 2.363500000000000045e-01
1.688597989949748879e+01 1.950000000000000067e-01 6.862300000000000066e-01 3.460400000000000142e-01 2.378399999999999959e-01
1.698643216080402141e+01 1.950000000000000067e-01 6.878900000000000015e-01 3.460799999999999987e-01 2.393599999999999894e-01
1.708688442211055403e+01 1.950000000000000067e-01 6.894900000000000473e-01 3.461099999999999732e-01 2.408299999999999885e-01
1.718733668341708665e+01 1.950000000000000067e-01 6.910699999999999621e-01 3.461400000000000032e-01 2.422700000000000131e-01
1.728778894472361927e+01 1.950000000000000067e-01 6.926299999999999679e-01 3.461799999999999877e-01 2.436899999999999900e-01
1.738824120603015189e+01 1.950000000000000067e-01 6.941800000000000193e-01 3.462000000000000077e-01 2.451099999999999945e-01
1.748869346733668451e+01 1.950000000000000067e-01 6.957499999999999796e-01 3.462299999999999822e-01 2.465400000000000091e-01
1.758914572864321713e+01 1.950000000000000067e-01 6.972899999999999654e-01 3.462399999999999922e-01 2.479899999999999882e-01
1.768959798994974975e+01 1.950000000000000067e-01 6.987400000000000277e-01 3.462100000000000177e-01 2.493900000000000006e-01
1.779005025125628237e+01 1.950000000000000067e-01 7.002800000000000136e-01 3.461400000000000032e-01 2.508600000000000274e-01
1.789050251256281499e+01 1.950000000000000067e-01 7.020499999999999519e-01 3.460599999999999787e-01 2.525100000000000122e-01
1.799095477386934760e+01 1.950000000000000067e-01 7.038200000000000012e-01 3.459800000000000098e-01 2.541499999999999870e-01
1.809140703517588022e+01 1.950000000000000067e-01 7.055700000000000305e-01 3.458899999999999753e-01 2.558000000000000274e-01
1.819185929648241284e+01 1.950000000000000067e-01 7.072800000000000198e-01 3.457899999999999863e-01 2.574299999999999922e-01
1.829231155778894546e+01 1.950000000000000067e-01 7.089600000000000346e-01 3.456699999999999773e-01 2.590700000000000225e-01
1.839276381909547808e+01 1.950000000000000067e-01 7.105799999999999894e-01 3.455599999999999783e-01 2.606499999999999928e-01
1.849321608040201070e+01 1.950000000000000067e-01 7.121699999999999697e-01 3.454400000000000248e-01 2.621899999999999786e-01
1.859366834170854332e+01 1.950000000000000067e-01 7.137700000000000156e-01 3.453100000000000058e-01 2.637900000000000245e-01
1.869412060301507594e+01 1.950000000000000067e-01 7.153500000000000414e-01 3.451600000000000223e-01 2.654000000000000248e-01
1.879457286432160856e+01 1.950000000000000067e-01 7.165300000000000002e-01 3.450400000000000134e-01 2.666600000000000081e-01
1.889502512562814118e+01 1.950000000000000067e-01 7.176000000000000156e-01 3.449200000000000044e-01 2.678400000000000225e-01
1.899547738693467380e+01 1.950000000000000067e-01 7.186399999999999455e-01 3.447899999999999854e-01 2.689699999999999869e-01
1.909592964824120642e+01 1.950000000000000067e-01 7.196700000000000319e-01 3.446600000000000219e-01 2.700500000000000123e-01
1.919638190954773904e+01 1.950000000000000067e-01 7.206799999999999873e-01 3.445400000000000129e-01 2.711200000000000276e-01
1.929683417085427166e+01 1.950000000000000067e-01 7.216799999999999882e-01 3.444200000000000039e-01 2.721700000000000230e-01
1.939728643216080428e+01 1.950000000000000067e-01 7.226700000000000346e-01 3.442899999999999849e-01 2.732200000000000184e-01
1.949773869346733690e+01 1.950000000000000067e-01 7.237099999999999644e-01 3.441600000000000215e-01 2.743399999999999728e-01
1.959819095477386952e+01 1.950000000000000067e-01 7.247500000000000053e-01 3.440300000000000025e-01 2.754499999999999726e-01
1.969864321608040214e+01 1.950000000000000067e-01 7.258700000000000152e-01 3.438800000000000190e-01 2.766299999999999870e-01
1.979909547738693476e+01 1.950000000000000067e-01 7.269799999999999596e-01 3.437299999999999800e-01 2.778200000000000114e-01
1.989954773869346738e+01 1.950000000000000067e-01 7.280600000000000405e-01 3.435799999999999965e-01 2.789699999999999958e-01
2.000000000000000000e+01 1.950000000000000067e-01 7.291400000000000103e-01 3.434499999999999775e-01 2.801400000000000001e-01
