1.000000000000000021e-02 2.119999999999999940e-01 9.167999999999999761e-02 9.321199999999999486e-01 8.258000000000000063e-02
1.104522613065326564e-01 2.119999999999999940e-01 9.167999999999999761e-02 9.321199999999999486e-01 8.258000000000000063e-02
2.109045226130653317e-01 2.119999999999999940e-01 9.167999999999999761e-02 9.321199999999999486e-01 8.258000000000000063e-02
3.113567839195979792e-01 2.119999999999999940e-01 9.167999999999999761e-02 9.321199999999999486e-01 8.258000000000000063e-02
4.118090452261306544e-01 2.119999999999999940e-01 9.167999999999999761e-02 9.321199999999999486e-01 8.258000000000000063e-02
5.122613065326633297e-01 2.290000000000000091e-01 1.058800000000000019e-01 6.784499999999999975e-01 9.057999999999999385e-02
6.127135678391959495e-01 1.690000000000000113e-01 5.274000000000000216e-02 7.936600000000000321e-01 2.220000000000000098e-02
7.131658291457286802e-01 1.610000000000000042e-01 1.508599999999999941e-01 5.778799999999999493e-01 1.189199999999999979e-01
8.136180904522613000e-01 1.449999999999999900e-01 3.851200000000000179e-01 5.243200000000000083e-01 3.041400000000000214e-01
9.140703517587939197e-01 1.509999999999999953e-01 5.331799999999999873e-01 4.925399999999999778e-01 4.031000000000000139e-01
1.014522613065326651e+00 1.059999999999999970e-01 7.561299999999999688e-01 7.145399999999999530e-01 4.365800000000000236e-01
1.114974874371859270e+00 1.400000000000000133e-01 1.059029999999999916e+00 4.127399999999999958e-01 1.280580000000000052e+00
1.215427135678391890e+00 7.399999999999999634e-02 7.779099999999999904e-01 7.457099999999999840e-01 5.468300000000000383e-01
1.315879396984924510e+00 1.100000000000000006e-01 8.857399999999999718e-01 6.280200000000000227e-01 4.034800000000000053e-01
1.416331658291457352e+00 1.100000000000000006e-01 9.094100000000000517e-01 6.306399999999999784e-01 4.195900000000000185e-01
1.516783919597989971e+00 1.100000000000000006e-01 9.438699999999999868e-01 6.330099999999999616e-01 4.488900000000000112e-01
1.617236180904522591e+00 1.100000000000000006e-01 9.744699999999999473e-01 6.361700000000000133e-01 4.804700000000000082e-01
1.717688442211055211e+00 1.079999999999999988e-01 1.035560000000000036e+00 6.439099999999999824e-01 5.262099999999999556e-01
1.818140703517587831e+00 1.079999999999999988e-01 1.080899999999999972e+00 6.502799999999999692e-01 5.615400000000000391e-01
1.918592964824120672e+00 1.069999999999999979e-01 1.123420000000000085e+00 6.539599999999999858e-01 5.970699999999999896e-01
2.019045226130653070e+00 1.059999999999999970e-01 1.170309999999999961e+00 6.556899999999999951e-01 6.355300000000000393e-01
2.119497487437185690e+00 1.049999999999999961e-01 1.210760000000000058e+00 6.623200000000000198e-01 6.680500000000000327e-01
2.219949748743718310e+00 1.049999999999999961e-01 1.251149999999999984e+00 6.667800000000000393e-01 7.023700000000000498e-01
2.320402010050250929e+00 1.049999999999999961e-01 1.333099999999999952e+00 6.642099999999999671e-01 7.586899999999999755e-01
2.420854271356783549e+00 1.049999999999999961e-01 1.406639999999999890e+00 6.615600000000000369e-01 8.094599999999999573e-01
2.521306532663316169e+00 1.039999999999999952e-01 1.462380000000000013e+00 6.619599999999999929e-01 8.559299999999999686e-01
2.621758793969848789e+00 1.039999999999999952e-01 1.513519999999999976e+00 6.625400000000000178e-01 9.117699999999999694e-01
2.722211055276381853e+00 1.039999999999999952e-01 1.558939999999999992e+00 6.628399999999999848e-01 9.626500000000000057e-01
2.822663316582914472e+00 1.029999999999999943e-01 1.598519999999999941e+00 6.631200000000000427e-01 1.008590000000000098e+00
2.923115577889447092e+00 1.029999999999999943e-01 1.630749999999999922e+00 6.643799999999999706e-01 1.053069999999999951e+00
3.023567839195979712e+00 1.019999999999999934e-01 1.648470000000000102e+00 6.666299999999999448e-01 1.088910000000000045e+00
3.124020100502512332e+00 1.010000000000000064e-01 1.672190000000000065e+00 6.684099999999999486e-01 1.123529999999999918e+00
3.224472361809044951e+00 1.010000000000000064e-01 1.698609999999999953e+00 6.697300000000000475e-01 1.156600000000000072e+00
3.324924623115577571e+00 1.010000000000000064e-01 1.716259999999999897e+00 6.725700000000000012e-01 1.182190000000000074e+00
3.425376884422110191e+00 1.000000000000000056e-01 1.752340000000000009e+00 6.749800000000000244e-01 1.201310000000000100e+00
3.525829145728642811e+00 1.010000000000000064e-01 1.785209999999999964e+00 6.824700000000000211e-01 1.206479999999999997e+00
3.626281407035175430e+00 1.010000000000000064e-01 1.801209999999999978e+00 6.911699999999999511e-01 1.213009999999999922e+00
3.726733668341708050e+00 1.010000000000000064e-01 1.796470000000000011e+00 6.976900000000000324e-01 1.215249999999999941e+00
3.827185929648241114e+00 1.019999999999999934e-01 1.796030000000000015e+00 7.013599999999999834e-01 1.219899999999999984e+00
3.927638190954773734e+00 1.019999999999999934e-01 1.793279999999999985e+00 7.046700000000000186e-01 1.222779999999999978e+00
4.028090452261306353e+00 1.019999999999999934e-01 1.790000000000000036e+00 7.075900000000000523e-01 1.225030000000000063e+00
4.128542713567838973e+00 1.019999999999999934e-01 1.782629999999999937e+00 7.102600000000000025e-01 1.223950000000000093e+00
4.228994974874371593e+00 1.019999999999999934e-01 1.783079999999999998e+00 7.122199999999999642e-01 1.230050000000000088e+00
4.329447236180904213e+00 1.019999999999999934e-01 1.786159999999999970e+00 7.139600000000000390e-01 1.239679999999999893e+00
4.429899497487436832e+00 1.019999999999999934e-01 1.789570000000000105e+00 7.154899999999999594e-01 1.250639999999999974e+00
4.530351758793969452e+00 1.019999999999999934e-01 1.801160000000000094e+00 7.166299999999999892e-01 1.271269999999999900e+00
4.630804020100502072e+00 1.849999999999999978e-01 4.444840000000000124e+00 4.566200000000000259e-01 4.991209999999999702e+00
4.731256281407034692e+00 1.849999999999999978e-01 4.647090000000000387e+00 4.534799999999999942e-01 5.244239999999999569e+00
4.831708542713567311e+00 1.880000000000000004e-01 5.072700000000000209e+00 4.483400000000000163e-01 5.798169999999999824e+00
4.932160804020099931e+00 1.890000000000000013e-01 5.461219999999999963e+00 4.436599999999999988e-01 6.305850000000000399e+00
5.032613065326632551e+00 1.920000000000000040e-01 5.915300000000000225e+00 4.389299999999999868e-01 6.905969999999999942e+00
5.133065326633165171e+00 1.849999999999999978e-01 6.447989999999999888e+00 4.398799999999999932e-01 7.566769999999999996e+00
5.233517587939697790e+00 1.029999999999999943e-01 1.795500000000000096e+00 7.247500000000000053e-01 1.348279999999999923e+00
5.333969849246230410e+00 1.029999999999999943e-01 1.803949999999999942e+00 7.254699999999999482e-01 1.372810000000000086e+00
5.434422110552763918e+00 1.019999999999999934e-01 1.798010000000000108e+00 7.275000000000000355e-01 1.388230000000000075e+00
5.534874371859296538e+00 1.019999999999999934e-01 1.784529999999999950e+00 7.298400000000000443e-01 1.396670000000000078e+00
5.635326633165829158e+00 1.019999999999999934e-01 1.777439999999999909e+00 7.314199999999999591e-01 1.410279999999999978e+00
5.735778894472361777e+00 1.019999999999999934e-01 1.771339999999999915e+00 7.328700000000000214e-01 1.423159999999999981e+00
5.836231155778894397e+00 1.010000000000000064e-01 1.762089999999999934e+00 7.346799999999999997e-01 1.434849999999999959e+00
5.936683417085427017e+00 1.010000000000000064e-01 1.755970000000000031e+00 7.362499999999999600e-01 1.446739999999999915e+00
6.037135678391959637e+00 1.010000000000000064e-01 1.752780000000000005e+00 7.374600000000000044e-01 1.458550000000000013e+00
6.137587939698492256e+00 1.010000000000000064e-01 1.749740000000000073e+00 7.385500000000000398e-01 1.470020000000000104e+00
6.238040201005024876e+00 1.010000000000000064e-01 1.745910000000000073e+00 7.395199999999999552e-01 1.479630000000000001e+00
6.338492462311557496e+00 1.010000000000000064e-01 1.742779999999999996e+00 7.403999999999999471e-01 1.489239999999999897e+00
6.438944723618090116e+00 9.800000000000000377e-02 1.738830000000000098e+00 7.411699999999999955e-01 1.498510000000000009e+00
6.539396984924622735e+00 9.800000000000000377e-02 1.734089999999999909e+00 7.421699999999999964e-01 1.505940000000000056e+00
6.639849246231155355e+00 9.800000000000000377e-02 1.729289999999999994e+00 7.432100000000000373e-01 1.511980000000000102e+00
6.740301507537687975e+00 9.800000000000000377e-02 1.725600000000000023e+00 7.442199999999999926e-01 1.518369999999999997e+00
6.840753768844220595e+00 9.800000000000000377e-02 1.722599999999999909e+00 7.451200000000000045e-01 1.524680000000000035e+00
6.941206030150753215e+00 9.800000000000000377e-02 1.719789999999999930e+00 7.459000000000000075e-01 1.530329999999999968e+00
7.041658291457285834e+00 9.800000000000000377e-02 1.717109999999999914e+00 7.466300000000000159e-01 1.535360000000000058e+00
7.142110552763818454e+00 9.800000000000000377e-02 1.715340000000000087e+00 7.470900000000000318e-01 1.539979999999999905e+00
7.242562814070351074e+00 9.800000000000000377e-02 1.714229999999999920e+00 7.473400000000000043e-01 1.545009999999999994e+00
7.343015075376883694e+00 9.800000000000000377e-02 1.699789999999999912e+00 7.487800000000000011e-01 1.537050000000000027e+00
7.443467336683416313e+00 9.800000000000000377e-02 1.680949999999999944e+00 7.502999999999999670e-01 1.523889999999999967e+00
7.543919597989949821e+00 9.800000000000000377e-02 1.664970000000000061e+00 7.513699999999999823e-01 1.513269999999999893e+00
7.644371859296482441e+00 9.800000000000000377e-02 1.643680000000000030e+00 7.521099999999999453e-01 1.498229999999999951e+00
7.744824120603015061e+00 9.800000000000000377e-02 1.613669999999999938e+00 7.528899999999999482e-01 1.474350000000000049e+00
7.845276381909547680e+00 9.800000000000000377e-02 1.582959999999999923e+00 7.534399999999999986e-01 1.450129999999999919e+00
7.945728643216080300e+00 9.800000000000000377e-02 1.557339999999999947e+00 7.538599999999999746e-01 1.432209999999999983e+00
8.046180904522612920e+00 9.900000000000000466e-02 1.532710000000000017e+00 7.538700000000000401e-01 1.418959999999999999e+00
8.146633165829145540e+00 9.900000000000000466e-02 1.494799999999999907e+00 7.543100000000000360e-01 1.392679999999999918e+00
8.247085427135678160e+00 9.900000000000000466e-02 1.461000000000000076e+00 7.547099999999999920e-01 1.368800000000000017e+00
8.347537688442210779e+00 1.000000000000000056e-01 1.435370000000000035e+00 7.549099999999999699e-01 1.351280000000000037e+00
8.447989949748743399e+00 1.000000000000000056e-01 1.414160000000000084e+00 7.552100000000000479e-01 1.337720000000000020e+00
8.548442211055276019e+00 1.000000000000000056e-01 1.400509999999999922e+00 7.551799999999999624e-01 1.330580000000000096e+00
8.648894472361808639e+00 1.890000000000000013e-01 2.724120000000000097e+00 6.360599999999999588e-01 2.727759999999999962e+00
8.749346733668341258e+00 1.890000000000000013e-01 2.719190000000000218e+00 6.343600000000000350e-01 2.735580000000000123e+00
8.849798994974873878e+00 1.890000000000000013e-01 2.717530000000000001e+00 6.330200000000000271e-01 2.748219999999999885e+00
8.950251256281406498e+00 1.890000000000000013e-01 2.721299999999999830e+00 6.322499999999999787e-01 2.764639999999999986e+00
9.050703517587939118e+00 1.890000000000000013e-01 2.724670000000000147e+00 6.316699999999999537e-01 2.779700000000000060e+00
9.151155778894471737e+00 1.890000000000000013e-01 2.726170000000000204e+00 6.311999999999999833e-01 2.792629999999999946e+00
9.251608040201004357e+00 1.890000000000000013e-01 2.727980000000000071e+00 6.308599999999999763e-01 2.805719999999999992e+00
9.352060301507536977e+00 1.890000000000000013e-01 2.730949999999999989e+00 6.306000000000000494e-01 2.819080000000000030e+00
9.452512562814069597e+00 1.890000000000000013e-01 2.735500000000000043e+00 6.301200000000000134e-01 2.834600000000000009e+00
9.552964824120602216e+00 1.890000000000000013e-01 2.740169999999999995e+00 6.297899999999999610e-01 2.848780000000000090e+00
9.653417085427134836e+00 1.890000000000000013e-01 2.744200000000000195e+00 6.295399999999999885e-01 2.861330000000000151e+00
9.753869346733667456e+00 1.890000000000000013e-01 2.748180000000000067e+00 6.293800000000000505e-01 2.873029999999999973e+00
9.854321608040200076e+00 1.890000000000000013e-01 2.751949999999999896e+00 6.292299999999999560e-01 2.883599999999999941e+00
9.954773869346732695e+00 1.890000000000000013e-01 2.755360000000000031e+00 6.291499999999999870e-01 2.893520000000000092e+00
1.005522613065326532e+01 1.890000000000000013e-01 2.758570000000000189e+00 6.291299999999999670e-01 2.902880000000000127e+00
1.015567839195979793e+01 1.890000000000000013e-01 2.761620000000000186e+00 6.291299999999999670e-01 2.911509999999999820e+00
1.025613065326633055e+01 1.890000000000000013e-01 2.767459999999999809e+00 6.290999999999999925e-01 2.923449999999999882e+00
1.035658291457286317e+01 1.890000000000000013e-01 2.775790000000000202e+00 6.290400000000000436e-01 2.938390000000000057e+00
1.045703517587939579e+01 1.890000000000000013e-01 2.783630000000000049e+00 6.290400000000000436e-01 2.952599999999999891e+00
1.055748743718592841e+01 1.890000000000000013e-01 2.789810000000000123e+00 6.291799999999999615e-01 2.964290000000000092e+00
1.065793969849246103e+01 1.890000000000000013e-01 2.794630000000000170e+00 6.294300000000000450e-01 2.973910000000000053e+00
1.075839195979899543e+01 1.890000000000000013e-01 2.799220000000000041e+00 6.296800000000000175e-01 2.983629999999999782e+00
1.085884422110552805e+01 1.890000000000000013e-01 2.805349999999999788e+00 6.299599999999999644e-01 2.995039999999999925e+00
1.095929648241206067e+01 1.890000000000000013e-01 2.811040000000000205e+00 6.302400000000000224e-01 3.005689999999999973e+00
1.105974874371859329e+01 1.890000000000000013e-01 2.816720000000000113e+00 6.304999999999999494e-01 3.016199999999999992e+00
1.116020100502512591e+01 1.890000000000000013e-01 2.822579999999999867e+00 6.306800000000000184e-01 3.026879999999999793e+00
1.126065326633165853e+01 1.890000000000000013e-01 2.828770000000000007e+00 6.307599999999999874e-01 3.038479999999999848e+00
1.136110552763819115e+01 1.890000000000000013e-01 2.834750000000000103e+00 6.307899999999999618e-01 3.049599999999999866e+00
1.146155778894472377e+01 1.890000000000000013e-01 2.841579999999999995e+00 6.308000000000000274e-01 3.061259999999999870e+00
1.156201005025125639e+01 1.890000000000000013e-01 2.847630000000000106e+00 6.308099999999999818e-01 3.072020000000000195e+00
1.166246231155778901e+01 1.890000000000000013e-01 2.854190000000000005e+00 6.308799999999999963e-01 3.083309999999999995e+00
1.176291457286432163e+01 1.890000000000000013e-01 2.861969999999999903e+00 6.309000000000000163e-01 3.095619999999999816e+00
1.186336683417085425e+01 1.890000000000000013e-01 2.870859999999999967e+00 6.308899999999999508e-01 3.108789999999999942e+00
1.196381909547738687e+01 1.890000000000000013e-01 2.879300000000000193e+00 6.308799999999999963e-01 3.121430000000000149e+00
1.206427135678391949e+01 1.890000000000000013e-01 2.888170000000000126e+00 6.308799999999999963e-01 3.134570000000000078e+00
1.216472361809045211e+01 1.890000000000000013e-01 2.898060000000000080e+00 6.308399999999999563e-01 3.148969999999999825e+00
1.226517587939698473e+01 1.890000000000000013e-01 2.909060000000000201e+00 6.307399999999999674e-01 3.164730000000000043e+00
1.236562814070351735e+01 1.890000000000000013e-01 2.922540000000000138e+00 6.305899999999999839e-01 3.183819999999999872e+00
1.246608040201004997e+01 1.890000000000000013e-01 2.935210000000000097e+00 6.304499999999999549e-01 3.201810000000000045e+00
1.256653266331658259e+01 1.890000000000000013e-01 2.947909999999999808e+00 6.303299999999999459e-01 3.219959999999999933e+00
1.266698492462311521e+01 1.880000000000000004e-01 2.955900000000000194e+00 6.304899999999999949e-01 3.231679999999999886e+00
1.276743718592964782e+01 1.880000000000000004e-01 2.957669999999999799e+00 6.310599999999999543e-01 3.235689999999999955e+00
1.286788944723618044e+01 1.880000000000000004e-01 2.959989999999999899e+00 6.315499999999999448e-01 3.240359999999999907e+00
1.296834170854271306e+01 1.880000000000000004e-01 2.964799999999999880e+00 6.320000000000000062e-01 3.248299999999999965e+00
1.306879396984924568e+01 1.880000000000000004e-01 2.969079999999999941e+00 6.324699999999999767e-01 3.255830000000000002e+00
1.316924623115577830e+01 1.880000000000000004e-01 2.973669999999999813e+00 6.328799999999999981e-01 3.264120000000000132e+00
1.326969849246231092e+01 1.880000000000000004e-01 2.978369999999999962e+00 6.332400000000000251e-01 3.272839999999999971e+00
1.337015075376884354e+01 1.880000000000000004e-01 2.983670000000000044e+00 6.335699999999999665e-01 3.282070000000000043e+00
1.347060301507537616e+01 1.880000000000000004e-01 2.989440000000000097e+00 6.338599999999999790e-01 3.291539999999999910e+00
1.357105527638190878e+01 1.880000000000000004e-01 2.995239999999999903e+00 6.341299999999999715e-01 3.301099999999999923e+00
1.367150753768844140e+01 1.880000000000000004e-01 3.004649999999999821e+00 6.343600000000000350e-01 3.315580000000000194e+00
1.377195979899497402e+01 1.869999999999999996e-01 3.013570000000000082e+00 6.346000000000000529e-01 3.329239999999999977e+00
1.387241206030150664e+01 1.869999999999999996e-01 3.021840000000000082e+00 6.348599999999999799e-01 3.342000000000000082e+00
1.397286432160803926e+01 1.869999999999999996e-01 3.029729999999999812e+00 6.351200000000000179e-01 3.354200000000000070e+00
1.407331658291457188e+01 1.869999999999999996e-01 3.037389999999999812e+00 6.353600000000000358e-01 3.366120000000000001e+00
1.417376884422110450e+01 1.869999999999999996e-01 3.042089999999999961e+00 6.356000000000000538e-01 3.375539999999999985e+00
1.427422110552763712e+01 1.869999999999999996e-01 3.047130000000000116e+00 6.358200000000000518e-01 3.385510000000000019e+00
1.437467336683416974e+01 1.869999999999999996e-01 3.052789999999999893e+00 6.360299999999999843e-01 3.396100000000000119e+00
1.447512562814070236e+01 1.869999999999999996e-01 3.058199999999999807e+00 6.362299999999999622e-01 3.406080000000000219e+00
1.457557788944723498e+01 1.869999999999999996e-01 3.062129999999999797e+00 6.364900000000000002e-01 3.413850000000000051e+00
1.467603015075376760e+01 1.869999999999999996e-01 3.063660000000000050e+00 6.368800000000000017e-01 3.417920000000000069e+00
1.477648241206030022e+01 1.869999999999999996e-01 3.064379999999999882e+00 6.372900000000000231e-01 3.420840000000000103e+00
1.487693467336683284e+01 1.869999999999999996e-01 3.066660000000000164e+00 6.376399999999999846e-01 3.425349999999999895e+00
1.497738693467336546e+01 1.869999999999999996e-01 3.069280000000000008e+00 6.379599999999999715e-01 3.430410000000000181e+00
1.507783919597989986e+01 1.869999999999999996e-01 3.070939999999999781e+00 6.383600000000000385e-01 3.434470000000000134e+00
1.517829145728643248e+01 1.859999999999999987e-01 3.072579999999999867e+00 6.387500000000000400e-01 3.438349999999999795e+00
1.527874371859296510e+01 1.859999999999999987e-01 3.072599999999999998e+00 6.392600000000000504e-01 3.440249999999999808e+00
1.537919597989949771e+01 1.859999999999999987e-01 3.072769999999999779e+00 6.397199999999999553e-01 3.442130000000000134e+00
1.547964824120603033e+01 1.859999999999999987e-01 3.075800000000000090e+00 6.400799999999999823e-01 3.447540000000000049e+00
1.558010050251256295e+01 1.859999999999999987e-01 3.079670000000000130e+00 6.404199999999999893e-01 3.454019999999999868e+00
1.568055276381909557e+01 1.859999999999999987e-01 3.084410000000000096e+00 6.407399999999999762e-01 3.461430000000000007e+00
1.578100502512562819e+01 1.859999999999999987e-01 3.089139999999999997e+00 6.410400000000000542e-01 3.468690000000000051e+00
1.588145728643216081e+01 1.859999999999999987e-01 3.094050000000000189e+00 6.413299999999999557e-01 3.476290000000000102e+00
1.598190954773869343e+01 1.859999999999999987e-01 3.099720000000000031e+00 6.415999999999999481e-01 3.484789999999999832e+00
1.608236180904522783e+01 1.859999999999999987e-01 3.104569999999999830e+00 6.418700000000000516e-01 3.492319999999999869e+00
1.618281407035176045e+01 1.859999999999999987e-01 3.109830000000000094e+00 6.421200000000000241e-01 3.500259999999999927e+00
1.628326633165829307e+01 1.859999999999999987e-01 3.113999999999999879e+00 6.424100000000000366e-01 3.506780000000000008e+00
1.638371859296482569e+01 1.859999999999999987e-01 3.118479999999999919e+00 6.426800000000000290e-01 3.513570000000000082e+00
1.648417085427135831e+01 1.849999999999999978e-01 3.122100000000000097e+00 6.429700000000000415e-01 3.519200000000000106e+00
1.658462311557789093e+01 1.849999999999999978e-01 3.125440000000000218e+00 6.432600000000000540e-01 3.524519999999999875e+00
1.668507537688442355e+01 1.849999999999999978e-01 3.129280000000000062e+00 6.435199999999999809e-01 3.530409999999999826e+00
1.678552763819095617e+01 1.849999999999999978e-01 3.132410000000000139e+00 6.438000000000000389e-01 3.535439999999999916e+00
1.688597989949748879e+01 1.849999999999999978e-01 3.134269999999999889e+00 6.441099999999999604e-01 3.538530000000000175e+00
1.698643216080402141e+01 1.849999999999999978e-01 3.135619999999999852e+00 6.444299999999999473e-01 3.540859999999999896e+00
1.708688442211055403e+01 1.849999999999999978e-01 3.136699999999999822e+00 6.447399999999999798e-01 3.542889999999999873e+00
1.718733668341708665e+01 1.849999999999999978e-01 3.139520000000000088e+00 6.449899999999999523e-01 3.547349999999999781e+00
1.728778894472361927e+01 1.849999999999999978e-01 3.141420000000000101e+00 6.452799999999999647e-01 3.550520000000000120e+00
1.738824120603015189e+01 1.849999999999999978e-01 3.142790000000000195e+00 6.455499999999999572e-01 3.552970000000000184e+00
1.748869346733668451e+01 1.849999999999999978e-01 3.143940000000000179e+00 6.458300000000000152e-01 3.555140000000000189e+00
1.758914572864321713e+01 1.849999999999999978e-01 3.144870000000000054e+00 6.460799999999999876e-01 3.557300000000000129e+00
1.768959798994974975e+01 1.849999999999999978e-01 3.145540000000000003e+00 6.463499999999999801e-01 3.558990000000000098e+00
1.779005025125628237e+01 1.849999999999999978e-01 3.146209999999999951e+00 6.466199999999999726e-01 3.560659999999999936e+00
1.789050251256281499e+01 1.849999999999999978e-01 3.147040000000000060e+00 6.468800000000000106e-01 3.562419999999999920e+00
1.799095477386934760e+01 1.839999999999999969e-01 3.148029999999999884e+00 6.471200000000000285e-01 3.564369999999999816e+00
1.809140703517588022e+01 1.839999999999999969e-01 3.149709999999999788e+00 6.473299999999999610e-01 3.567149999999999821e+00
1.819185929648241284e+01 1.839999999999999969e-01 3.150529999999999831e+00 6.475800000000000445e-01 3.568740000000000023e+00
1.829231155778894546e+01 1.839999999999999969e-01 3.151870000000000172e+00 6.477899999999999769e-01 3.570969999999999978e+00
1.839276381909547808e+01 1.839999999999999969e-01 3.152039999999999953e+00 6.480900000000000549e-01 3.571629999999999860e+00
1.849321608040201070e+01 1.839999999999999969e-01 3.151850000000000041e+00 6.483999999999999764e-01 3.571660000000000057e+00
1.859366834170854332e+01 1.839999999999999969e-01 3.151320000000000121e+00 6.487300000000000288e-01 3.571260000000000101e+00
1.869412060301507594e+01 1.839999999999999969e-01 3.151359999999999939e+00 6.490200000000000413e-01 3.571629999999999860e+00
1.879457286432160856e+01 1.839999999999999969e-01 3.151470000000000216e+00 6.493200000000000083e-01 3.572200000000000042e+00
1.889502512562814118e+01 1.839999999999999969e-01 3.152699999999999836e+00 6.495699999999999807e-01 3.574269999999999836e+00
1.899547738693467380e+01 1.839999999999999969e-01 3.153890000000000082e+00 6.498199999999999532e-01 3.576270000000000060e+00
1.909592964824120642e+01 1.839999999999999969e-01 3.157109999999999861e+00 6.500000000000000222e-01 3.581020000000000092e+00
1.919638190954773904e+01 1.839999999999999969e-01 3.160460000000000047e+00 6.501400000000000512e-01 3.585939999999999905e+00
1.929683417085427166e+01 1.839999999999999969e-01 3.163339999999999819e+00 6.503100000000000547e-01 3.590090000000000003e+00
1.939728643216080428e+01 1.839999999999999969e-01 3.166500000000000092e+00 6.504600000000000382e-01 3.594669999999999810e+00
1.949773869346733690e+01 1.839999999999999969e-01 3.169719999999999871e+00 6.506100000000000216e-01 3.599260000000000126e+00
1.959819095477386952e+01 1.839999999999999969e-01 3.172099999999999920e+00 6.507899999999999796e-01 3.602749999999999897e+00
1.969864321608040214e+01 1.839999999999999969e-01 3.174729999999999830e+00 6.509800000000000031e-01 3.606749999999999901e+00
1.979909547738693476e+01 1.839999999999999969e-01 3.177620000000000111e+00 6.511599999999999611e-01 3.611120000000000108e+00
1.989954773869346738e+01 1.839999999999999969e-01 3.179510000000000058e+00 6.513900000000000245e-01 3.613910000000000178e+00
2.000000000000000000e+01 1.829999999999999960e-01 3.182490000000000041e+00 6.516100000000000225e-01 3.618300000000000072e+00
