7.131658291457286802e-01 1.710000000000000131e-01 2.338000000000000148e-02 4.061299999999999910e-01 3.220000000000000206e-03
8.136180904522613000e-01 1.519999999999999962e-01 2.426000000000000031e-02 3.392800000000000260e-01 4.060000000000000241e-03
9.140703517587939197e-01 1.509999999999999953e-01 2.597000000000000003e-02 3.083099999999999730e-01 3.059999999999999786e-03
1.014522613065326651e+00 1.489999999999999936e-01 2.825000000000000080e-02 3.081400000000000250e-01 2.370000000000000145e-03
1.114974874371859270e+00 1.089999999999999997e-01 1.751000000000000056e-01 4.856300000000000061e-01 7.185999999999999333e-02
1.215427135678391890e+00 9.099999999999999756e-02 1.492100000000000093e-01 4.722299999999999831e-01 4.664999999999999702e-02
1.315879396984924510e+00 1.310000000000000053e-01 4.315999999999999698e-02 3.744999999999999996e-01 8.489999999999999283e-03
1.416331658291457352e+00 1.229999999999999982e-01 4.988999999999999685e-02 3.886899999999999800e-01 1.149999999999999981e-02
1.516783919597989971e+00 1.239999999999999991e-01 5.603999999999999954e-02 3.980799999999999894e-01 1.384999999999999946e-02
1.617236180904522591e+00 1.250000000000000000e-01 6.476999999999999424e-02 4.116400000000000059e-01 1.643000000000000016e-02
1.717688442211055211e+00 1.260000000000000009e-01 8.898000000000000353e-02 4.457200000000000051e-01 2.089999999999999844e-02
1.818140703517587831e+00 8.400000000000000522e-02 3.838599999999999790e-01 6.342100000000000515e-01 1.471899999999999875e-01
1.918592964824120672e+00 1.280000000000000027e-01 1.770700000000000052e-01 4.450000000000000067e-01 9.607999999999999874e-02
2.019045226130653070e+00 1.300000000000000044e-01 1.860100000000000087e-01 4.384399999999999964e-01 9.402000000000000635e-02
2.119497487437185690e+00 1.310000000000000053e-01 2.428400000000000003e-01 4.369199999999999751e-01 1.291899999999999993e-01
2.219949748743718310e+00 1.330000000000000071e-01 2.539399999999999991e-01 4.262900000000000023e-01 1.286700000000000066e-01
2.320402010050250929e+00 1.340000000000000080e-01 2.764900000000000135e-01 4.234600000000000031e-01 1.353999999999999926e-01
2.420854271356783549e+00 1.350000000000000089e-01 2.992400000000000060e-01 4.209700000000000109e-01 1.449100000000000110e-01
2.521306532663316169e+00 1.360000000000000098e-01 3.236200000000000188e-01 4.167699999999999738e-01 1.613300000000000012e-01
2.621758793969848789e+00 1.400000000000000133e-01 3.387399999999999856e-01 4.052200000000000246e-01 1.683699999999999919e-01
2.722211055276381853e+00 1.439999999999999891e-01 3.633600000000000163e-01 3.978599999999999914e-01 1.880600000000000049e-01
2.822663316582914472e+00 1.479999999999999927e-01 3.570200000000000040e-01 3.771999999999999797e-01 1.872900000000000120e-01
2.923115577889447092e+00 1.439999999999999891e-01 3.960099999999999731e-01 4.024800000000000044e-01 2.142499999999999960e-01
3.023567839195979712e+00 1.429999999999999882e-01 3.973300000000000165e-01 4.081400000000000028e-01 2.142400000000000138e-01
3.124020100502512332e+00 1.419999999999999873e-01 3.858400000000000163e-01 4.128899999999999793e-01 2.076099999999999890e-01
3.224472361809044951e+00 1.419999999999999873e-01 3.780000000000000027e-01 4.130699999999999927e-01 2.049799999999999955e-01
3.324924623115577571e+00 1.429999999999999882e-01 3.820899999999999852e-01 4.100300000000000056e-01 2.091399999999999926e-01
3.425376884422110191e+00 1.469999999999999918e-01 3.473899999999999766e-01 4.047000000000000042e-01 1.947899999999999909e-01
3.525829145728642811e+00 1.650000000000000078e-01 3.355400000000000049e-01 4.012600000000000056e-01 1.869099999999999928e-01
3.626281407035175430e+00 1.920000000000000040e-01 3.638700000000000268e-01 6.395100000000000229e-01 2.307200000000000084e-01
3.726733668341708050e+00 1.910000000000000031e-01 3.597099999999999742e-01 6.313199999999999923e-01 2.227300000000000113e-01
3.827185929648241114e+00 1.910000000000000031e-01 3.639100000000000112e-01 6.260999999999999899e-01 2.244099999999999984e-01
3.927638190954773734e+00 1.910000000000000031e-01 3.686200000000000032e-01 6.218599999999999683e-01 2.265000000000000069e-01
4.028090452261306353e+00 1.910000000000000031e-01 3.734299999999999842e-01 6.171600000000000419e-01 2.297200000000000075e-01
4.128542713567838973e+00 1.900000000000000022e-01 3.784699999999999731e-01 6.123499999999999499e-01 2.331399999999999861e-01
4.228994974874371593e+00 1.910000000000000031e-01 3.804400000000000004e-01 6.089200000000000168e-01 2.330399999999999971e-01
4.329447236180904213e+00 1.910000000000000031e-01 3.821300000000000252e-01 6.059099999999999486e-01 2.317599999999999938e-01
4.429899497487436832e+00 1.910000000000000031e-01 3.839099999999999735e-01 6.031699999999999839e-01 2.303099999999999870e-01
4.530351758793969452e+00 1.910000000000000031e-01 3.870100000000000207e-01 6.013100000000000112e-01 2.279899999999999982e-01
4.630804020100502072e+00 1.920000000000000040e-01 3.912599999999999967e-01 5.986900000000000555e-01 2.263799999999999979e-01
4.731256281407034692e+00 1.920000000000000040e-01 3.978300000000000169e-01 5.949400000000000244e-01 2.265699999999999936e-01
4.831708542713567311e+00 1.920000000000000040e-01 4.048300000000000232e-01 5.909299999999999553e-01 2.273799999999999988e-01
4.932160804020099931e+00 1.930000000000000049e-01 4.117500000000000049e-01 5.869199999999999973e-01 2.275399999999999923e-01
5.032613065326632551e+00 1.930000000000000049e-01 4.207699999999999774e-01 5.837299999999999711e-01 2.266400000000000081e-01
5.133065326633165171e+00 1.930000000000000049e-01 4.286699999999999955e-01 5.803800000000000070e-01 2.252300000000000135e-01
5.233517587939697790e+00 1.930000000000000049e-01 4.363000000000000211e-01 5.768499999999999739e-01 2.236100000000000032e-01
5.333969849246230410e+00 1.930000000000000049e-01 4.436499999999999888e-01 5.731699999999999573e-01 2.224200000000000066e-01
5.434422110552763918e+00 1.940000000000000058e-01 4.506899999999999795e-01 5.693399999999999572e-01 2.215100000000000124e-01
5.534874371859296538e+00 1.940000000000000058e-01 4.597300000000000275e-01 5.661699999999999511e-01 2.241499999999999881e-01
5.635326633165829158e+00 1.930000000000000049e-01 4.682899999999999840e-01 5.634099999999999664e-01 2.267200000000000049e-01
5.735778894472361777e+00 1.930000000000000049e-01 4.757600000000000162e-01 5.607900000000000107e-01 2.291999999999999871e-01
5.836231155778894397e+00 1.930000000000000049e-01 4.821400000000000130e-01 5.581300000000000150e-01 2.308099999999999874e-01
5.936683417085427017e+00 1.930000000000000049e-01 4.864899999999999780e-01 5.553299999999999903e-01 2.319199999999999873e-01
6.037135678391959637e+00 1.930000000000000049e-01 4.904700000000000171e-01 5.528699999999999726e-01 2.336199999999999943e-01
6.137587939698492256e+00 1.930000000000000049e-01 4.948899999999999966e-01 5.506799999999999473e-01 2.353999999999999981e-01
6.238040201005024876e+00 1.930000000000000049e-01 5.000299999999999745e-01 5.484400000000000386e-01 2.372299999999999964e-01
6.338492462311557496e+00 1.930000000000000049e-01 5.053499999999999659e-01 5.462599999999999678e-01 2.391500000000000015e-01
6.438944723618090116e+00 1.930000000000000049e-01 5.110799999999999788e-01 5.437999999999999501e-01 2.413099999999999967e-01
6.539396984924622735e+00 1.930000000000000049e-01 5.168099999999999916e-01 5.394799999999999596e-01 2.414900000000000102e-01
6.639849246231155355e+00 1.930000000000000049e-01 5.230900000000000549e-01 5.364799999999999569e-01 2.434900000000000120e-01
6.740301507537687975e+00 1.930000000000000049e-01 5.293400000000000327e-01 5.339500000000000357e-01 2.459899999999999864e-01
6.840753768844220595e+00 1.930000000000000049e-01 5.354299999999999615e-01 5.317199999999999704e-01 2.486700000000000021e-01
6.941206030150753215e+00 1.930000000000000049e-01 5.427699999999999747e-01 5.311500000000000110e-01 2.527900000000000147e-01
7.041658291457285834e+00 1.930000000000000049e-01 5.498499999999999499e-01 5.303999999999999826e-01 2.566200000000000148e-01
7.142110552763818454e+00 1.930000000000000049e-01 5.567400000000000126e-01 5.295299999999999452e-01 2.603699999999999903e-01
7.242562814070351074e+00 1.930000000000000049e-01 5.640899999999999803e-01 5.286600000000000188e-01 2.644000000000000239e-01
7.343015075376883694e+00 1.930000000000000049e-01 5.717499999999999805e-01 5.277199999999999669e-01 2.684599999999999764e-01
7.443467336683416313e+00 1.930000000000000049e-01 5.796999999999999931e-01 5.268000000000000460e-01 2.726799999999999780e-01
7.543919597989949821e+00 1.930000000000000049e-01 5.876799999999999802e-01 5.262000000000000011e-01 2.769400000000000195e-01
7.644371859296482441e+00 1.930000000000000049e-01 5.964599999999999902e-01 5.262200000000000211e-01 2.814699999999999980e-01
7.744824120603015061e+00 1.930000000000000049e-01 6.164300000000000335e-01 5.300000000000000266e-01 2.925800000000000067e-01
7.845276381909547680e+00 1.930000000000000049e-01 6.341200000000000170e-01 5.310000000000000275e-01 3.016800000000000037e-01
7.945728643216080300e+00 1.930000000000000049e-01 6.453999999999999737e-01 5.305699999999999861e-01 3.067300000000000026e-01
8.046180904522612920e+00 1.930000000000000049e-01 6.551599999999999646e-01 5.308199999999999585e-01 3.119199999999999751e-01
8.146633165829145540e+00 1.920000000000000040e-01 6.614200000000000079e-01 5.307600000000000096e-01 3.137499999999999734e-01
8.247085427135678160e+00 1.920000000000000040e-01 6.663900000000000379e-01 5.319800000000000084e-01 3.147900000000000142e-01
8.347537688442210779e+00 1.920000000000000040e-01 6.710500000000000353e-01 5.339399999999999702e-01 3.160100000000000131e-01
8.447989949748743399e+00 1.910000000000000031e-01 6.725200000000000067e-01 5.344499999999999806e-01 3.146700000000000053e-01
8.548442211055276019e+00 1.910000000000000031e-01 6.747800000000000464e-01 5.333099999999999508e-01 3.136399999999999744e-01
8.648894472361808639e+00 1.910000000000000031e-01 6.770800000000000152e-01 5.322299999999999809e-01 3.126800000000000135e-01
8.749346733668341258e+00 1.910000000000000031e-01 6.790300000000000225e-01 5.307300000000000351e-01 3.101599999999999913e-01
8.849798994974873878e+00 1.910000000000000031e-01 6.807800000000000518e-01 5.295100000000000362e-01 3.084299999999999820e-01
8.950251256281406498e+00 1.819999999999999951e-01 6.827800000000000535e-01 5.286899999999999933e-01 3.081800000000000095e-01
9.050703517587939118e+00 1.819999999999999951e-01 6.844700000000000228e-01 5.279000000000000359e-01 3.082699999999999885e-01
9.151155778894471737e+00 1.819999999999999951e-01 6.851500000000000368e-01 5.273299999999999654e-01 3.080100000000000060e-01
9.251608040201004357e+00 1.819999999999999951e-01 6.857600000000000362e-01 5.270700000000000385e-01 3.080700000000000105e-01
9.352060301507536977e+00 1.809999999999999942e-01 6.855200000000000182e-01 5.275699999999999834e-01 3.081300000000000150e-01
9.452512562814069597e+00 1.809999999999999942e-01 6.850600000000000023e-01 5.283499999999999863e-01 3.081999999999999740e-01
9.552964824120602216e+00 1.809999999999999942e-01 6.854299999999999837e-01 5.289599999999999858e-01 3.090800000000000214e-01
9.653417085427134836e+00 1.809999999999999942e-01 6.872700000000000475e-01 5.294499999999999762e-01 3.112599999999999811e-01
9.753869346733667456e+00 1.809999999999999942e-01 6.893299999999999983e-01 5.299500000000000322e-01 3.137800000000000034e-01
9.854321608040200076e+00 1.809999999999999942e-01 6.916499999999999870e-01 5.304400000000000226e-01 3.166200000000000125e-01
9.954773869346732695e+00 1.809999999999999942e-01 6.939699999999999758e-01 5.309099999999999930e-01 3.195399999999999907e-01
1.005522613065326532e+01 1.809999999999999942e-01 6.962399999999999700e-01 5.313400000000000345e-01 3.225299999999999834e-01
1.015567839195979793e+01 1.809999999999999942e-01 6.985900000000000443e-01 5.317499999999999449e-01 3.256100000000000105e-01
1.025613065326633055e+01 1.809999999999999942e-01 7.013500000000000290e-01 5.320700000000000429e-01 3.290899999999999936e-01
1.035658291457286317e+01 1.809999999999999942e-01 7.043800000000000061e-01 5.323900000000000299e-01 3.327100000000000057e-01
1.045703517587939579e+01 1.809999999999999942e-01 7.073099999999999943e-01 5.327100000000000168e-01 3.363399999999999723e-01
1.055748743718592841e+01 1.809999999999999942e-01 7.102800000000000225e-01 5.330200000000000493e-01 3.400000000000000244e-01
1.065793969849246103e+01 1.809999999999999942e-01 7.132399999999999851e-01 5.333299999999999708e-01 3.436400000000000010e-01
1.075839195979899543e+01 1.809999999999999942e-01 7.160100000000000353e-01 5.335999999999999632e-01 3.471799999999999886e-01
1.085884422110552805e+01 1.809999999999999942e-01 7.188700000000000090e-01 5.338600000000000012e-01 3.507700000000000262e-01
1.095929648241206067e+01 1.809999999999999942e-01 7.216900000000000537e-01 5.341299999999999937e-01 3.543200000000000238e-01
1.105974874371859329e+01 1.809999999999999942e-01 7.248400000000000398e-01 5.344400000000000261e-01 3.582699999999999774e-01
1.116020100502512591e+01 1.809999999999999942e-01 7.278400000000000425e-01 5.347899999999999876e-01 3.622400000000000064e-01
1.126065326633165853e+01 1.809999999999999942e-01 7.312300000000000466e-01 5.350700000000000456e-01 3.663799999999999835e-01
1.136110552763819115e+01 1.799999999999999933e-01 7.352400000000000047e-01 5.354700000000000015e-01 3.707799999999999985e-01
1.146155778894472377e+01 1.799999999999999933e-01 7.395300000000000207e-01 5.359199999999999520e-01 3.752900000000000125e-01
1.156201005025125639e+01 1.799999999999999933e-01 7.438700000000000312e-01 5.363499999999999934e-01 3.798000000000000265e-01
1.166246231155778901e+01 1.799999999999999933e-01 7.477700000000000458e-01 5.367600000000000149e-01 3.840999999999999970e-01
1.176291457286432163e+01 1.799999999999999933e-01 7.515399999999999858e-01 5.372299999999999853e-01 3.884299999999999975e-01
1.186336683417085425e+01 1.799999999999999933e-01 7.553400000000000114e-01 5.378899999999999793e-01 3.928099999999999925e-01
1.196381909547738687e+01 1.799999999999999933e-01 7.591799999999999660e-01 5.385699999999999932e-01 3.971399999999999930e-01
1.206427135678391949e+01 1.799999999999999933e-01 7.629500000000000171e-01 5.392299999999999871e-01 4.014599999999999835e-01
1.216472361809045211e+01 1.799999999999999933e-01 7.669300000000000006e-01 5.398399999999999865e-01 4.059900000000000175e-01
1.226517587939698473e+01 1.799999999999999933e-01 7.709500000000000242e-01 5.404400000000000315e-01 4.108399999999999830e-01
1.236562814070351735e+01 1.799999999999999933e-01 7.749500000000000277e-01 5.410000000000000364e-01 4.156000000000000250e-01
1.246608040201004997e+01 1.799999999999999933e-01 7.785699999999999843e-01 5.415699999999999958e-01 4.200400000000000245e-01
1.256653266331658259e+01 1.799999999999999933e-01 7.821299999999999919e-01 5.421799999999999953e-01 4.243899999999999895e-01
1.266698492462311521e+01 1.799999999999999933e-01 7.856600000000000250e-01 5.428199999999999692e-01 4.285399999999999765e-01
1.276743718592964782e+01 1.799999999999999933e-01 7.893700000000000161e-01 5.434400000000000341e-01 4.326499999999999790e-01
1.286788944723618044e+01 1.799999999999999933e-01 7.931300000000000017e-01 5.440199999999999481e-01 4.367300000000000071e-01
1.296834170854271306e+01 1.799999999999999933e-01 7.966800000000000548e-01 5.445999999999999730e-01 4.406499999999999861e-01
1.306879396984924568e+01 1.799999999999999933e-01 7.998199999999999754e-01 5.451399999999999579e-01 4.442099999999999937e-01
1.316924623115577830e+01 1.799999999999999933e-01 8.026999999999999691e-01 5.457199999999999829e-01 4.475799999999999779e-01
1.326969849246231092e+01 1.799999999999999933e-01 8.076100000000000501e-01 5.466800000000000548e-01 4.511200000000000210e-01
1.337015075376884354e+01 1.799999999999999933e-01 8.127600000000000380e-01 5.476499999999999702e-01 4.546600000000000086e-01
1.347060301507537616e+01 1.799999999999999933e-01 8.179499999999999549e-01 5.486199999999999966e-01 4.582700000000000107e-01
1.357105527638190878e+01 1.799999999999999933e-01 8.231000000000000538e-01 5.495400000000000285e-01 4.618599999999999928e-01
1.367150753768844140e+01 1.799999999999999933e-01 8.281199999999999672e-01 5.504000000000000004e-01 4.653499999999999859e-01
1.377195979899497402e+01 1.799999999999999933e-01 8.327900000000000302e-01 5.512200000000000433e-01 4.686799999999999855e-01
1.387241206030150664e+01 1.799999999999999933e-01 8.376200000000000312e-01 5.520800000000000152e-01 4.723499999999999921e-01
1.397286432160803926e+01 1.799999999999999933e-01 8.425000000000000266e-01 5.528999999999999471e-01 4.760900000000000132e-01
1.407331658291457188e+01 1.799999999999999933e-01 8.471800000000000441e-01 5.537100000000000355e-01 4.796099999999999808e-01
1.417376884422110450e+01 1.799999999999999933e-01 8.517000000000000126e-01 5.549500000000000544e-01 4.826199999999999934e-01
1.427422110552763712e+01 1.799999999999999933e-01 8.563499999999999446e-01 5.562000000000000277e-01 4.858999999999999986e-01
1.437467336683416974e+01 1.799999999999999933e-01 8.610600000000000476e-01 5.574200000000000266e-01 4.892799999999999927e-01
1.447512562814070236e+01 1.799999999999999933e-01 8.655599999999999961e-01 5.587699999999999889e-01 4.923899999999999944e-01
1.457557788944723498e+01 1.799999999999999933e-01 8.700299999999999701e-01 5.601399999999999713e-01 4.954100000000000170e-01
1.467603015075376760e+01 1.799999999999999933e-01 8.743400000000000061e-01 5.614400000000000501e-01 4.984600000000000142e-01
1.477648241206030022e+01 1.799999999999999933e-01 8.786500000000000421e-01 5.626999999999999780e-01 5.017300000000000093e-01
1.487693467336683284e+01 1.799999999999999933e-01 8.830900000000000416e-01 5.638400000000000079e-01 5.050700000000000189e-01
1.497738693467336546e+01 1.799999999999999933e-01 8.874900000000000011e-01 5.649199999999999777e-01 5.083900000000000086e-01
1.507783919597989986e+01 1.799999999999999933e-01 8.916699999999999626e-01 5.659999999999999476e-01 5.116899999999999782e-01
1.517829145728643248e+01 1.799999999999999933e-01 8.957600000000000007e-01 5.670100000000000140e-01 5.149299999999999988e-01
1.527874371859296510e+01 1.799999999999999933e-01 8.996600000000000152e-01 5.679899999999999949e-01 5.179399999999999560e-01
1.537919597989949771e+01 1.799999999999999933e-01 9.036399999999999988e-01 5.689499999999999558e-01 5.210299999999999931e-01
1.547964824120603033e+01 1.799999999999999933e-01 9.075999999999999623e-01 5.698499999999999677e-01 5.241299999999999848e-01
1.558010050251256295e+01 1.799999999999999933e-01 9.116300000000000514e-01 5.707799999999999541e-01 5.272400000000000420e-01
1.568055276381909557e+01 1.799999999999999933e-01 9.158600000000000074e-01 5.717600000000000460e-01 5.305499999999999661e-01
1.578100502512562819e+01 1.799999999999999933e-01 9.200500000000000345e-01 5.726999999999999869e-01 5.339199999999999502e-01
1.588145728643216081e+01 1.799999999999999933e-01 9.241899999999999560e-01 5.736099999999999532e-01 5.372000000000000108e-01
1.598190954773869343e+01 1.799999999999999933e-01 9.282399999999999540e-01 5.744799999999999907e-01 5.404799999999999605e-01
1.608236180904522783e+01 1.789999999999999925e-01 9.322399999999999576e-01 5.753000000000000336e-01 5.436400000000000121e-01
1.618281407035176045e+01 1.789999999999999925e-01 9.360600000000000032e-01 5.760600000000000165e-01 5.467499999999999583e-01
1.628326633165829307e+01 1.789999999999999925e-01 9.396600000000000508e-01 5.767700000000000049e-01 5.497600000000000264e-01
1.638371859296482569e+01 1.789999999999999925e-01 9.431100000000000039e-01 5.774399999999999533e-01 5.525999999999999801e-01
1.648417085427135831e+01 1.789999999999999925e-01 9.463300000000000045e-01 5.780699999999999728e-01 5.552500000000000213e-01
1.658462311557789093e+01 1.789999999999999925e-01 9.494799999999999907e-01 5.786900000000000377e-01 5.578300000000000480e-01
1.668507537688442355e+01 1.789999999999999925e-01 9.525799999999999823e-01 5.792800000000000171e-01 5.603799999999999892e-01
1.678552763819095617e+01 1.789999999999999925e-01 9.556299999999999795e-01 5.798400000000000221e-01 5.628600000000000270e-01
1.688597989949748879e+01 1.789999999999999925e-01 9.586599999999999566e-01 5.803700000000000525e-01 5.654799999999999827e-01
1.698643216080402141e+01 1.789999999999999925e-01 9.616599999999999593e-01 5.808900000000000174e-01 5.680699999999999639e-01
1.708688442211055403e+01 1.789999999999999925e-01 9.645899999999999475e-01 5.813800000000000079e-01 5.706700000000000106e-01
1.718733668341708665e+01 1.789999999999999925e-01 9.673000000000000487e-01 5.818299999999999583e-01 5.732500000000000373e-01
1.728778894472361927e+01 1.789999999999999925e-01 9.699200000000000044e-01 5.822500000000000453e-01 5.758299999999999530e-01
1.738824120603015189e+01 1.789999999999999925e-01 9.725000000000000311e-01 5.826400000000000468e-01 5.783399999999999652e-01
1.748869346733668451e+01 1.789999999999999925e-01 9.750600000000000378e-01 5.830400000000000027e-01 5.808400000000000230e-01
1.758914572864321713e+01 1.789999999999999925e-01 9.775599999999999845e-01 5.834599999999999786e-01 5.832800000000000207e-01
1.768959798994974975e+01 1.789999999999999925e-01 9.800200000000000022e-01 5.838299999999999601e-01 5.857200000000000184e-01
1.779005025125628237e+01 1.789999999999999925e-01 9.823800000000000310e-01 5.841800000000000326e-01 5.880400000000000071e-01
1.789050251256281499e+01 1.789999999999999925e-01 9.845300000000000162e-01 5.845399999999999485e-01 5.901999999999999469e-01
1.799095477386934760e+01 1.789999999999999925e-01 9.865599999999999925e-01 5.848799999999999555e-01 5.923300000000000232e-01
1.809140703517588022e+01 1.789999999999999925e-01 9.886399999999999633e-01 5.852100000000000080e-01 5.946299999999999919e-01
1.819185929648241284e+01 1.789999999999999925e-01 9.910600000000000520e-01 5.855599999999999694e-01 5.972300000000000386e-01
1.829231155778894546e+01 1.789999999999999925e-01 9.933199999999999807e-01 5.858900000000000219e-01 5.997599999999999598e-01
1.839276381909547808e+01 1.789999999999999925e-01 9.946599999999999886e-01 5.862399999999999833e-01 6.020299999999999541e-01
1.849321608040201070e+01 1.789999999999999925e-01 9.960200000000000164e-01 5.865399999999999503e-01 6.042600000000000193e-01
1.859366834170854332e+01 1.789999999999999925e-01 9.974199999999999733e-01 5.868400000000000283e-01 6.065399999999999681e-01
1.869412060301507594e+01 1.789999999999999925e-01 9.989900000000000446e-01 5.871499999999999497e-01 6.089499999999999913e-01
1.879457286432160856e+01 1.789999999999999925e-01 1.000469999999999970e+00 5.874399999999999622e-01 6.112600000000000255e-01
1.889502512562814118e+01 1.789999999999999925e-01 1.002000000000000002e+00 5.877099999999999547e-01 6.136099999999999888e-01
1.899547738693467380e+01 1.789999999999999925e-01 1.003700000000000037e+00 5.880100000000000326e-01 6.161999999999999700e-01
1.909592964824120642e+01 1.789999999999999925e-01 1.005390000000000006e+00 5.883099999999999996e-01 6.187300000000000022e-01
1.919638190954773904e+01 1.789999999999999925e-01 1.007090000000000041e+00 5.886400000000000521e-01 6.211900000000000199e-01
1.929683417085427166e+01 1.789999999999999925e-01 1.008899999999999908e+00 5.890100000000000335e-01 6.236699999999999466e-01
1.939728643216080428e+01 1.789999999999999925e-01 1.010590000000000099e+00 5.894200000000000550e-01 6.258799999999999919e-01
1.949773869346733690e+01 1.789999999999999925e-01 1.012150000000000105e+00 5.899299999999999544e-01 6.280400000000000427e-01
1.959819095477386952e+01 1.789999999999999925e-01 1.013540000000000108e+00 5.904000000000000359e-01 6.300999999999999934e-01
1.969864321608040214e+01 1.789999999999999925e-01 1.014880000000000004e+00 5.908400000000000318e-01 6.320700000000000207e-01
1.979909547738693476e+01 1.789999999999999925e-01 1.016250000000000098e+00 5.912899999999999823e-01 6.339700000000000335e-01
1.989954773869346738e+01 1.789999999999999925e-01 1.017719999999999958e+00 5.917200000000000237e-01 6.358700000000000463e-01
2.000000000000000000e+01 1.789999999999999925e-01 1.018890000000000073e+00 5.921600000000000197e-01 6.373400000000000176e-01
