1.000000000000000021e-02 1.880000000000000004e-01 1.103699999999999959e-01 8.620400000000000285e-01 2.981999999999999929e-02
1.104522613065326564e-01 1.880000000000000004e-01 1.103699999999999959e-01 8.620400000000000285e-01 2.981999999999999929e-02
2.109045226130653317e-01 2.349999999999999867e-01 1.031799999999999939e-01 8.521100000000000341e-01 6.691999999999999338e-02
3.113567839195979792e-01 2.409999999999999920e-01 1.133500000000000063e-01 7.667199999999999571e-01 7.129000000000000614e-02
4.118090452261306544e-01 2.429999999999999938e-01 1.213999999999999940e-01 6.737100000000000311e-01 7.499999999999999722e-02
5.122613065326633297e-01 2.419999999999999929e-01 1.245600000000000041e-01 6.260900000000000354e-01 7.599999999999999811e-02
6.127135678391959495e-01 2.349999999999999867e-01 1.260300000000000031e-01 5.991499999999999604e-01 7.620000000000000384e-02
7.131658291457286802e-01 2.340000000000000135e-01 1.268299999999999983e-01 5.824599999999999778e-01 7.614999999999999547e-02
8.136180904522613000e-01 2.340000000000000135e-01 1.272899999999999865e-01 5.718100000000000405e-01 7.602000000000000424e-02
9.140703517587939197e-01 1.610000000000000042e-01 4.090799999999999992e-01 8.136499999999999844e-01 2.877600000000000158e-01
1.014522613065326651e+00 1.620000000000000051e-01 4.215599999999999903e-01 8.056900000000000173e-01 2.983600000000000141e-01
1.114974874371859270e+00 1.630000000000000060e-01 4.289499999999999980e-01 8.049800000000000288e-01 3.019499999999999962e-01
1.215427135678391890e+00 1.640000000000000069e-01 4.341900000000000204e-01 8.027999999999999581e-01 3.046099999999999919e-01
1.315879396984924510e+00 1.650000000000000078e-01 4.376999999999999780e-01 8.004000000000000004e-01 3.066900000000000182e-01
1.416331658291457352e+00 1.650000000000000078e-01 4.390899999999999803e-01 7.991700000000000470e-01 3.092400000000000149e-01
1.516783919597989971e+00 1.640000000000000069e-01 4.391399999999999748e-01 7.978300000000000392e-01 3.110100000000000087e-01
1.617236180904522591e+00 1.640000000000000069e-01 4.357800000000000007e-01 7.969500000000000473e-01 3.093799999999999883e-01
1.717688442211055211e+00 1.620000000000000051e-01 4.286200000000000010e-01 7.965400000000000258e-01 3.042000000000000259e-01
1.818140703517587831e+00 1.600000000000000033e-01 3.618899999999999895e-01 7.751500000000000057e-01 1.787799999999999945e-01
1.918592964824120672e+00 1.590000000000000024e-01 3.465300000000000047e-01 7.519200000000000328e-01 1.580400000000000138e-01
2.019045226130653070e+00 1.580000000000000016e-01 3.412899999999999823e-01 7.443600000000000216e-01 1.515100000000000058e-01
2.119497487437185690e+00 1.580000000000000016e-01 3.380900000000000016e-01 7.413699999999999735e-01 1.491599999999999870e-01
2.219949748743718310e+00 1.580000000000000016e-01 3.355199999999999849e-01 7.406399999999999650e-01 1.484399999999999886e-01
2.320402010050250929e+00 1.580000000000000016e-01 3.336899999999999866e-01 7.407200000000000450e-01 1.484000000000000041e-01
2.420854271356783549e+00 1.580000000000000016e-01 3.322300000000000253e-01 7.409999999999999920e-01 1.486099999999999921e-01
2.521306532663316169e+00 1.580000000000000016e-01 3.310100000000000264e-01 7.415800000000000169e-01 1.489800000000000013e-01
2.621758793969848789e+00 1.580000000000000016e-01 3.301999999999999935e-01 7.415699999999999514e-01 1.498500000000000110e-01
2.722211055276381853e+00 1.570000000000000007e-01 3.298400000000000221e-01 7.405399999999999761e-01 1.513500000000000123e-01
2.822663316582914472e+00 1.570000000000000007e-01 3.296600000000000086e-01 7.420999999999999819e-01 1.525499999999999912e-01
2.923115577889447092e+00 1.580000000000000016e-01 3.295199999999999796e-01 7.463800000000000434e-01 1.534999999999999976e-01
3.023567839195979712e+00 1.580000000000000016e-01 3.306999999999999940e-01 7.499200000000000310e-01 1.560999999999999888e-01
3.124020100502512332e+00 1.580000000000000016e-01 3.337300000000000266e-01 7.522299999999999542e-01 1.612899999999999889e-01
3.224472361809044951e+00 1.580000000000000016e-01 3.381600000000000161e-01 7.546100000000000030e-01 1.685099999999999931e-01
3.324924623115577571e+00 1.580000000000000016e-01 3.411199999999999788e-01 7.571200000000000152e-01 1.736000000000000043e-01
3.425376884422110191e+00 1.580000000000000016e-01 3.433999999999999830e-01 7.606699999999999573e-01 1.774799999999999989e-01
3.525829145728642811e+00 1.580000000000000016e-01 3.451799999999999868e-01 7.638399999999999634e-01 1.811599999999999877e-01
3.626281407035175430e+00 1.580000000000000016e-01 3.463399999999999812e-01 7.668700000000000516e-01 1.837799999999999989e-01
3.726733668341708050e+00 1.580000000000000016e-01 3.482399999999999940e-01 7.699099999999999833e-01 1.870400000000000118e-01
3.827185929648241114e+00 1.580000000000000016e-01 3.498100000000000098e-01 7.729500000000000259e-01 1.896700000000000053e-01
3.927638190954773734e+00 1.590000000000000024e-01 3.516500000000000181e-01 7.761099999999999666e-01 1.927399999999999947e-01
4.028090452261306353e+00 1.590000000000000024e-01 3.542699999999999738e-01 7.802900000000000391e-01 1.971199999999999897e-01
4.128542713567838973e+00 1.590000000000000024e-01 3.560200000000000031e-01 7.842999999999999972e-01 2.000699999999999978e-01
4.228994974874371593e+00 1.590000000000000024e-01 3.580499999999999794e-01 7.879800000000000137e-01 2.035800000000000110e-01
4.329447236180904213e+00 1.590000000000000024e-01 3.597500000000000142e-01 7.913099999999999579e-01 2.063800000000000079e-01
4.429899497487436832e+00 1.590000000000000024e-01 3.620900000000000230e-01 7.953200000000000269e-01 2.102600000000000025e-01
4.530351758793969452e+00 1.600000000000000033e-01 3.648299999999999876e-01 7.991800000000000015e-01 2.146000000000000130e-01
4.630804020100502072e+00 1.600000000000000033e-01 3.668600000000000194e-01 8.023500000000000076e-01 2.175400000000000111e-01
4.731256281407034692e+00 1.600000000000000033e-01 3.683899999999999952e-01 8.050500000000000433e-01 2.196200000000000097e-01
4.831708542713567311e+00 1.600000000000000033e-01 3.695899999999999741e-01 8.071300000000000141e-01 2.209899999999999920e-01
4.932160804020099931e+00 1.600000000000000033e-01 3.706300000000000150e-01 8.088899999999999979e-01 2.220900000000000096e-01
5.032613065326632551e+00 1.600000000000000033e-01 3.715499999999999914e-01 8.104000000000000092e-01 2.230100000000000138e-01
5.133065326633165171e+00 1.600000000000000033e-01 3.724100000000000188e-01 8.117499999999999716e-01 2.238400000000000112e-01
5.233517587939697790e+00 1.610000000000000042e-01 3.735999999999999877e-01 8.130800000000000249e-01 2.252300000000000135e-01
5.333969849246230410e+00 1.610000000000000042e-01 3.748099999999999765e-01 8.142899999999999583e-01 2.266700000000000104e-01
5.434422110552763918e+00 1.610000000000000042e-01 3.761099999999999999e-01 8.153299999999999992e-01 2.282700000000000007e-01
5.534874371859296538e+00 1.610000000000000042e-01 3.772499999999999742e-01 8.161500000000000421e-01 2.295999999999999985e-01
5.635326633165829158e+00 1.610000000000000042e-01 3.782599999999999851e-01 8.168299999999999450e-01 2.307299999999999907e-01
5.735778894472361777e+00 1.610000000000000042e-01 3.790299999999999780e-01 8.172599999999999865e-01 2.315099999999999936e-01
5.836231155778894397e+00 1.610000000000000042e-01 3.797400000000000220e-01 8.176099999999999479e-01 2.321999999999999897e-01
5.936683417085427017e+00 1.620000000000000051e-01 3.806499999999999884e-01 8.178499999999999659e-01 2.331199999999999939e-01
6.037135678391959637e+00 1.620000000000000051e-01 3.817099999999999937e-01 8.179999999999999494e-01 2.341799999999999993e-01
6.137587939698492256e+00 1.620000000000000051e-01 3.827900000000000191e-01 8.180800000000000294e-01 2.352299999999999947e-01
6.238040201005024876e+00 1.620000000000000051e-01 3.838900000000000090e-01 8.180899999999999839e-01 2.362499999999999878e-01
6.338492462311557496e+00 1.620000000000000051e-01 3.848400000000000154e-01 8.179999999999999494e-01 2.370099999999999985e-01
6.438944723618090116e+00 1.630000000000000060e-01 3.857800000000000118e-01 8.178499999999999659e-01 2.377400000000000069e-01
6.539396984924622735e+00 1.630000000000000060e-01 3.867300000000000182e-01 8.176299999999999679e-01 2.384699999999999875e-01
6.639849246231155355e+00 1.630000000000000060e-01 3.876000000000000001e-01 8.173500000000000210e-01 2.391300000000000092e-01
6.740301507537687975e+00 1.630000000000000060e-01 3.884500000000000175e-01 8.170300000000000340e-01 2.397600000000000009e-01
6.840753768844220595e+00 1.630000000000000060e-01 3.893499999999999739e-01 8.166700000000000070e-01 2.404600000000000071e-01
6.941206030150753215e+00 1.640000000000000069e-01 3.902200000000000113e-01 8.162599999999999856e-01 2.411099999999999910e-01
7.041658291457285834e+00 1.640000000000000069e-01 3.910199999999999787e-01 8.158199999999999896e-01 2.417199999999999904e-01
7.142110552763818454e+00 1.640000000000000069e-01 3.917900000000000271e-01 8.154000000000000137e-01 2.422999999999999876e-01
7.242562814070351074e+00 1.640000000000000069e-01 3.925400000000000000e-01 8.149300000000000432e-01 2.428599999999999925e-01
7.343015075376883694e+00 1.640000000000000069e-01 3.931499999999999995e-01 8.144200000000000328e-01 2.432699999999999863e-01
7.443467336683416313e+00 1.640000000000000069e-01 3.936399999999999899e-01 8.138499999999999623e-01 2.435100000000000042e-01
7.543919597989949821e+00 1.650000000000000078e-01 3.940899999999999959e-01 8.132500000000000284e-01 2.437199999999999922e-01
7.644371859296482441e+00 1.650000000000000078e-01 3.946100000000000163e-01 8.125900000000000345e-01 2.439999999999999947e-01
7.744824120603015061e+00 1.650000000000000078e-01 3.950699999999999767e-01 8.118800000000000461e-01 2.442199999999999926e-01
7.845276381909547680e+00 1.650000000000000078e-01 3.952100000000000057e-01 8.110699999999999577e-01 2.441399999999999959e-01
7.945728643216080300e+00 1.650000000000000078e-01 3.954500000000000237e-01 8.101500000000000368e-01 2.441300000000000137e-01
8.046180904522612920e+00 1.660000000000000087e-01 3.957399999999999807e-01 8.091800000000000104e-01 2.441800000000000082e-01
8.146633165829145540e+00 1.660000000000000087e-01 3.960099999999999731e-01 8.081399999999999695e-01 2.442000000000000004e-01
8.247085427135678160e+00 1.660000000000000087e-01 3.962200000000000166e-01 8.072099999999999831e-01 2.441200000000000037e-01
8.347537688442210779e+00 1.660000000000000087e-01 3.963200000000000056e-01 8.064999999999999947e-01 2.439199999999999979e-01
8.447989949748743399e+00 1.660000000000000087e-01 3.964300000000000046e-01 8.057900000000000063e-01 2.437499999999999944e-01
8.548442211055276019e+00 1.660000000000000087e-01 3.965099999999999736e-01 8.049899999999999833e-01 2.435499999999999887e-01
8.648894472361808639e+00 1.660000000000000087e-01 3.965799999999999881e-01 8.041899999999999604e-01 2.433500000000000107e-01
8.749346733668341258e+00 1.660000000000000087e-01 3.966199999999999726e-01 8.034200000000000230e-01 2.431200000000000028e-01
8.849798994974873878e+00 1.670000000000000095e-01 3.966500000000000026e-01 8.025299999999999656e-01 2.428800000000000125e-01
8.950251256281406498e+00 1.670000000000000095e-01 3.966700000000000226e-01 8.016799999999999482e-01 2.426399999999999946e-01
9.050703517587939118e+00 1.670000000000000095e-01 3.965600000000000236e-01 8.008699999999999708e-01 2.423099999999999976e-01
9.151155778894471737e+00 1.670000000000000095e-01 3.965500000000000136e-01 8.002000000000000224e-01 2.420400000000000051e-01
9.251608040201004357e+00 1.670000000000000095e-01 3.965299999999999936e-01 7.994700000000000140e-01 2.417799999999999949e-01
9.352060301507536977e+00 1.670000000000000095e-01 3.963900000000000201e-01 7.986900000000000110e-01 2.413800000000000112e-01
9.452512562814069597e+00 1.670000000000000095e-01 3.960699999999999776e-01 7.976199999999999957e-01 2.407900000000000040e-01
9.552964824120602216e+00 1.670000000000000095e-01 3.956999999999999962e-01 7.964700000000000113e-01 2.401999999999999968e-01
9.653417085427134836e+00 1.670000000000000095e-01 3.953200000000000047e-01 7.953099999999999614e-01 2.396099999999999897e-01
9.753869346733667456e+00 1.670000000000000095e-01 3.950000000000000178e-01 7.941599999999999770e-01 2.391099999999999892e-01
9.854321608040200076e+00 1.670000000000000095e-01 3.946999999999999953e-01 7.930000000000000382e-01 2.386300000000000088e-01
9.954773869346732695e+00 1.680000000000000104e-01 3.944599999999999773e-01 7.918300000000000338e-01 2.382100000000000051e-01
1.005522613065326532e+01 1.680000000000000104e-01 3.942599999999999993e-01 7.906400000000000095e-01 2.378800000000000081e-01
1.015567839195979793e+01 1.680000000000000104e-01 3.940699999999999759e-01 7.895100000000000451e-01 2.375599999999999934e-01
1.025613065326633055e+01 1.680000000000000104e-01 3.938300000000000134e-01 7.884200000000000097e-01 2.371800000000000019e-01
1.035658291457286317e+01 1.680000000000000104e-01 3.935699999999999754e-01 7.873599999999999488e-01 2.367799999999999905e-01
1.045703517587939579e+01 1.680000000000000104e-01 3.932300000000000240e-01 7.863299999999999734e-01 2.363000000000000100e-01
1.055748743718592841e+01 1.680000000000000104e-01 3.928300000000000125e-01 7.852999999999999980e-01 2.357299999999999951e-01
1.065793969849246103e+01 1.680000000000000104e-01 3.924500000000000210e-01 7.842299999999999827e-01 2.352100000000000024e-01
1.075839195979899543e+01 1.680000000000000104e-01 3.920899999999999941e-01 7.831399999999999473e-01 2.346999999999999920e-01
1.085884422110552805e+01 1.680000000000000104e-01 3.917399999999999771e-01 7.821000000000000174e-01 2.342100000000000015e-01
1.095929648241206067e+01 1.680000000000000104e-01 3.913800000000000057e-01 7.810399999999999565e-01 2.337200000000000111e-01
1.105974874371859329e+01 1.680000000000000104e-01 3.910699999999999732e-01 7.799700000000000522e-01 2.332700000000000051e-01
1.116020100502512591e+01 1.680000000000000104e-01 3.907599999999999962e-01 7.789199999999999458e-01 2.328300000000000092e-01
1.126065326633165853e+01 1.680000000000000104e-01 3.904799999999999938e-01 7.779099999999999904e-01 2.324400000000000077e-01
1.136110552763819115e+01 1.690000000000000113e-01 3.903200000000000003e-01 7.768500000000000405e-01 2.322099999999999997e-01
1.146155778894472377e+01 1.690000000000000113e-01 3.902300000000000213e-01 7.758000000000000451e-01 2.320800000000000085e-01
1.156201005025125639e+01 1.690000000000000113e-01 3.901499999999999968e-01 7.747199999999999642e-01 2.319599999999999995e-01
1.166246231155778901e+01 1.690000000000000113e-01 3.901299999999999768e-01 7.737000000000000544e-01 2.319199999999999873e-01
1.176291457286432163e+01 1.690000000000000113e-01 3.901299999999999768e-01 7.727000000000000535e-01 2.318999999999999950e-01
1.186336683417085425e+01 1.690000000000000113e-01 3.901100000000000123e-01 7.717500000000000471e-01 2.318600000000000105e-01
1.196381909547738687e+01 1.690000000000000113e-01 3.900500000000000078e-01 7.708599999999999897e-01 2.317500000000000115e-01
1.206427135678391949e+01 1.690000000000000113e-01 3.900000000000000133e-01 7.699599999999999778e-01 2.316499999999999948e-01
1.216472361809045211e+01 1.690000000000000113e-01 3.899500000000000188e-01 7.690799999999999859e-01 2.315500000000000058e-01
1.226517587939698473e+01 1.690000000000000113e-01 3.898900000000000143e-01 7.681499999999999995e-01 2.314499999999999891e-01
1.236562814070351735e+01 1.690000000000000113e-01 3.898699999999999943e-01 7.672900000000000276e-01 2.314100000000000046e-01
1.246608040201004997e+01 1.690000000000000113e-01 3.898400000000000198e-01 7.664199999999999902e-01 2.313699999999999923e-01
1.256653266331658259e+01 1.690000000000000113e-01 3.898099999999999898e-01 7.656300000000000328e-01 2.313199999999999978e-01
1.266698492462311521e+01 1.690000000000000113e-01 3.897700000000000053e-01 7.647899999999999698e-01 2.312500000000000111e-01
1.276743718592964782e+01 1.690000000000000113e-01 3.898300000000000098e-01 7.639399999999999524e-01 2.312700000000000033e-01
1.286788944723618044e+01 1.690000000000000113e-01 3.898800000000000043e-01 7.631799999999999695e-01 2.312599999999999933e-01
1.296834170854271306e+01 1.690000000000000113e-01 3.899099999999999788e-01 7.623999999999999666e-01 2.312299999999999911e-01
1.306879396984924568e+01 1.690000000000000113e-01 3.900000000000000133e-01 7.616100000000000092e-01 2.312500000000000111e-01
1.316924623115577830e+01 1.690000000000000113e-01 3.900500000000000078e-01 7.608300000000000063e-01 2.312200000000000089e-01
1.326969849246231092e+01 1.690000000000000113e-01 3.901399999999999868e-01 7.600400000000000489e-01 2.311999999999999889e-01
1.337015075376884354e+01 1.690000000000000113e-01 3.902399999999999758e-01 7.592799999999999550e-01 2.312200000000000089e-01
1.347060301507537616e+01 1.690000000000000113e-01 3.902999999999999803e-01 7.585699999999999665e-01 2.311900000000000066e-01
1.357105527638190878e+01 1.690000000000000113e-01 3.903599999999999848e-01 7.579000000000000181e-01 2.311499999999999944e-01
1.367150753768844140e+01 1.690000000000000113e-01 3.904099999999999793e-01 7.572400000000000242e-01 2.310999999999999999e-01
1.377195979899497402e+01 1.690000000000000113e-01 3.904599999999999738e-01 7.566000000000000503e-01 2.310599999999999876e-01
1.387241206030150664e+01 1.690000000000000113e-01 3.905100000000000238e-01 7.559700000000000308e-01 2.310200000000000031e-01
1.397286432160803926e+01 1.690000000000000113e-01 3.905600000000000183e-01 7.553299999999999459e-01 2.309799999999999909e-01
1.407331658291457188e+01 1.690000000000000113e-01 3.906000000000000028e-01 7.546800000000000175e-01 2.309199999999999864e-01
1.417376884422110450e+01 1.690000000000000113e-01 3.906299999999999772e-01 7.540599999999999525e-01 2.308600000000000096e-01
1.427422110552763712e+01 1.690000000000000113e-01 3.906399999999999872e-01 7.534800000000000386e-01 2.307800000000000129e-01
1.437467336683416974e+01 1.690000000000000113e-01 3.906499999999999972e-01 7.529400000000000537e-01 2.306900000000000062e-01
1.447512562814070236e+01 1.690000000000000113e-01 3.906299999999999772e-01 7.524600000000000177e-01 2.305599999999999872e-01
1.457557788944723498e+01 1.690000000000000113e-01 3.906100000000000128e-01 7.520200000000000218e-01 2.304299999999999959e-01
1.467603015075376760e+01 1.690000000000000113e-01 3.906100000000000128e-01 7.515500000000000513e-01 2.303300000000000070e-01
1.477648241206030022e+01 1.690000000000000113e-01 3.906000000000000028e-01 7.510999999999999899e-01 2.302099999999999980e-01
1.487693467336683284e+01 1.690000000000000113e-01 3.905799999999999828e-01 7.507000000000000339e-01 2.300899999999999890e-01
1.497738693467336546e+01 1.690000000000000113e-01 3.905699999999999728e-01 7.502699999999999925e-01 2.299799999999999900e-01
1.507783919597989986e+01 1.690000000000000113e-01 3.905899999999999928e-01 7.497500000000000275e-01 2.299100000000000033e-01
1.517829145728643248e+01 1.690000000000000113e-01 3.905600000000000183e-01 7.492199999999999971e-01 2.297899999999999943e-01
1.527874371859296510e+01 1.690000000000000113e-01 3.905399999999999983e-01 7.486899999999999666e-01 2.296799999999999953e-01
1.537919597989949771e+01 1.690000000000000113e-01 3.905199999999999783e-01 7.481499999999999817e-01 2.295999999999999985e-01
1.547964824120603033e+01 1.690000000000000113e-01 3.904299999999999993e-01 7.477300000000000058e-01 2.294499999999999873e-01
1.558010050251256295e+01 1.690000000000000113e-01 3.903400000000000203e-01 7.473300000000000498e-01 2.292800000000000116e-01
1.568055276381909557e+01 1.690000000000000113e-01 3.902900000000000258e-01 7.468599999999999683e-01 2.291600000000000026e-01
1.578100502512562819e+01 1.690000000000000113e-01 3.902200000000000113e-01 7.464899999999999869e-01 2.290000000000000091e-01
1.588145728643216081e+01 1.690000000000000113e-01 3.899699999999999833e-01 7.463899999999999979e-01 2.286199999999999899e-01
1.598190954773869343e+01 1.690000000000000113e-01 3.896899999999999809e-01 7.463400000000000034e-01 2.281799999999999939e-01
1.608236180904522783e+01 1.690000000000000113e-01 3.893699999999999939e-01 7.463999999999999524e-01 2.277000000000000135e-01
1.618281407035176045e+01 1.690000000000000113e-01 3.890199999999999769e-01 7.464800000000000324e-01 2.271799999999999931e-01
1.628326633165829307e+01 1.690000000000000113e-01 3.887100000000000000e-01 7.466199999999999504e-01 2.266700000000000104e-01
1.638371859296482569e+01 1.690000000000000113e-01 3.883599999999999830e-01 7.468299999999999939e-01 2.261199999999999877e-01
1.648417085427135831e+01 1.690000000000000113e-01 3.879699999999999815e-01 7.470999999999999863e-01 2.255000000000000060e-01
1.658462311557789093e+01 1.690000000000000113e-01 3.875700000000000256e-01 7.472299999999999498e-01 2.248699999999999866e-01
1.668507537688442355e+01 1.690000000000000113e-01 3.871999999999999886e-01 7.473699999999999788e-01 2.242800000000000071e-01
1.678552763819095617e+01 1.690000000000000113e-01 3.868300000000000072e-01 7.475500000000000478e-01 2.237000000000000099e-01
1.688597989949748879e+01 1.690000000000000113e-01 3.865100000000000202e-01 7.476599999999999913e-01 2.231799999999999895e-01
1.698643216080402141e+01 1.690000000000000113e-01 3.862099999999999977e-01 7.477500000000000258e-01 2.226799999999999891e-01
1.708688442211055403e+01 1.690000000000000113e-01 3.859400000000000053e-01 7.478000000000000203e-01 2.221899999999999986e-01
1.718733668341708665e+01 1.690000000000000113e-01 3.856800000000000228e-01 7.478799999999999892e-01 2.217300000000000104e-01
1.728778894472361927e+01 1.690000000000000113e-01 3.854199999999999848e-01 7.479599999999999582e-01 2.212500000000000022e-01
1.738824120603015189e+01 1.690000000000000113e-01 3.851600000000000024e-01 7.480799999999999672e-01 2.207699999999999940e-01
1.748869346733668451e+01 1.690000000000000113e-01 3.848900000000000099e-01 7.481900000000000217e-01 2.202800000000000036e-01
1.758914572864321713e+01 1.690000000000000113e-01 3.846800000000000219e-01 7.482699999999999907e-01 2.198700000000000099e-01
1.768959798994974975e+01 1.690000000000000113e-01 3.844699999999999784e-01 7.483199999999999852e-01 2.194699999999999984e-01
1.779005025125628237e+01 1.690000000000000113e-01 3.842499999999999805e-01 7.484199999999999742e-01 2.190600000000000047e-01
1.789050251256281499e+01 1.690000000000000113e-01 3.840500000000000025e-01 7.485000000000000542e-01 2.186800000000000133e-01
1.799095477386934760e+01 1.690000000000000113e-01 3.838599999999999790e-01 7.485399999999999832e-01 2.183199999999999863e-01
1.809140703517588022e+01 1.690000000000000113e-01 3.836800000000000210e-01 7.485800000000000232e-01 2.179699999999999971e-01
1.819185929648241284e+01 1.690000000000000113e-01 3.834799999999999875e-01 7.486500000000000377e-01 2.176099999999999979e-01
1.829231155778894546e+01 1.690000000000000113e-01 3.833199999999999941e-01 7.486699999999999466e-01 2.172900000000000109e-01
1.839276381909547808e+01 1.690000000000000113e-01 3.831499999999999906e-01 7.486899999999999666e-01 2.169800000000000062e-01
1.849321608040201070e+01 1.690000000000000113e-01 3.829899999999999971e-01 7.486899999999999666e-01 2.166800000000000115e-01
1.859366834170854332e+01 1.690000000000000113e-01 3.828300000000000036e-01 7.487000000000000322e-01 2.163799999999999890e-01
1.869412060301507594e+01 1.690000000000000113e-01 3.827099999999999946e-01 7.486899999999999666e-01 2.161299999999999888e-01
1.879457286432160856e+01 1.690000000000000113e-01 3.825899999999999856e-01 7.486699999999999466e-01 2.158799999999999886e-01
1.889502512562814118e+01 1.690000000000000113e-01 3.824699999999999767e-01 7.486599999999999921e-01 2.156399999999999983e-01
1.899547738693467380e+01 1.690000000000000113e-01 3.822699999999999987e-01 7.487399999999999611e-01 2.152799999999999991e-01
1.909592964824120642e+01 1.690000000000000113e-01 3.820999999999999952e-01 7.487899999999999556e-01 2.149699999999999944e-01
1.919638190954773904e+01 1.690000000000000113e-01 3.819500000000000117e-01 7.488099999999999756e-01 2.146699999999999997e-01
1.929683417085427166e+01 1.690000000000000113e-01 3.818099999999999827e-01 7.488200000000000411e-01 2.144000000000000072e-01
1.939728643216080428e+01 1.690000000000000113e-01 3.816899999999999737e-01 7.488099999999999756e-01 2.141399999999999970e-01
1.949773869346733690e+01 1.690000000000000113e-01 3.815600000000000103e-01 7.488399999999999501e-01 2.138799999999999868e-01
1.959819095477386952e+01 1.690000000000000113e-01 3.815299999999999803e-01 7.487800000000000011e-01 2.137100000000000111e-01
1.969864321608040214e+01 1.690000000000000113e-01 3.814899999999999958e-01 7.487300000000000066e-01 2.135499999999999898e-01
1.979909547738693476e+01 1.680000000000000104e-01 3.814500000000000113e-01 7.487099999999999866e-01 2.133799999999999863e-01
1.989954773869346738e+01 1.680000000000000104e-01 3.814299999999999913e-01 7.486300000000000177e-01 2.132400000000000129e-01
2.000000000000000000e+01 1.680000000000000104e-01 3.814100000000000268e-01 7.486199999999999521e-01 2.131099999999999939e-01
