2.109045226130653317e-01 2.190000000000000002e-01 3.389999999999999784e-03 2.677300000000000235e-01 1.129999999999999928e-03
3.113567839195979792e-01 2.210000000000000020e-01 1.399999999999999877e-04 8.865000000000000657e-02 1.000000000000000082e-05
4.118090452261306544e-01 2.109999999999999931e-01 8.000000000000000654e-05 8.146000000000000463e-02 1.000000000000000082e-05
5.122613065326633297e-01 2.149999999999999967e-01 5.000000000000000240e-05 6.669999999999999540e-02 1.000000000000000082e-05
6.127135678391959495e-01 2.240000000000000047e-01 2.900000000000000017e-04 1.015500000000000014e-01 2.100000000000000087e-04
7.131658291457286802e-01 2.310000000000000109e-01 4.400000000000000157e-04 1.059200000000000003e-01 3.499999999999999964e-04
8.136180904522613000e-01 2.320000000000000118e-01 5.699999999999999772e-04 1.087999999999999939e-01 4.699999999999999859e-04
9.140703517587939197e-01 2.290000000000000091e-01 8.999999999999999754e-04 1.156699999999999950e-01 7.399999999999999894e-04
1.014522613065326651e+00 2.280000000000000082e-01 6.599999999999999964e-04 1.138600000000000029e-01 5.199999999999999544e-04
1.114974874371859270e+00 2.280000000000000082e-01 4.499999999999999877e-04 1.044999999999999957e-01 2.799999999999999755e-04
1.215427135678391890e+00 2.280000000000000082e-01 4.299999999999999894e-04 9.835000000000000686e-02 2.000000000000000096e-04
1.315879396984924510e+00 2.270000000000000073e-01 5.999999999999999474e-04 1.020800000000000041e-01 3.099999999999999999e-04
1.416331658291457352e+00 2.049999999999999878e-01 6.139999999999999625e-03 1.362400000000000000e-01 2.330000000000000040e-03
1.516783919597989971e+00 2.049999999999999878e-01 1.374000000000000048e-02 1.531399999999999983e-01 5.449999999999999983e-03
1.617236180904522591e+00 2.039999999999999869e-01 2.180999999999999953e-02 1.647399999999999975e-01 8.779999999999999610e-03
1.717688442211055211e+00 2.149999999999999967e-01 2.887999999999999942e-02 1.728399999999999936e-01 1.163999999999999931e-02
1.818140703517587831e+00 2.159999999999999976e-01 3.364000000000000323e-02 1.763399999999999967e-01 1.355999999999999914e-02
1.918592964824120672e+00 2.159999999999999976e-01 3.815000000000000335e-02 1.786899999999999877e-01 1.544000000000000060e-02
2.019045226130653070e+00 2.159999999999999976e-01 4.200999999999999873e-02 1.800599999999999978e-01 1.711999999999999980e-02
2.119497487437185690e+00 2.270000000000000073e-01 6.590000000000000371e-03 9.689000000000000390e-02 3.139999999999999996e-03
2.219949748743718310e+00 2.270000000000000073e-01 1.046000000000000055e-02 1.094099999999999934e-01 4.120000000000000398e-03
2.320402010050250929e+00 2.270000000000000073e-01 1.421000000000000041e-02 1.176999999999999991e-01 4.640000000000000027e-03
2.420854271356783549e+00 2.270000000000000073e-01 1.531000000000000069e-02 1.172699999999999992e-01 4.859999999999999737e-03
2.521306532663316169e+00 2.270000000000000073e-01 1.633000000000000076e-02 1.167699999999999988e-01 5.029999999999999749e-03
2.621758793969848789e+00 2.270000000000000073e-01 1.734000000000000125e-02 1.163399999999999990e-01 5.179999999999999709e-03
2.722211055276381853e+00 2.270000000000000073e-01 1.833999999999999866e-02 1.161699999999999955e-01 5.279999999999999971e-03
2.822663316582914472e+00 2.270000000000000073e-01 1.943999999999999895e-02 1.169100000000000000e-01 5.080000000000000314e-03
2.923115577889447092e+00 2.270000000000000073e-01 2.120999999999999969e-02 1.176200000000000023e-01 4.830000000000000092e-03
3.023567839195979712e+00 2.270000000000000073e-01 2.290999999999999981e-02 1.182700000000000001e-01 4.539999999999999765e-03
3.124020100502512332e+00 2.270000000000000073e-01 2.438999999999999849e-02 1.189800000000000024e-01 4.179999999999999688e-03
3.224472361809044951e+00 2.270000000000000073e-01 2.564999999999999919e-02 1.195800000000000057e-01 3.830000000000000071e-03
3.324924623115577571e+00 2.270000000000000073e-01 2.666999999999999926e-02 1.202700000000000019e-01 3.439999999999999915e-03
3.425376884422110191e+00 2.270000000000000073e-01 2.767999999999999974e-02 1.216200000000000059e-01 2.840000000000000076e-03
3.525829145728642811e+00 2.270000000000000073e-01 2.867000000000000104e-02 1.225300000000000000e-01 2.409999999999999816e-03
3.626281407035175430e+00 2.270000000000000073e-01 2.954000000000000029e-02 1.229800000000000060e-01 2.390000000000000197e-03
3.726733668341708050e+00 2.270000000000000073e-01 3.037000000000000116e-02 1.236199999999999938e-01 2.380000000000000171e-03
3.827185929648241114e+00 2.270000000000000073e-01 3.106000000000000080e-02 1.237700000000000050e-01 2.419999999999999842e-03
3.927638190954773734e+00 2.270000000000000073e-01 3.180999999999999800e-02 1.237499999999999989e-01 2.429999999999999868e-03
4.028090452261306353e+00 2.270000000000000073e-01 3.300000000000000155e-02 1.234699999999999964e-01 2.710000000000000169e-03
4.128542713567838973e+00 2.270000000000000073e-01 3.438999999999999696e-02 1.231899999999999940e-01 3.099999999999999891e-03
4.228994974874371593e+00 2.270000000000000073e-01 3.565999999999999726e-02 1.225200000000000039e-01 3.510000000000000099e-03
4.329447236180904213e+00 2.270000000000000073e-01 3.685000000000000081e-02 1.216900000000000065e-01 3.870000000000000176e-03
4.429899497487436832e+00 2.270000000000000073e-01 3.801999999999999824e-02 1.209699999999999942e-01 4.239999999999999845e-03
4.530351758793969452e+00 2.270000000000000073e-01 3.925000000000000017e-02 1.205399999999999944e-01 4.519999999999999712e-03
4.630804020100502072e+00 2.270000000000000073e-01 4.023000000000000187e-02 1.200900000000000023e-01 4.819999999999999632e-03
4.731256281407034692e+00 2.270000000000000073e-01 4.107999999999999846e-02 1.197300000000000031e-01 5.230000000000000274e-03
4.831708542713567311e+00 2.270000000000000073e-01 4.182000000000000300e-02 1.194599999999999967e-01 5.640000000000000048e-03
4.932160804020099931e+00 2.270000000000000073e-01 4.234000000000000263e-02 1.192200000000000065e-01 6.009999999999999717e-03
5.032613065326632551e+00 2.270000000000000073e-01 4.304999999999999799e-02 1.187799999999999967e-01 6.499999999999999702e-03
5.133065326633165171e+00 2.270000000000000073e-01 4.381000000000000172e-02 1.182399999999999979e-01 7.049999999999999843e-03
5.233517587939697790e+00 2.270000000000000073e-01 4.458999999999999769e-02 1.176399999999999946e-01 7.649999999999999682e-03
5.333969849246230410e+00 2.270000000000000073e-01 4.542000000000000204e-02 1.169700000000000045e-01 8.349999999999999784e-03
5.434422110552763918e+00 2.270000000000000073e-01 4.624000000000000332e-02 1.163600000000000051e-01 9.010000000000000647e-03
5.534874371859296538e+00 2.270000000000000073e-01 4.698000000000000093e-02 1.157699999999999979e-01 9.639999999999999264e-03
5.635326633165829158e+00 2.270000000000000073e-01 4.757999999999999730e-02 1.152500000000000052e-01 1.021000000000000033e-02
5.735778894472361777e+00 2.280000000000000082e-01 4.798999999999999794e-02 1.148200000000000054e-01 1.069999999999999944e-02
5.836231155778894397e+00 2.280000000000000082e-01 4.837000000000000327e-02 1.142999999999999988e-01 1.120999999999999948e-02
5.936683417085427017e+00 2.270000000000000073e-01 4.875000000000000167e-02 1.137999999999999984e-01 1.166999999999999982e-02
6.037135678391959637e+00 2.270000000000000073e-01 4.914000000000000312e-02 1.132999999999999979e-01 1.213999999999999975e-02
6.137587939698492256e+00 2.270000000000000073e-01 4.948999999999999927e-02 1.128500000000000059e-01 1.252999999999999947e-02
6.238040201005024876e+00 2.270000000000000073e-01 4.991000000000000297e-02 1.124099999999999960e-01 1.294999999999999971e-02
6.338492462311557496e+00 2.270000000000000073e-01 5.023999999999999994e-02 1.119099999999999956e-01 1.333999999999999943e-02
6.438944723618090116e+00 2.270000000000000073e-01 5.050000000000000322e-02 1.114600000000000035e-01 1.369000000000000078e-02
6.539396984924622735e+00 2.270000000000000073e-01 5.070000000000000201e-02 1.110799999999999982e-01 1.397999999999999937e-02
6.639849246231155355e+00 2.270000000000000073e-01 5.097999999999999754e-02 1.107599999999999973e-01 1.422000000000000000e-02
6.740301507537687975e+00 2.270000000000000073e-01 5.124000000000000082e-02 1.104699999999999988e-01 1.443000000000000012e-02
6.840753768844220595e+00 2.270000000000000073e-01 5.151000000000000023e-02 1.102500000000000008e-01 1.455000000000000043e-02
6.941206030150753215e+00 2.270000000000000073e-01 5.177999999999999964e-02 1.100300000000000028e-01 1.464999999999999983e-02
7.041658291457285834e+00 2.280000000000000082e-01 5.208000000000000129e-02 1.098500000000000032e-01 1.471000000000000085e-02
7.142110552763818454e+00 2.280000000000000082e-01 5.240999999999999825e-02 1.097100000000000020e-01 1.472000000000000045e-02
7.242562814070351074e+00 2.280000000000000082e-01 5.269000000000000072e-02 1.095399999999999985e-01 1.473000000000000004e-02
7.343015075376883694e+00 2.280000000000000082e-01 5.294999999999999707e-02 1.094099999999999934e-01 1.474999999999999922e-02
7.443467336683416313e+00 2.280000000000000082e-01 5.319000000000000117e-02 1.092899999999999983e-01 1.468999999999999993e-02
7.543919597989949821e+00 2.280000000000000082e-01 5.333999999999999853e-02 1.091099999999999987e-01 1.464999999999999983e-02
7.644371859296482441e+00 2.280000000000000082e-01 5.342000000000000220e-02 1.089399999999999952e-01 1.451000000000000033e-02
7.744824120603015061e+00 2.280000000000000082e-01 5.349999999999999895e-02 1.088100000000000039e-01 1.439999999999999961e-02
7.845276381909547680e+00 2.280000000000000082e-01 5.360999999999999793e-02 1.089600000000000013e-01 1.452999999999999951e-02
7.945728643216080300e+00 2.280000000000000082e-01 5.374000000000000304e-02 1.090700000000000003e-01 1.464000000000000024e-02
8.046180904522612920e+00 2.280000000000000082e-01 5.376000000000000223e-02 1.091499999999999970e-01 1.468999999999999993e-02
8.146633165829145540e+00 2.280000000000000082e-01 5.383999999999999897e-02 1.092000000000000054e-01 1.477999999999999974e-02
8.247085427135678160e+00 2.280000000000000082e-01 5.392000000000000265e-02 1.092400000000000038e-01 1.485999999999999995e-02
8.347537688442210779e+00 2.280000000000000082e-01 5.421999999999999736e-02 1.094200000000000034e-01 1.489000000000000046e-02
8.447989949748743399e+00 2.280000000000000082e-01 5.451999999999999902e-02 1.095799999999999969e-01 1.491999999999999924e-02
8.548442211055276019e+00 2.280000000000000082e-01 5.462999999999999801e-02 1.096000000000000030e-01 1.498000000000000026e-02
8.648894472361808639e+00 2.280000000000000082e-01 5.478000000000000230e-02 1.096400000000000013e-01 1.507000000000000006e-02
8.749346733668341258e+00 2.280000000000000082e-01 5.487999999999999823e-02 1.096599999999999936e-01 1.515999999999999986e-02
8.849798994974873878e+00 2.290000000000000091e-01 5.489999999999999741e-02 1.096400000000000013e-01 1.525999999999999926e-02
8.950251256281406498e+00 2.290000000000000091e-01 5.491999999999999660e-02 1.096099999999999991e-01 1.533999999999999947e-02
9.050703517587939118e+00 2.290000000000000091e-01 5.500000000000000028e-02 1.096000000000000030e-01 1.544000000000000060e-02
9.151155778894471737e+00 2.290000000000000091e-01 5.526999999999999968e-02 1.096599999999999936e-01 1.553999999999999999e-02
9.251608040201004357e+00 2.290000000000000091e-01 5.546999999999999847e-02 1.096499999999999975e-01 1.568999999999999909e-02
9.352060301507536977e+00 2.290000000000000091e-01 5.544000000000000317e-02 1.095000000000000001e-01 1.583999999999999991e-02
9.452512562814069597e+00 2.290000000000000091e-01 5.523999999999999744e-02 1.092000000000000054e-01 1.603999999999999870e-02
9.552964824120602216e+00 2.290000000000000091e-01 5.489999999999999741e-02 1.087999999999999939e-01 1.626000000000000015e-02
9.653417085427134836e+00 2.290000000000000091e-01 5.449999999999999983e-02 1.083299999999999957e-01 1.646999999999999853e-02
9.753869346733667456e+00 2.290000000000000091e-01 5.408999999999999919e-02 1.078800000000000037e-01 1.663999999999999854e-02
9.854321608040200076e+00 2.290000000000000091e-01 5.371000000000000080e-02 1.075099999999999945e-01 1.688999999999999876e-02
9.954773869346732695e+00 2.290000000000000091e-01 5.346000000000000058e-02 1.072400000000000020e-01 1.719000000000000042e-02
1.005522613065326532e+01 2.290000000000000091e-01 5.328000000000000097e-02 1.070200000000000040e-01 1.747999999999999901e-02
1.015567839195979793e+01 2.290000000000000091e-01 5.310000000000000137e-02 1.068100000000000022e-01 1.776000000000000148e-02
1.025613065326633055e+01 2.290000000000000091e-01 5.290000000000000258e-02 1.066000000000000003e-01 1.802000000000000129e-02
1.035658291457286317e+01 2.290000000000000091e-01 5.269000000000000072e-02 1.063700000000000062e-01 1.825999999999999845e-02
1.045703517587939579e+01 2.290000000000000091e-01 5.249000000000000193e-02 1.061900000000000066e-01 1.848999999999999949e-02
1.055748743718592841e+01 2.290000000000000091e-01 5.226999999999999702e-02 1.059800000000000048e-01 1.871000000000000094e-02
1.065793969849246103e+01 2.290000000000000091e-01 5.204000000000000292e-02 1.057700000000000029e-01 1.891999999999999932e-02
1.075839195979899543e+01 2.290000000000000091e-01 5.179999999999999882e-02 1.055699999999999972e-01 1.910999999999999852e-02
1.085884422110552805e+01 2.300000000000000100e-01 5.160000000000000003e-02 1.054100000000000037e-01 1.927999999999999853e-02
1.095929648241206067e+01 2.300000000000000100e-01 5.138000000000000206e-02 1.052199999999999941e-01 1.944999999999999854e-02
1.105974874371859329e+01 2.300000000000000100e-01 5.118000000000000327e-02 1.050600000000000006e-01 1.960999999999999896e-02
1.116020100502512591e+01 2.300000000000000100e-01 5.095999999999999835e-02 1.048499999999999988e-01 1.975999999999999979e-02
1.126065326633165853e+01 2.300000000000000100e-01 5.074000000000000038e-02 1.046600000000000030e-01 1.990000000000000102e-02
1.136110552763819115e+01 2.300000000000000100e-01 5.056000000000000077e-02 1.044899999999999995e-01 2.002999999999999919e-02
1.146155778894472377e+01 2.300000000000000100e-01 5.047000000000000097e-02 1.044000000000000067e-01 2.015000000000000124e-02
1.156201005025125639e+01 2.300000000000000100e-01 5.038000000000000117e-02 1.043000000000000038e-01 2.026999999999999982e-02
1.166246231155778901e+01 2.300000000000000100e-01 5.025000000000000300e-02 1.041699999999999987e-01 2.033000000000000085e-02
1.176291457286432163e+01 2.300000000000000100e-01 5.009999999999999870e-02 1.040399999999999936e-01 2.038999999999999840e-02
1.186336683417085425e+01 2.300000000000000100e-01 4.984000000000000236e-02 1.038700000000000040e-01 2.043000000000000024e-02
1.196381909547738687e+01 2.300000000000000100e-01 4.936000000000000110e-02 1.035500000000000032e-01 2.044999999999999943e-02
1.206427135678391949e+01 2.300000000000000100e-01 4.857000000000000206e-02 1.029599999999999960e-01 2.034000000000000044e-02
1.216472361809045211e+01 2.300000000000000100e-01 4.775000000000000078e-02 1.022499999999999937e-01 2.014000000000000165e-02
1.226517587939698473e+01 2.300000000000000100e-01 4.687999999999999806e-02 1.015199999999999991e-01 1.992999999999999980e-02
1.236562814070351735e+01 2.300000000000000100e-01 4.590999999999999942e-02 1.006800000000000056e-01 1.972000000000000142e-02
1.246608040201004997e+01 2.300000000000000100e-01 4.513999999999999957e-02 9.997999999999999943e-02 1.952999999999999875e-02
1.256653266331658259e+01 2.300000000000000100e-01 4.449999999999999789e-02 9.939000000000000612e-02 1.935999999999999874e-02
1.266698492462311521e+01 2.300000000000000100e-01 4.385000000000000009e-02 9.878000000000000669e-02 1.917999999999999913e-02
1.276743718592964782e+01 2.300000000000000100e-01 4.322000000000000147e-02 9.818999999999999950e-02 1.901999999999999871e-02
1.286788944723618044e+01 2.300000000000000100e-01 4.261000000000000204e-02 9.761999999999999844e-02 1.887000000000000136e-02
1.296834170854271306e+01 2.300000000000000100e-01 4.198999999999999955e-02 9.703000000000000513e-02 1.871000000000000094e-02
1.306879396984924568e+01 2.300000000000000100e-01 4.145000000000000073e-02 9.651999999999999469e-02 1.854000000000000092e-02
1.316924623115577830e+01 2.300000000000000100e-01 4.084999999999999742e-02 9.596000000000000363e-02 1.838000000000000050e-02
1.326969849246231092e+01 2.300000000000000100e-01 4.030999999999999861e-02 9.543999999999999706e-02 1.821000000000000049e-02
1.337015075376884354e+01 2.300000000000000100e-01 3.975999999999999673e-02 9.492000000000000437e-02 1.804000000000000048e-02
1.347060301507537616e+01 2.300000000000000100e-01 3.923999999999999710e-02 9.440999999999999392e-02 1.786000000000000087e-02
1.357105527638190878e+01 2.300000000000000100e-01 3.871999999999999748e-02 9.390999999999999348e-02 1.768000000000000127e-02
1.367150753768844140e+01 2.300000000000000100e-01 3.824999999999999928e-02 9.345000000000000528e-02 1.751000000000000126e-02
1.377195979899497402e+01 2.300000000000000100e-01 3.785999999999999782e-02 9.303999999999999770e-02 1.736000000000000043e-02
1.387241206030150664e+01 2.300000000000000100e-01 3.747999999999999943e-02 9.264000000000000012e-02 1.721999999999999920e-02
1.397286432160803926e+01 2.300000000000000100e-01 3.710999999999999716e-02 9.224000000000000254e-02 1.708000000000000143e-02
1.407331658291457188e+01 2.300000000000000100e-01 3.672999999999999876e-02 9.185000000000000109e-02 1.694000000000000020e-02
1.417376884422110450e+01 2.300000000000000100e-01 3.636000000000000343e-02 9.145999999999999963e-02 1.679999999999999896e-02
1.427422110552763712e+01 2.300000000000000100e-01 3.599999999999999728e-02 9.107999999999999430e-02 1.666000000000000120e-02
1.437467336683416974e+01 2.300000000000000100e-01 3.563999999999999807e-02 9.070999999999999897e-02 1.651999999999999996e-02
1.447512562814070236e+01 2.300000000000000100e-01 3.529999999999999805e-02 9.034999999999999976e-02 1.637999999999999873e-02
1.457557788944723498e+01 2.300000000000000100e-01 3.500999999999999945e-02 9.002000000000000279e-02 1.626000000000000015e-02
1.467603015075376760e+01 2.300000000000000100e-01 3.472000000000000086e-02 8.970000000000000195e-02 1.614000000000000157e-02
1.477648241206030022e+01 2.300000000000000100e-01 3.443999999999999839e-02 8.938999999999999724e-02 1.601999999999999952e-02
1.487693467336683284e+01 2.300000000000000100e-01 3.416000000000000286e-02 8.908000000000000640e-02 1.590000000000000094e-02
1.497738693467336546e+01 2.300000000000000100e-01 3.391999999999999876e-02 8.880000000000000393e-02 1.578999999999999848e-02
1.507783919597989986e+01 2.300000000000000100e-01 3.364999999999999936e-02 8.851000000000000534e-02 1.566999999999999990e-02
1.517829145728643248e+01 2.300000000000000100e-01 3.346999999999999975e-02 8.828999999999999349e-02 1.558000000000000010e-02
1.527874371859296510e+01 2.300000000000000100e-01 3.332999999999999852e-02 8.810999999999999388e-02 1.549000000000000030e-02
1.537919597989949771e+01 2.300000000000000100e-01 3.330999999999999933e-02 8.799999999999999489e-02 1.545999999999999978e-02
1.547964824120603033e+01 2.300000000000000100e-01 3.332000000000000239e-02 8.790000000000000591e-02 1.545999999999999978e-02
1.558010050251256295e+01 2.300000000000000100e-01 3.334000000000000158e-02 8.781999999999999529e-02 1.545999999999999978e-02
1.568055276381909557e+01 2.300000000000000100e-01 3.334999999999999770e-02 8.773000000000000242e-02 1.545000000000000019e-02
1.578100502512562819e+01 2.300000000000000100e-01 3.332999999999999852e-02 8.762000000000000344e-02 1.542999999999999927e-02
1.588145728643216081e+01 2.300000000000000100e-01 3.327999999999999708e-02 8.749999999999999445e-02 1.540000000000000049e-02
1.598190954773869343e+01 2.300000000000000100e-01 3.323000000000000259e-02 8.737999999999999934e-02 1.536999999999999998e-02
1.608236180904522783e+01 2.300000000000000100e-01 3.318999999999999728e-02 8.727000000000000035e-02 1.533999999999999947e-02
1.618281407035176045e+01 2.300000000000000100e-01 3.312999999999999973e-02 8.715000000000000524e-02 1.531000000000000069e-02
1.628326633165829307e+01 2.300000000000000100e-01 3.309000000000000136e-02 8.705000000000000238e-02 1.528000000000000018e-02
1.638371859296482569e+01 2.300000000000000100e-01 3.305000000000000299e-02 8.694999999999999951e-02 1.524999999999999967e-02
1.648417085427135831e+01 2.300000000000000100e-01 3.300000000000000155e-02 8.686000000000000665e-02 1.523000000000000048e-02
1.658462311557789093e+01 2.300000000000000100e-01 3.291000000000000175e-02 8.673999999999999766e-02 1.518000000000000078e-02
1.668507537688442355e+01 2.300000000000000100e-01 3.284000000000000113e-02 8.662999999999999867e-02 1.515000000000000027e-02
1.678552763819095617e+01 2.300000000000000100e-01 3.275999999999999746e-02 8.651999999999999968e-02 1.511000000000000017e-02
1.688597989949748879e+01 2.300000000000000100e-01 3.271000000000000296e-02 8.641999999999999682e-02 1.506000000000000047e-02
1.698643216080402141e+01 2.300000000000000100e-01 3.266000000000000153e-02 8.631999999999999396e-02 1.502999999999999996e-02
1.708688442211055403e+01 2.300000000000000100e-01 3.261000000000000010e-02 8.622000000000000497e-02 1.498999999999999985e-02
1.718733668341708665e+01 2.300000000000000100e-01 3.255999999999999867e-02 8.612999999999999823e-02 1.494000000000000015e-02
1.728778894472361927e+01 2.300000000000000100e-01 3.250000000000000111e-02 8.602999999999999536e-02 1.490999999999999964e-02
1.738824120603015189e+01 2.300000000000000100e-01 3.243000000000000049e-02 8.591000000000000025e-02 1.488000000000000086e-02
1.748869346733668451e+01 2.300000000000000100e-01 3.234999999999999681e-02 8.580000000000000127e-02 1.484000000000000076e-02
1.758914572864321713e+01 2.300000000000000100e-01 3.232000000000000151e-02 8.573000000000000065e-02 1.481000000000000025e-02
1.768959798994974975e+01 2.300000000000000100e-01 3.228999999999999926e-02 8.565000000000000391e-02 1.477999999999999974e-02
1.779005025125628237e+01 2.310000000000000109e-01 3.227000000000000007e-02 8.558999999999999941e-02 1.474999999999999922e-02
1.789050251256281499e+01 2.310000000000000109e-01 3.225999999999999701e-02 8.552999999999999492e-02 1.471000000000000085e-02
1.799095477386934760e+01 2.310000000000000109e-01 3.223999999999999783e-02 8.548000000000000043e-02 1.467000000000000075e-02
1.809140703517588022e+01 2.310000000000000109e-01 3.223000000000000170e-02 8.541999999999999593e-02 1.463000000000000064e-02
1.819185929648241284e+01 2.310000000000000109e-01 3.219999999999999946e-02 8.537000000000000144e-02 1.459000000000000054e-02
1.829231155778894546e+01 2.310000000000000109e-01 3.219000000000000333e-02 8.531999999999999307e-02 1.455000000000000043e-02
1.839276381909547808e+01 2.310000000000000109e-01 3.223000000000000170e-02 8.530000000000000082e-02 1.455000000000000043e-02
1.849321608040201070e+01 2.310000000000000109e-01 3.227000000000000007e-02 8.527999999999999470e-02 1.455000000000000043e-02
1.859366834170854332e+01 2.310000000000000109e-01 3.230999999999999844e-02 8.526000000000000245e-02 1.455000000000000043e-02
1.869412060301507594e+01 2.310000000000000109e-01 3.235999999999999988e-02 8.523000000000000020e-02 1.455000000000000043e-02
1.879457286432160856e+01 2.310000000000000109e-01 3.243999999999999662e-02 8.523000000000000020e-02 1.456000000000000003e-02
1.889502512562814118e+01 2.310000000000000109e-01 3.253999999999999948e-02 8.525000000000000633e-02 1.457999999999999921e-02
1.899547738693467380e+01 2.310000000000000109e-01 3.266999999999999765e-02 8.527999999999999470e-02 1.460999999999999972e-02
1.909592964824120642e+01 2.310000000000000109e-01 3.280000000000000276e-02 8.530999999999999694e-02 1.464000000000000024e-02
1.919638190954773904e+01 2.310000000000000109e-01 3.296999999999999931e-02 8.534999999999999531e-02 1.468000000000000034e-02
1.929683417085427166e+01 2.310000000000000109e-01 3.314000000000000279e-02 8.538999999999999369e-02 1.472000000000000045e-02
1.939728643216080428e+01 2.310000000000000109e-01 3.330000000000000321e-02 8.543000000000000593e-02 1.476000000000000055e-02
1.949773869346733690e+01 2.310000000000000109e-01 3.336000000000000076e-02 8.523000000000000020e-02 1.498999999999999985e-02
1.959819095477386952e+01 2.310000000000000109e-01 3.352999999999999731e-02 8.501000000000000223e-02 1.533999999999999947e-02
1.969864321608040214e+01 2.310000000000000109e-01 3.371999999999999997e-02 8.480000000000000038e-02 1.568999999999999909e-02
1.979909547738693476e+01 2.310000000000000109e-01 3.393000000000000183e-02 8.459999999999999465e-02 1.606000000000000136e-02
1.989954773869346738e+01 2.310000000000000109e-01 3.416999999999999899e-02 8.440000000000000280e-02 1.644999999999999934e-02
2.000000000000000000e+01 2.310000000000000109e-01 3.443000000000000227e-02 8.422000000000000319e-02 1.685999999999999999e-02
