1.000000000000000021e-02 1.280000000000000027e-01 1.527399999999999869e-01 7.393100000000000227e-01 7.247000000000000663e-02
1.104522613065326564e-01 1.280000000000000027e-01 1.527399999999999869e-01 7.393100000000000227e-01 7.247000000000000663e-02
2.109045226130653317e-01 1.280000000000000027e-01 1.527399999999999869e-01 7.393100000000000227e-01 7.247000000000000663e-02
3.113567839195979792e-01 1.260000000000000009e-01 1.678099999999999870e-01 7.260299999999999532e-01 8.160000000000000586e-02
4.118090452261306544e-01 2.119999999999999940e-01 1.160400000000000043e-01 8.360699999999999799e-01 5.831999999999999684e-02
5.122613065326633297e-01 1.570000000000000007e-01 1.922099999999999920e-01 9.547299999999999676e-01 1.057499999999999968e-01
6.127135678391959495e-01 1.590000000000000024e-01 2.375299999999999911e-01 9.102099999999999635e-01 1.399299999999999988e-01
7.131658291457286802e-01 2.169999999999999984e-01 1.366999999999999882e-01 7.885699999999999932e-01 7.008000000000000340e-02
8.136180904522613000e-01 1.509999999999999953e-01 3.467500000000000027e-01 8.611100000000000421e-01 1.579599999999999893e-01
9.140703517587939197e-01 1.580000000000000016e-01 4.067500000000000004e-01 8.635599999999999943e-01 1.548400000000000054e-01
1.014522613065326651e+00 1.519999999999999962e-01 4.271900000000000142e-01 8.015999999999999792e-01 1.726499999999999979e-01
1.114974874371859270e+00 1.499999999999999944e-01 4.411800000000000166e-01 7.665100000000000247e-01 1.645899999999999863e-01
1.215427135678391890e+00 1.489999999999999936e-01 4.504900000000000015e-01 7.354800000000000226e-01 1.579399999999999971e-01
1.315879396984924510e+00 1.479999999999999927e-01 4.569500000000000228e-01 7.089999999999999636e-01 1.529699999999999949e-01
1.416331658291457352e+00 1.479999999999999927e-01 4.640699999999999825e-01 6.899600000000000177e-01 1.516599999999999893e-01
1.516783919597989971e+00 1.469999999999999918e-01 4.866099999999999870e-01 7.003599999999999826e-01 1.762600000000000000e-01
1.617236180904522591e+00 1.469999999999999918e-01 5.048700000000000410e-01 7.087299999999999711e-01 1.998900000000000121e-01
1.717688442211055211e+00 1.469999999999999918e-01 5.193900000000000183e-01 7.127400000000000402e-01 2.197500000000000009e-01
1.818140703517587831e+00 1.479999999999999927e-01 5.396699999999999831e-01 7.251800000000000468e-01 2.502599999999999825e-01
1.918592964824120672e+00 1.489999999999999936e-01 5.642200000000000548e-01 7.372999999999999554e-01 2.848100000000000076e-01
2.019045226130653070e+00 1.499999999999999944e-01 5.854099999999999859e-01 7.440799999999999637e-01 3.130100000000000104e-01
2.119497487437185690e+00 1.499999999999999944e-01 6.035599999999999854e-01 7.476899999999999658e-01 3.375199999999999867e-01
2.219949748743718310e+00 1.499999999999999944e-01 6.193999999999999506e-01 7.477500000000000258e-01 3.583299999999999819e-01
2.320402010050250929e+00 1.499999999999999944e-01 6.297000000000000375e-01 7.484800000000000342e-01 3.665399999999999769e-01
2.420854271356783549e+00 1.509999999999999953e-01 6.386399999999999855e-01 7.482600000000000362e-01 3.732599999999999807e-01
2.521306532663316169e+00 1.509999999999999953e-01 6.482099999999999529e-01 7.512499999999999734e-01 3.809500000000000108e-01
2.621758793969848789e+00 1.519999999999999962e-01 6.514499999999999735e-01 7.583400000000000141e-01 3.905500000000000083e-01
2.722211055276381853e+00 1.519999999999999962e-01 6.497399999999999842e-01 7.635800000000000365e-01 3.883800000000000030e-01
2.822663316582914472e+00 1.519999999999999962e-01 6.440000000000000169e-01 7.668700000000000516e-01 3.775200000000000222e-01
2.923115577889447092e+00 1.529999999999999971e-01 6.372900000000000231e-01 7.690900000000000514e-01 3.656499999999999750e-01
3.023567839195979712e+00 1.529999999999999971e-01 6.309200000000000363e-01 7.734900000000000109e-01 3.579300000000000259e-01
3.124020100502512332e+00 1.529999999999999971e-01 6.256699999999999484e-01 7.761299999999999866e-01 3.518600000000000061e-01
3.224472361809044951e+00 1.529999999999999971e-01 6.213499999999999579e-01 7.780899999999999483e-01 3.476699999999999791e-01
3.324924623115577571e+00 1.529999999999999971e-01 6.154699999999999616e-01 7.792200000000000237e-01 3.455699999999999883e-01
3.425376884422110191e+00 1.539999999999999980e-01 6.111900000000000110e-01 7.791400000000000547e-01 3.371000000000000107e-01
3.525829145728642811e+00 1.539999999999999980e-01 6.074600000000000000e-01 7.787899999999999823e-01 3.301600000000000090e-01
3.626281407035175430e+00 1.539999999999999980e-01 6.041299999999999448e-01 7.784299999999999553e-01 3.254000000000000226e-01
3.726733668341708050e+00 1.549999999999999989e-01 6.033899999999999819e-01 7.777600000000000069e-01 3.195600000000000107e-01
3.827185929648241114e+00 1.549999999999999989e-01 6.016599999999999726e-01 7.773200000000000109e-01 3.157800000000000051e-01
3.927638190954773734e+00 1.549999999999999989e-01 5.993699999999999584e-01 7.769899999999999585e-01 3.132699999999999929e-01
4.028090452261306353e+00 1.559999999999999998e-01 5.971699999999999786e-01 7.765600000000000280e-01 3.110700000000000132e-01
4.128542713567838973e+00 1.559999999999999998e-01 5.949100000000000499e-01 7.762499999999999956e-01 3.091900000000000204e-01
4.228994974874371593e+00 1.559999999999999998e-01 5.926299999999999901e-01 7.759500000000000286e-01 3.077500000000000235e-01
4.329447236180904213e+00 1.559999999999999998e-01 5.916000000000000147e-01 7.758300000000000196e-01 3.062599999999999767e-01
4.429899497487436832e+00 1.549999999999999989e-01 5.910800000000000498e-01 7.751200000000000312e-01 3.026800000000000046e-01
4.530351758793969452e+00 1.549999999999999989e-01 5.897900000000000365e-01 7.744499999999999718e-01 2.982899999999999996e-01
4.630804020100502072e+00 1.549999999999999989e-01 5.891399999999999970e-01 7.737399999999999833e-01 2.947199999999999820e-01
4.731256281407034692e+00 1.539999999999999980e-01 6.336000000000000520e-01 7.527000000000000357e-01 2.472499999999999976e-01
4.831708542713567311e+00 1.519999999999999962e-01 7.506599999999999939e-01 7.058499999999999774e-01 4.995200000000000196e-01
4.932160804020099931e+00 1.519999999999999962e-01 7.438200000000000367e-01 7.046200000000000241e-01 4.943199999999999816e-01
5.032613065326632551e+00 1.519999999999999962e-01 7.464100000000000179e-01 7.035099999999999687e-01 4.969299999999999828e-01
5.133065326633165171e+00 1.519999999999999962e-01 7.509400000000000519e-01 7.021199999999999664e-01 5.019200000000000328e-01
5.233517587939697790e+00 1.519999999999999962e-01 7.559799999999999853e-01 7.007299999999999640e-01 5.074499999999999567e-01
5.333969849246230410e+00 1.509999999999999953e-01 7.611099999999999532e-01 6.994200000000000417e-01 5.130900000000000460e-01
5.434422110552763918e+00 1.509999999999999953e-01 7.674900000000000055e-01 6.983099999999999863e-01 5.199099999999999833e-01
5.534874371859296538e+00 1.509999999999999953e-01 7.738899999999999668e-01 6.972599999999999909e-01 5.268800000000000150e-01
5.635326633165829158e+00 1.509999999999999953e-01 7.801500000000000101e-01 6.961600000000000010e-01 5.338800000000000212e-01
5.735778894472361777e+00 1.509999999999999953e-01 7.865100000000000424e-01 6.951399999999999801e-01 5.406699999999999839e-01
5.836231155778894397e+00 1.509999999999999953e-01 7.935100000000000486e-01 6.943099999999999827e-01 5.478800000000000336e-01
5.936683417085427017e+00 1.509999999999999953e-01 8.005600000000000493e-01 6.937400000000000233e-01 5.552300000000000013e-01
6.037135678391959637e+00 1.509999999999999953e-01 8.077699999999999880e-01 6.933799999999999963e-01 5.623200000000000420e-01
6.137587939698492256e+00 1.509999999999999953e-01 8.135099999999999554e-01 6.931199999999999584e-01 5.679600000000000204e-01
6.238040201005024876e+00 1.509999999999999953e-01 8.205299999999999816e-01 6.928600000000000314e-01 5.745599999999999596e-01
6.338492462311557496e+00 1.509999999999999953e-01 8.259600000000000275e-01 6.930399999999999894e-01 5.782699999999999507e-01
6.438944723618090116e+00 1.499999999999999944e-01 8.286299999999999777e-01 6.934500000000000108e-01 5.788499999999999757e-01
6.539396984924622735e+00 1.499999999999999944e-01 8.294399999999999551e-01 6.939600000000000213e-01 5.773899999999999588e-01
6.639849246231155355e+00 1.499999999999999944e-01 8.309499999999999664e-01 6.943399999999999572e-01 5.768699999999999939e-01
6.740301507537687975e+00 1.499999999999999944e-01 8.304799999999999960e-01 6.950399999999999912e-01 5.738100000000000422e-01
6.840753768844220595e+00 1.499999999999999944e-01 8.276499999999999968e-01 6.957699999999999996e-01 5.688999999999999613e-01
6.941206030150753215e+00 1.499999999999999944e-01 8.200600000000000112e-01 6.966499999999999915e-01 5.596700000000000008e-01
7.041658291457285834e+00 1.499999999999999944e-01 8.139800000000000368e-01 6.973599999999999799e-01 5.520300000000000207e-01
7.142110552763818454e+00 1.499999999999999944e-01 8.097199999999999953e-01 6.978600000000000358e-01 5.466800000000000548e-01
7.242562814070351074e+00 1.489999999999999936e-01 8.079399999999999915e-01 6.981100000000000083e-01 5.444499999999999895e-01
7.343015075376883694e+00 1.489999999999999936e-01 8.062599999999999767e-01 6.983000000000000318e-01 5.423900000000000388e-01
7.443467336683416313e+00 1.489999999999999936e-01 8.068300000000000471e-01 6.984000000000000208e-01 5.424499999999999877e-01
7.543919597989949821e+00 1.489999999999999936e-01 8.060500000000000442e-01 6.987999999999999767e-01 5.407300000000000439e-01
7.644371859296482441e+00 1.489999999999999936e-01 8.066299999999999581e-01 6.990699999999999692e-01 5.407399999999999984e-01
7.744824120603015061e+00 1.479999999999999927e-01 8.093099999999999739e-01 6.992300000000000182e-01 5.426299999999999457e-01
7.845276381909547680e+00 1.479999999999999927e-01 8.123000000000000220e-01 6.992899999999999672e-01 5.450300000000000145e-01
7.945728643216080300e+00 1.479999999999999927e-01 8.157799999999999496e-01 6.992899999999999672e-01 5.479300000000000281e-01
8.046180904522612920e+00 1.479999999999999927e-01 8.194900000000000517e-01 6.992000000000000437e-01 5.512399999999999523e-01
8.146633165829145540e+00 1.479999999999999927e-01 8.230199999999999738e-01 6.990699999999999692e-01 5.544999999999999929e-01
8.247085427135678160e+00 1.479999999999999927e-01 8.265200000000000324e-01 6.988999999999999657e-01 5.578199999999999825e-01
8.347537688442210779e+00 1.469999999999999918e-01 8.297099999999999476e-01 6.987700000000000022e-01 5.607100000000000417e-01
8.447989949748743399e+00 1.469999999999999918e-01 8.308600000000000430e-01 6.988499999999999712e-01 5.614299999999999846e-01
8.548442211055276019e+00 1.469999999999999918e-01 8.214599999999999680e-01 7.002199999999999536e-01 5.483200000000000296e-01
8.648894472361808639e+00 1.469999999999999918e-01 8.065799999999999637e-01 7.029499999999999638e-01 5.253700000000000037e-01
8.749346733668341258e+00 1.469999999999999918e-01 8.011099999999999888e-01 7.044099999999999806e-01 5.148000000000000353e-01
8.849798994974873878e+00 1.469999999999999918e-01 7.976299999999999502e-01 7.054899999999999505e-01 5.072799999999999532e-01
8.950251256281406498e+00 1.459999999999999909e-01 7.949500000000000455e-01 7.063000000000000389e-01 5.015899999999999803e-01
9.050703517587939118e+00 1.459999999999999909e-01 7.935600000000000431e-01 7.068799999999999528e-01 4.977900000000000102e-01
9.151155778894471737e+00 1.459999999999999909e-01 7.933200000000000252e-01 7.072500000000000453e-01 4.959100000000000175e-01
9.251608040201004357e+00 1.459999999999999909e-01 7.936900000000000066e-01 7.075200000000000378e-01 4.948699999999999766e-01
9.352060301507536977e+00 1.459999999999999909e-01 7.946100000000000385e-01 7.076900000000000412e-01 4.945499999999999896e-01
9.452512562814069597e+00 1.459999999999999909e-01 7.959300000000000264e-01 7.077999999999999847e-01 4.944299999999999806e-01
9.552964824120602216e+00 1.459999999999999909e-01 7.973900000000000432e-01 7.078799999999999537e-01 4.944799999999999751e-01
9.653417085427134836e+00 1.459999999999999909e-01 7.994999999999999885e-01 7.079499999999999682e-01 4.945800000000000196e-01
9.753869346733667456e+00 1.449999999999999900e-01 8.017699999999999827e-01 7.079299999999999482e-01 4.951200000000000045e-01
9.854321608040200076e+00 1.449999999999999900e-01 8.040199999999999569e-01 7.078600000000000447e-01 4.959000000000000075e-01
9.954773869346732695e+00 1.449999999999999900e-01 8.055499999999999883e-01 7.079400000000000137e-01 4.956800000000000095e-01
1.005522613065326532e+01 1.449999999999999900e-01 8.041399999999999659e-01 7.085900000000000531e-01 4.909200000000000230e-01
1.015567839195979793e+01 1.449999999999999900e-01 7.988800000000000345e-01 7.100600000000000245e-01 4.799999999999999822e-01
1.025613065326633055e+01 1.449999999999999900e-01 7.948899999999999855e-01 7.112500000000000488e-01 4.714800000000000102e-01
1.035658291457286317e+01 1.449999999999999900e-01 7.917300000000000448e-01 7.122800000000000242e-01 4.645699999999999830e-01
1.045703517587939579e+01 1.449999999999999900e-01 7.900599999999999845e-01 7.130699999999999816e-01 4.597999999999999865e-01
1.055748743718592841e+01 1.449999999999999900e-01 7.889300000000000201e-01 7.137900000000000356e-01 4.557100000000000040e-01
1.065793969849246103e+01 1.449999999999999900e-01 7.876800000000000468e-01 7.143899999999999695e-01 4.523499999999999743e-01
1.075839195979899543e+01 1.449999999999999900e-01 7.872400000000000508e-01 7.148499999999999854e-01 4.500399999999999956e-01
1.085884422110552805e+01 1.449999999999999900e-01 7.859000000000000430e-01 7.152300000000000324e-01 4.473699999999999899e-01
1.095929648241206067e+01 1.449999999999999900e-01 7.844999999999999751e-01 7.154500000000000304e-01 4.452400000000000246e-01
1.105974874371859329e+01 1.439999999999999891e-01 7.837300000000000377e-01 7.156000000000000139e-01 4.436200000000000143e-01
1.116020100502512591e+01 1.439999999999999891e-01 7.833499999999999908e-01 7.156799999999999828e-01 4.425799999999999734e-01
1.126065326633165853e+01 1.439999999999999891e-01 7.816400000000000015e-01 7.157299999999999773e-01 4.403099999999999792e-01
1.136110552763819115e+01 1.439999999999999891e-01 7.803600000000000536e-01 7.156400000000000539e-01 4.390899999999999803e-01
1.146155778894472377e+01 1.439999999999999891e-01 7.782999999999999918e-01 7.155000000000000249e-01 4.380600000000000049e-01
1.156201005025125639e+01 1.439999999999999891e-01 7.766399999999999970e-01 7.152199999999999669e-01 4.403599999999999737e-01
1.166246231155778901e+01 1.429999999999999882e-01 7.757399999999999851e-01 7.149400000000000199e-01 4.428900000000000059e-01
1.176291457286432163e+01 1.429999999999999882e-01 7.760099999999999776e-01 7.146000000000000130e-01 4.458500000000000241e-01
1.186336683417085425e+01 1.429999999999999882e-01 7.765300000000000535e-01 7.142800000000000260e-01 4.485399999999999943e-01
1.196381909547738687e+01 1.429999999999999882e-01 7.773900000000000254e-01 7.139499999999999735e-01 4.511899999999999800e-01
1.206427135678391949e+01 1.429999999999999882e-01 7.783099999999999463e-01 7.137000000000000011e-01 4.539699999999999847e-01
1.216472361809045211e+01 1.429999999999999882e-01 7.792099999999999582e-01 7.134599999999999831e-01 4.568200000000000038e-01
1.226517587939698473e+01 6.300000000000000044e-02 1.384299999999999975e-01 7.584400000000000031e-01 6.582999999999999963e-02
1.236562814070351735e+01 5.099999999999999672e-02 4.194300000000000250e-01 8.861299999999999732e-01 5.302499999999999991e-01
1.246608040201004997e+01 5.099999999999999672e-02 4.222799999999999887e-01 8.868700000000000472e-01 5.342999999999999972e-01
1.256653266331658259e+01 5.000000000000000278e-02 4.252099999999999769e-01 8.875899999999999901e-01 5.384600000000000497e-01
1.266698492462311521e+01 5.000000000000000278e-02 4.284399999999999875e-01 8.884100000000000330e-01 5.430099999999999927e-01
1.276743718592964782e+01 5.000000000000000278e-02 4.315599999999999992e-01 8.891499999999999959e-01 5.474200000000000177e-01
1.286788944723618044e+01 5.000000000000000278e-02 4.345899999999999763e-01 8.898700000000000498e-01 5.516999999999999682e-01
1.296834170854271306e+01 5.000000000000000278e-02 4.380899999999999794e-01 8.908000000000000362e-01 5.566200000000000037e-01
1.306879396984924568e+01 5.000000000000000278e-02 4.416800000000000170e-01 8.917199999999999571e-01 5.616700000000000026e-01
1.316924623115577830e+01 5.000000000000000278e-02 4.451399999999999801e-01 8.926399999999999890e-01 5.665400000000000436e-01
1.326969849246231092e+01 5.000000000000000278e-02 4.489099999999999757e-01 8.934499999999999664e-01 5.718299999999999494e-01
1.337015075376884354e+01 5.000000000000000278e-02 4.525299999999999878e-01 8.942499999999999893e-01 5.768999999999999684e-01
1.347060301507537616e+01 5.000000000000000278e-02 4.566000000000000059e-01 8.949099999999999833e-01 5.825900000000000523e-01
1.357105527638190878e+01 5.000000000000000278e-02 4.606100000000000194e-01 8.954900000000000082e-01 5.881800000000000361e-01
1.367150753768844140e+01 5.000000000000000278e-02 4.647499999999999964e-01 8.960200000000000387e-01 5.939600000000000435e-01
1.377195979899497402e+01 5.000000000000000278e-02 4.687899999999999845e-01 8.965400000000000036e-01 5.995899999999999563e-01
1.387241206030150664e+01 5.000000000000000278e-02 4.725199999999999956e-01 8.970399999999999485e-01 6.047900000000000498e-01
1.397286432160803926e+01 5.000000000000000278e-02 4.764200000000000101e-01 8.974100000000000410e-01 6.102199999999999847e-01
1.407331658291457188e+01 5.000000000000000278e-02 4.808499999999999996e-01 8.976600000000000135e-01 6.163600000000000190e-01
1.417376884422110450e+01 5.000000000000000278e-02 4.852099999999999747e-01 8.978800000000000114e-01 6.224199999999999733e-01
1.427422110552763712e+01 5.000000000000000278e-02 4.893500000000000072e-01 8.979800000000000004e-01 6.281499999999999861e-01
1.437467336683416974e+01 5.000000000000000278e-02 4.934700000000000197e-01 8.981099999999999639e-01 6.338500000000000245e-01
1.447512562814070236e+01 5.000000000000000278e-02 4.976200000000000068e-01 8.982700000000000129e-01 6.395899999999999919e-01
1.457557788944723498e+01 5.000000000000000278e-02 5.015100000000000113e-01 8.984100000000000419e-01 6.449700000000000433e-01
1.467603015075376760e+01 5.000000000000000278e-02 5.053100000000000369e-01 8.985499999999999599e-01 6.502400000000000402e-01
1.477648241206030022e+01 5.000000000000000278e-02 5.090799999999999770e-01 8.985699999999999799e-01 6.554600000000000426e-01
1.487693467336683284e+01 5.000000000000000278e-02 5.127199999999999536e-01 8.986399999999999944e-01 6.605100000000000415e-01
1.497738693467336546e+01 5.000000000000000278e-02 5.164100000000000357e-01 8.986899999999999888e-01 6.656199999999999894e-01
1.507783919597989986e+01 5.000000000000000278e-02 5.200900000000000523e-01 8.987800000000000233e-01 6.706999999999999629e-01
1.517829145728643248e+01 5.000000000000000278e-02 5.237600000000000033e-01 8.988699999999999468e-01 6.757800000000000473e-01
1.527874371859296510e+01 5.000000000000000278e-02 5.273299999999999654e-01 8.989800000000000013e-01 6.807199999999999918e-01
1.537919597989949771e+01 5.000000000000000278e-02 5.308399999999999785e-01 8.991400000000000503e-01 6.855599999999999472e-01
1.547964824120603033e+01 5.000000000000000278e-02 5.341500000000000137e-01 8.992400000000000393e-01 6.901399999999999757e-01
1.558010050251256295e+01 5.000000000000000278e-02 5.365400000000000169e-01 8.994400000000000173e-01 6.934599999999999653e-01
1.568055276381909557e+01 5.000000000000000278e-02 5.362999999999999989e-01 9.000700000000000367e-01 6.932300000000000129e-01
1.578100502512562819e+01 5.000000000000000278e-02 5.226399999999999935e-01 9.029500000000000304e-01 6.748899999999999899e-01
1.588145728643216081e+01 4.900000000000000189e-02 3.998800000000000132e-01 9.197400000000000020e-01 5.089799999999999880e-01
1.598190954773869343e+01 4.599999999999999922e-02 4.150000000000000216e-02 8.837300000000000155e-01 2.708999999999999950e-02
1.608236180904522783e+01 5.800000000000000294e-02 9.694999999999999452e-02 7.814900000000000180e-01 3.527000000000000274e-02
1.618281407035176045e+01 6.199999999999999956e-02 1.286799999999999888e-01 7.611400000000000388e-01 5.784000000000000252e-02
1.628326633165829307e+01 6.400000000000000133e-02 1.451199999999999990e-01 7.522100000000000453e-01 7.095999999999999530e-02
1.638371859296482569e+01 6.600000000000000311e-02 1.573299999999999976e-01 7.456300000000000150e-01 8.111000000000000154e-02
1.648417085427135831e+01 6.600000000000000311e-02 1.641700000000000104e-01 7.422600000000000309e-01 8.670999999999999541e-02
1.658462311557789093e+01 6.700000000000000400e-02 1.683800000000000019e-01 7.401999999999999691e-01 9.019000000000000627e-02
1.668507537688442355e+01 6.700000000000000400e-02 1.715000000000000135e-01 7.385300000000000198e-01 9.271000000000000074e-02
1.678552763819095617e+01 6.700000000000000400e-02 1.729700000000000126e-01 7.376800000000000024e-01 9.382999999999999674e-02
1.688597989949748879e+01 6.700000000000000400e-02 1.735200000000000076e-01 7.372800000000000464e-01 9.421000000000000207e-02
1.698643216080402141e+01 6.700000000000000400e-02 1.739499999999999935e-01 7.368900000000000450e-01 9.450000000000000067e-02
1.708688442211055403e+01 6.700000000000000400e-02 1.744900000000000062e-01 7.365000000000000435e-01 9.486999999999999600e-02
1.718733668341708665e+01 6.700000000000000400e-02 1.749499999999999944e-01 7.361400000000000166e-01 9.517000000000000459e-02
1.728778894472361927e+01 6.700000000000000400e-02 1.753399999999999959e-01 7.358400000000000496e-01 9.540999999999999481e-02
1.738824120603015189e+01 6.700000000000000400e-02 1.756300000000000083e-01 7.355899999999999661e-01 9.556000000000000605e-02
1.748869346733668451e+01 6.700000000000000400e-02 1.757599999999999996e-01 7.354199999999999626e-01 9.557000000000000217e-02
1.758914572864321713e+01 6.700000000000000400e-02 1.758500000000000063e-01 7.352800000000000447e-01 9.556000000000000605e-02
1.768959798994974975e+01 6.700000000000000400e-02 1.760099999999999998e-01 7.350799999999999557e-01 9.560000000000000442e-02
1.779005025125628237e+01 6.700000000000000400e-02 1.760599999999999943e-01 7.349400000000000377e-01 9.554999999999999605e-02
1.789050251256281499e+01 6.700000000000000400e-02 1.762100000000000055e-01 7.347299999999999942e-01 9.556000000000000605e-02
1.799095477386934760e+01 6.800000000000000488e-02 1.763599999999999890e-01 7.345000000000000417e-01 9.558999999999999442e-02
1.809140703517588022e+01 6.800000000000000488e-02 1.764799999999999980e-01 7.342800000000000438e-01 9.557999999999999829e-02
1.819185929648241284e+01 6.800000000000000488e-02 1.765400000000000025e-01 7.340999999999999748e-01 9.553000000000000380e-02
1.829231155778894546e+01 6.800000000000000488e-02 1.765400000000000025e-01 7.339799999999999658e-01 9.543999999999999706e-02
1.839276381909547808e+01 6.800000000000000488e-02 1.765100000000000002e-01 7.338900000000000423e-01 9.532999999999999807e-02
1.849321608040201070e+01 6.800000000000000488e-02 1.764600000000000057e-01 7.338000000000000078e-01 9.521000000000000296e-02
1.859366834170854332e+01 6.800000000000000488e-02 1.763800000000000090e-01 7.337200000000000388e-01 9.507000000000000173e-02
1.869412060301507594e+01 6.800000000000000488e-02 1.762299999999999978e-01 7.336899999999999533e-01 9.488000000000000600e-02
1.879457286432160856e+01 6.800000000000000488e-02 1.760700000000000043e-01 7.336599999999999788e-01 9.467000000000000415e-02
1.889502512562814118e+01 6.800000000000000488e-02 1.758899999999999908e-01 7.336399999999999588e-01 9.445000000000000617e-02
1.899547738693467380e+01 6.800000000000000488e-02 1.757199999999999873e-01 7.335899999999999643e-01 9.424000000000000432e-02
1.909592964824120642e+01 6.800000000000000488e-02 1.755299999999999916e-01 7.335800000000000098e-01 9.400999999999999635e-02
1.919638190954773904e+01 6.800000000000000488e-02 1.753300000000000136e-01 7.335599999999999898e-01 9.378000000000000225e-02
1.929683417085427166e+01 6.800000000000000488e-02 1.750500000000000111e-01 7.335700000000000554e-01 9.347999999999999365e-02
1.939728643216080428e+01 6.800000000000000488e-02 1.747799999999999909e-01 7.335700000000000554e-01 9.320000000000000506e-02
1.949773869346733690e+01 6.800000000000000488e-02 1.745200000000000085e-01 7.335599999999999898e-01 9.292000000000000259e-02
1.959819095477386952e+01 6.800000000000000488e-02 1.742700000000000082e-01 7.335700000000000554e-01 9.264999999999999625e-02
1.969864321608040214e+01 6.800000000000000488e-02 1.740200000000000080e-01 7.335399999999999698e-01 9.238000000000000378e-02
1.979909547738693476e+01 6.800000000000000488e-02 1.737400000000000055e-01 7.335800000000000098e-01 9.209000000000000519e-02
1.989954773869346738e+01 6.800000000000000488e-02 1.734400000000000108e-01 7.336300000000000043e-01 9.178000000000000047e-02
2.000000000000000000e+01 6.800000000000000488e-02 1.730899999999999939e-01 7.337200000000000388e-01 9.145000000000000351e-02
