6.127135678391959495e-01 2.139999999999999958e-01 3.361999999999999711e-02 5.310599999999999765e-01 1.192999999999999963e-02
7.131658291457286802e-01 1.849999999999999978e-01 6.090000000000000274e-02 5.572399999999999576e-01 1.350999999999999944e-02
8.136180904522613000e-01 6.500000000000000222e-02 1.180000000000000059e-03 1.841800000000000104e-01 6.899999999999999667e-04
9.140703517587939197e-01 8.200000000000000344e-02 6.199999999999999999e-04 1.485499999999999876e-01 5.800000000000000034e-04
1.014522613065326651e+00 6.900000000000000577e-02 1.897000000000000075e-02 2.704900000000000082e-01 5.930000000000000375e-03
1.114974874371859270e+00 7.000000000000000666e-02 2.738000000000000156e-02 2.834300000000000153e-01 1.000999999999999980e-02
1.215427135678391890e+00 7.000000000000000666e-02 3.495999999999999802e-02 2.942500000000000115e-01 1.417999999999999990e-02
1.315879396984924510e+00 7.000000000000000666e-02 4.197000000000000036e-02 3.020999999999999797e-01 1.802000000000000129e-02
1.416331658291457352e+00 7.000000000000000666e-02 4.952000000000000152e-02 3.107599999999999807e-01 2.274999999999999939e-02
1.516783919597989971e+00 7.099999999999999367e-02 5.532999999999999724e-02 3.184000000000000163e-01 2.707000000000000031e-02
1.617236180904522591e+00 7.099999999999999367e-02 6.001999999999999696e-02 3.214899999999999980e-01 3.066999999999999935e-02
1.717688442211055211e+00 7.199999999999999456e-02 6.471000000000000363e-02 3.227099999999999969e-01 3.436000000000000165e-02
1.818140703517587831e+00 7.199999999999999456e-02 6.905999999999999639e-02 3.237499999999999822e-01 3.787999999999999701e-02
1.918592964824120672e+00 7.299999999999999545e-02 6.816999999999999449e-02 3.187599999999999878e-01 3.715000000000000246e-02
2.019045226130653070e+00 7.399999999999999634e-02 6.321000000000000230e-02 3.081300000000000150e-01 3.359999999999999792e-02
2.119497487437185690e+00 7.499999999999999722e-02 6.053999999999999659e-02 3.020300000000000207e-01 3.153999999999999859e-02
2.219949748743718310e+00 7.599999999999999811e-02 5.804000000000000131e-02 2.940800000000000081e-01 2.991999999999999868e-02
2.320402010050250929e+00 7.699999999999999900e-02 5.498999999999999722e-02 2.862000000000000099e-01 2.767999999999999974e-02
2.420854271356783549e+00 7.799999999999999989e-02 5.292000000000000176e-02 2.805500000000000216e-01 2.597999999999999962e-02
2.521306532663316169e+00 7.900000000000000078e-02 5.199000000000000149e-02 2.765500000000000180e-01 2.509000000000000119e-02
2.621758793969848789e+00 7.900000000000000078e-02 5.136999999999999900e-02 2.729599999999999804e-01 2.438999999999999849e-02
2.722211055276381853e+00 8.000000000000000167e-02 5.143999999999999961e-02 2.706200000000000272e-01 2.418999999999999970e-02
2.822663316582914472e+00 8.000000000000000167e-02 5.229000000000000314e-02 2.695699999999999763e-01 2.452000000000000013e-02
2.923115577889447092e+00 8.100000000000000255e-02 5.467000000000000332e-02 2.708999999999999742e-01 2.574999999999999858e-02
3.023567839195979712e+00 8.100000000000000255e-02 5.623000000000000220e-02 2.716899999999999871e-01 2.604000000000000065e-02
3.124020100502512332e+00 8.100000000000000255e-02 5.750999999999999862e-02 2.717100000000000071e-01 2.615999999999999923e-02
3.224472361809044951e+00 8.100000000000000255e-02 5.884999999999999953e-02 2.717999999999999861e-01 2.633999999999999883e-02
3.324924623115577571e+00 8.200000000000000344e-02 6.056000000000000272e-02 2.726899999999999880e-01 2.676999999999999866e-02
3.425376884422110191e+00 8.200000000000000344e-02 6.214000000000000079e-02 2.735500000000000154e-01 2.715000000000000052e-02
3.525829145728642811e+00 8.300000000000000433e-02 6.342000000000000415e-02 2.742299999999999738e-01 2.731000000000000094e-02
3.626281407035175430e+00 8.300000000000000433e-02 6.449000000000000565e-02 2.747299999999999742e-01 2.738000000000000156e-02
3.726733668341708050e+00 8.300000000000000433e-02 6.543000000000000205e-02 2.750400000000000067e-01 2.753999999999999851e-02
3.827185929648241114e+00 8.400000000000000522e-02 6.625999999999999945e-02 2.752999999999999892e-01 2.762999999999999831e-02
3.927638190954773734e+00 8.400000000000000522e-02 6.654999999999999805e-02 2.751600000000000157e-01 2.727999999999999869e-02
4.028090452261306353e+00 8.400000000000000522e-02 6.651999999999999580e-02 2.747600000000000042e-01 2.668999999999999845e-02
4.128542713567838973e+00 8.500000000000000611e-02 6.650999999999999968e-02 2.744500000000000273e-01 2.615999999999999923e-02
4.228994974874371593e+00 8.500000000000000611e-02 6.646000000000000518e-02 2.741399999999999948e-01 2.563999999999999960e-02
4.329447236180904213e+00 8.500000000000000611e-02 6.643000000000000294e-02 2.738999999999999768e-01 2.515999999999999834e-02
4.429899497487436832e+00 8.500000000000000611e-02 6.625999999999999945e-02 2.734900000000000109e-01 2.442000000000000073e-02
4.530351758793969452e+00 8.500000000000000611e-02 6.597999999999999698e-02 2.729800000000000004e-01 2.349000000000000046e-02
4.630804020100502072e+00 8.599999999999999312e-02 6.590000000000000024e-02 2.728900000000000214e-01 2.263000000000000081e-02
4.731256281407034692e+00 8.599999999999999312e-02 6.547999999999999654e-02 2.731299999999999839e-01 2.146999999999999950e-02
4.831708542713567311e+00 8.599999999999999312e-02 6.297999999999999432e-02 2.715199999999999836e-01 1.856999999999999970e-02
4.932160804020099931e+00 8.599999999999999312e-02 6.067000000000000171e-02 2.696299999999999808e-01 1.607000000000000095e-02
5.032613065326632551e+00 8.699999999999999400e-02 5.863000000000000156e-02 2.679199999999999915e-01 1.399000000000000070e-02
5.133065326633165171e+00 8.699999999999999400e-02 5.738000000000000045e-02 2.676999999999999935e-01 1.267000000000000071e-02
5.233517587939697790e+00 8.699999999999999400e-02 5.693000000000000144e-02 2.686899999999999844e-01 1.197999999999999933e-02
5.333969849246230410e+00 8.699999999999999400e-02 5.650000000000000161e-02 2.693900000000000183e-01 1.145999999999999970e-02
5.434422110552763918e+00 8.699999999999999400e-02 5.593999999999999667e-02 2.697599999999999998e-01 1.094999999999999966e-02
5.534874371859296538e+00 8.699999999999999400e-02 5.553000000000000297e-02 2.701200000000000268e-01 1.068000000000000026e-02
5.635326633165829158e+00 8.699999999999999400e-02 5.532999999999999724e-02 2.707999999999999852e-01 1.064000000000000015e-02
5.735778894472361777e+00 8.699999999999999400e-02 5.525000000000000050e-02 2.713200000000000056e-01 1.072000000000000036e-02
5.836231155778894397e+00 8.699999999999999400e-02 5.516999999999999682e-02 2.716299999999999826e-01 1.089000000000000037e-02
5.936683417085427017e+00 8.799999999999999489e-02 5.517999999999999988e-02 2.715699999999999781e-01 1.108999999999999916e-02
6.037135678391959637e+00 8.799999999999999489e-02 5.514999999999999764e-02 2.716199999999999726e-01 1.135000000000000071e-02
6.137587939698492256e+00 8.799999999999999489e-02 5.530000000000000193e-02 2.713400000000000256e-01 1.150999999999999940e-02
6.238040201005024876e+00 8.799999999999999489e-02 5.557000000000000134e-02 2.709400000000000142e-01 1.158999999999999961e-02
6.338492462311557496e+00 8.799999999999999489e-02 5.603999999999999954e-02 2.715299999999999936e-01 1.197999999999999933e-02
6.438944723618090116e+00 8.799999999999999489e-02 5.652000000000000079e-02 2.722600000000000020e-01 1.246000000000000059e-02
6.539396984924622735e+00 8.799999999999999489e-02 5.713000000000000023e-02 2.732700000000000129e-01 1.306000000000000043e-02
6.639849246231155355e+00 8.799999999999999489e-02 5.786000000000000171e-02 2.742200000000000193e-01 1.370000000000000037e-02
6.740301507537687975e+00 8.799999999999999489e-02 5.863999999999999768e-02 2.750299999999999967e-01 1.431999999999999940e-02
6.840753768844220595e+00 8.799999999999999489e-02 5.949000000000000121e-02 2.759099999999999886e-01 1.498999999999999985e-02
6.941206030150753215e+00 8.799999999999999489e-02 6.029999999999999943e-02 2.767399999999999860e-01 1.566000000000000031e-02
7.041658291457285834e+00 8.799999999999999489e-02 6.106000000000000316e-02 2.778100000000000014e-01 1.625000000000000056e-02
7.142110552763818454e+00 8.799999999999999489e-02 6.176000000000000240e-02 2.787399999999999878e-01 1.684000000000000080e-02
7.242562814070351074e+00 8.799999999999999489e-02 6.233999999999999958e-02 2.795000000000000262e-01 1.735000000000000084e-02
7.343015075376883694e+00 8.799999999999999489e-02 6.290999999999999370e-02 2.801500000000000101e-01 1.780999999999999944e-02
7.443467336683416313e+00 8.799999999999999489e-02 6.310000000000000331e-02 2.806899999999999951e-01 1.808999999999999844e-02
7.543919597989949821e+00 8.799999999999999489e-02 6.343999999999999639e-02 2.817200000000000260e-01 1.844000000000000153e-02
7.644371859296482441e+00 8.799999999999999489e-02 6.382000000000000173e-02 2.831699999999999773e-01 1.879000000000000115e-02
7.744824120603015061e+00 8.799999999999999489e-02 6.450999999999999790e-02 2.846799999999999886e-01 1.919999999999999832e-02
7.845276381909547680e+00 8.799999999999999489e-02 6.515999999999999570e-02 2.862500000000000044e-01 1.972000000000000142e-02
7.945728643216080300e+00 8.799999999999999489e-02 6.597000000000000086e-02 2.870099999999999874e-01 2.027999999999999942e-02
8.046180904522612920e+00 8.799999999999999489e-02 6.711000000000000298e-02 2.879099999999999993e-01 2.108000000000000151e-02
8.146633165829145540e+00 8.799999999999999489e-02 6.826000000000000123e-02 2.889300000000000201e-01 2.194000000000000117e-02
8.247085427135678160e+00 8.799999999999999489e-02 6.951000000000000234e-02 2.897100000000000231e-01 2.282999999999999960e-02
8.347537688442210779e+00 8.799999999999999489e-02 7.072000000000000508e-02 2.901000000000000245e-01 2.367000000000000007e-02
8.447989949748743399e+00 8.799999999999999489e-02 7.184000000000000108e-02 2.904100000000000015e-01 2.451000000000000054e-02
8.548442211055276019e+00 8.799999999999999489e-02 7.301000000000000545e-02 2.908600000000000074e-01 2.545000000000000040e-02
8.648894472361808639e+00 8.799999999999999489e-02 7.428999999999999493e-02 2.914399999999999769e-01 2.645000000000000129e-02
8.749346733668341258e+00 8.799999999999999489e-02 7.562000000000000666e-02 2.919200000000000128e-01 2.744999999999999871e-02
8.849798994974873878e+00 8.799999999999999489e-02 7.696000000000000063e-02 2.922399999999999998e-01 2.843000000000000041e-02
8.950251256281406498e+00 8.799999999999999489e-02 7.846000000000000196e-02 2.924300000000000233e-01 2.954999999999999988e-02
9.050703517587939118e+00 8.799999999999999489e-02 7.999000000000000554e-02 2.927400000000000002e-01 3.073000000000000037e-02
9.151155778894471737e+00 8.799999999999999489e-02 8.151999999999999524e-02 2.928600000000000092e-01 3.189999999999999780e-02
9.251608040201004357e+00 8.799999999999999489e-02 8.214000000000000468e-02 2.935400000000000231e-01 3.250000000000000111e-02
9.352060301507536977e+00 8.799999999999999489e-02 8.282000000000000473e-02 2.941199999999999926e-01 3.323000000000000259e-02
9.452512562814069597e+00 8.799999999999999489e-02 8.372000000000000275e-02 2.946500000000000230e-01 3.382000000000000284e-02
9.552964824120602216e+00 8.799999999999999489e-02 8.466999999999999527e-02 2.950900000000000190e-01 3.431000000000000022e-02
9.653417085427134836e+00 8.799999999999999489e-02 8.570999999999999452e-02 2.960900000000000198e-01 3.488999999999999740e-02
9.753869346733667456e+00 8.799999999999999489e-02 8.593000000000000638e-02 2.976300000000000057e-01 3.495999999999999802e-02
9.854321608040200076e+00 8.799999999999999489e-02 8.618000000000000660e-02 2.992199999999999860e-01 3.508000000000000007e-02
9.954773869346732695e+00 8.699999999999999400e-02 8.676999999999999991e-02 3.003399999999999959e-01 3.536999999999999866e-02
1.005522613065326532e+01 8.699999999999999400e-02 8.765000000000000568e-02 3.009800000000000253e-01 3.579999999999999849e-02
1.015567839195979793e+01 8.799999999999999489e-02 8.812000000000000388e-02 3.015399999999999747e-01 3.611000000000000321e-02
1.025613065326633055e+01 8.799999999999999489e-02 8.858000000000000596e-02 3.019000000000000017e-01 3.645999999999999935e-02
1.035658291457286317e+01 8.799999999999999489e-02 8.913999999999999702e-02 3.020399999999999752e-01 3.692000000000000143e-02
1.045703517587939579e+01 8.799999999999999489e-02 8.976000000000000645e-02 3.020399999999999752e-01 3.744000000000000106e-02
1.055748743718592841e+01 8.799999999999999489e-02 9.027999999999999914e-02 3.020900000000000252e-01 3.792999999999999844e-02
1.065793969849246103e+01 8.799999999999999489e-02 9.049999999999999711e-02 3.022699999999999831e-01 3.826000000000000234e-02
1.075839195979899543e+01 8.799999999999999489e-02 9.078999999999999571e-02 3.024700000000000166e-01 3.860000000000000236e-02
1.085884422110552805e+01 8.799999999999999489e-02 9.081999999999999795e-02 3.027199999999999891e-01 3.880000000000000115e-02
1.095929648241206067e+01 8.799999999999999489e-02 9.081999999999999795e-02 3.028799999999999826e-01 3.899999999999999994e-02
1.105974874371859329e+01 8.799999999999999489e-02 9.063000000000000222e-02 3.030999999999999805e-01 3.907999999999999668e-02
1.116020100502512591e+01 8.799999999999999489e-02 9.055000000000000548e-02 3.031099999999999905e-01 3.919000000000000261e-02
1.126065326633165853e+01 8.799999999999999489e-02 8.913999999999999702e-02 3.033799999999999830e-01 3.873000000000000054e-02
1.136110552763819115e+01 8.799999999999999489e-02 8.819000000000000450e-02 3.033399999999999985e-01 3.849999999999999950e-02
1.146155778894472377e+01 8.799999999999999489e-02 8.754000000000000670e-02 3.029999999999999916e-01 3.840999999999999970e-02
1.156201005025125639e+01 8.899999999999999578e-02 8.711000000000000687e-02 3.025599999999999956e-01 3.844000000000000195e-02
1.166246231155778901e+01 8.899999999999999578e-02 8.680000000000000215e-02 3.020499999999999852e-01 3.853000000000000175e-02
1.176291457286432163e+01 8.899999999999999578e-02 8.655999999999999805e-02 3.017400000000000082e-01 3.867999999999999911e-02
1.186336683417085425e+01 8.899999999999999578e-02 8.627999999999999559e-02 3.013600000000000168e-01 3.880000000000000115e-02
1.196381909547738687e+01 8.899999999999999578e-02 8.536000000000000532e-02 3.013399999999999967e-01 3.853999999999999787e-02
1.206427135678391949e+01 8.899999999999999578e-02 8.347999999999999865e-02 3.019999999999999907e-01 3.767000000000000209e-02
1.216472361809045211e+01 8.899999999999999578e-02 8.099000000000000643e-02 3.029899999999999816e-01 3.642999999999999711e-02
1.226517587939698473e+01 8.899999999999999578e-02 7.883999999999999342e-02 3.037300000000000000e-01 3.538000000000000173e-02
1.236562814070351735e+01 8.899999999999999578e-02 7.580000000000000626e-02 3.054899999999999838e-01 3.377999999999999753e-02
1.246608040201004997e+01 8.799999999999999489e-02 7.263000000000000012e-02 3.075899999999999745e-01 3.210999999999999965e-02
1.256653266331658259e+01 8.799999999999999489e-02 7.037000000000000199e-02 3.089500000000000024e-01 3.099999999999999978e-02
1.266698492462311521e+01 8.799999999999999489e-02 6.704000000000000237e-02 3.123699999999999810e-01 2.919000000000000067e-02
1.276743718592964782e+01 8.699999999999999400e-02 6.346000000000000252e-02 3.157400000000000206e-01 2.718999999999999889e-02
1.286788944723618044e+01 8.699999999999999400e-02 6.001000000000000084e-02 3.185700000000000198e-01 2.509000000000000119e-02
1.296834170854271306e+01 8.699999999999999400e-02 5.677999999999999714e-02 3.215299999999999825e-01 2.307000000000000023e-02
1.306879396984924568e+01 8.599999999999999312e-02 5.371000000000000080e-02 3.244799999999999907e-01 2.109000000000000111e-02
1.316924623115577830e+01 8.599999999999999312e-02 5.176999999999999658e-02 3.261399999999999855e-01 1.984000000000000000e-02
1.326969849246231092e+01 8.599999999999999312e-02 5.016999999999999932e-02 3.273699999999999943e-01 1.881000000000000033e-02
1.337015075376884354e+01 8.599999999999999312e-02 4.886000000000000065e-02 3.281800000000000272e-01 1.796999999999999986e-02
1.347060301507537616e+01 8.599999999999999312e-02 4.816000000000000142e-02 3.283400000000000207e-01 1.745999999999999983e-02
1.357105527638190878e+01 8.599999999999999312e-02 4.737000000000000238e-02 3.286700000000000177e-01 1.693000000000000060e-02
1.367150753768844140e+01 8.599999999999999312e-02 4.667000000000000315e-02 3.290600000000000191e-01 1.652999999999999955e-02
1.377195979899497402e+01 8.599999999999999312e-02 4.606999999999999984e-02 3.293900000000000161e-01 1.620999999999999872e-02
1.387241206030150664e+01 8.599999999999999312e-02 4.555000000000000021e-02 3.296100000000000141e-01 1.593999999999999931e-02
1.397286432160803926e+01 8.599999999999999312e-02 4.506000000000000283e-02 3.298099999999999921e-01 1.568999999999999909e-02
1.407331658291457188e+01 8.599999999999999312e-02 4.463999999999999913e-02 3.300000000000000155e-01 1.549000000000000030e-02
1.417376884422110450e+01 8.599999999999999312e-02 4.422000000000000236e-02 3.301399999999999890e-01 1.528000000000000018e-02
1.427422110552763712e+01 8.599999999999999312e-02 4.385000000000000009e-02 3.301999999999999935e-01 1.510000000000000057e-02
1.437467336683416974e+01 8.599999999999999312e-02 4.338999999999999801e-02 3.300400000000000000e-01 1.485999999999999995e-02
1.447512562814070236e+01 8.699999999999999400e-02 4.293999999999999900e-02 3.298400000000000221e-01 1.461999999999999932e-02
1.457557788944723498e+01 8.699999999999999400e-02 4.254000000000000142e-02 3.296100000000000141e-01 1.440999999999999920e-02
1.467603015075376760e+01 8.699999999999999400e-02 4.216000000000000303e-02 3.293599999999999861e-01 1.422000000000000000e-02
1.477648241206030022e+01 8.699999999999999400e-02 4.179000000000000076e-02 3.291100000000000136e-01 1.404000000000000040e-02
1.487693467336683284e+01 8.699999999999999400e-02 4.145000000000000073e-02 3.288200000000000012e-01 1.387999999999999998e-02
1.497738693467336546e+01 8.699999999999999400e-02 4.112999999999999989e-02 3.285000000000000142e-01 1.374000000000000048e-02
1.507783919597989986e+01 8.699999999999999400e-02 4.080000000000000293e-02 3.281999999999999917e-01 1.359999999999999924e-02
1.517829145728643248e+01 8.699999999999999400e-02 4.046999999999999903e-02 3.279199999999999893e-01 1.345999999999999974e-02
1.527874371859296510e+01 8.699999999999999400e-02 4.002000000000000002e-02 3.277999999999999803e-01 1.324000000000000003e-02
1.537919597989949771e+01 8.699999999999999400e-02 3.948000000000000120e-02 3.277900000000000258e-01 1.295999999999999930e-02
1.547964824120603033e+01 8.699999999999999400e-02 3.899999999999999994e-02 3.277599999999999958e-01 1.271000000000000081e-02
1.558010050251256295e+01 8.699999999999999400e-02 3.855000000000000093e-02 3.276700000000000168e-01 1.251000000000000029e-02
1.568055276381909557e+01 8.699999999999999400e-02 3.812000000000000111e-02 3.274900000000000033e-01 1.233000000000000068e-02
1.578100502512562819e+01 8.699999999999999400e-02 3.769999999999999740e-02 3.272800000000000153e-01 1.213999999999999975e-02
1.588145728643216081e+01 8.799999999999999489e-02 3.726000000000000145e-02 3.271899999999999809e-01 1.193999999999999923e-02
1.598190954773869343e+01 8.799999999999999489e-02 3.683000000000000163e-02 3.270899999999999919e-01 1.174000000000000044e-02
1.608236180904522783e+01 8.799999999999999489e-02 3.647000000000000242e-02 3.269199999999999884e-01 1.158000000000000002e-02
1.618281407035176045e+01 8.799999999999999489e-02 3.615999999999999770e-02 3.267300000000000204e-01 1.144000000000000052e-02
1.628326633165829307e+01 8.799999999999999489e-02 3.588999999999999829e-02 3.265000000000000124e-01 1.131000000000000061e-02
1.638371859296482569e+01 8.799999999999999489e-02 3.561999999999999889e-02 3.262999999999999790e-01 1.119000000000000029e-02
1.648417085427135831e+01 8.799999999999999489e-02 3.534999999999999948e-02 3.261100000000000110e-01 1.105000000000000079e-02
1.658462311557789093e+01 8.799999999999999489e-02 3.511000000000000232e-02 3.259000000000000230e-01 1.094000000000000007e-02
1.668507537688442355e+01 8.799999999999999489e-02 3.488999999999999740e-02 3.256999999999999895e-01 1.084000000000000068e-02
1.678552763819095617e+01 8.799999999999999489e-02 3.466999999999999943e-02 3.254799999999999915e-01 1.073999999999999955e-02
1.688597989949748879e+01 8.799999999999999489e-02 3.445000000000000145e-02 3.252800000000000136e-01 1.063000000000000056e-02
1.698643216080402141e+01 8.799999999999999489e-02 3.422000000000000042e-02 3.251000000000000001e-01 1.051000000000000024e-02
1.708688442211055403e+01 8.799999999999999489e-02 3.404999999999999694e-02 3.248699999999999921e-01 1.043000000000000003e-02
1.718733668341708665e+01 8.799999999999999489e-02 3.393999999999999795e-02 3.245600000000000152e-01 1.035999999999999942e-02
1.728778894472361927e+01 8.799999999999999489e-02 3.384999999999999815e-02 3.242900000000000227e-01 1.030999999999999972e-02
1.738824120603015189e+01 8.799999999999999489e-02 3.375999999999999834e-02 3.240299999999999847e-01 1.026000000000000002e-02
1.748869346733668451e+01 8.799999999999999489e-02 3.366000000000000242e-02 3.237800000000000122e-01 1.021000000000000033e-02
1.758914572864321713e+01 8.799999999999999489e-02 3.355999999999999955e-02 3.235299999999999843e-01 1.016000000000000063e-02
1.768959798994974975e+01 8.899999999999999578e-02 3.348999999999999894e-02 3.232700000000000018e-01 1.012000000000000052e-02
1.779005025125628237e+01 8.899999999999999578e-02 3.339999999999999913e-02 3.230199999999999738e-01 1.007000000000000083e-02
1.789050251256281499e+01 8.899999999999999578e-02 3.334999999999999770e-02 3.227400000000000269e-01 1.004000000000000031e-02
1.799095477386934760e+01 8.899999999999999578e-02 3.330999999999999933e-02 3.224199999999999844e-01 1.001999999999999939e-02
1.809140703517588022e+01 8.899999999999999578e-02 3.327000000000000096e-02 3.221300000000000274e-01 1.000000000000000021e-02
1.819185929648241284e+01 8.899999999999999578e-02 3.323000000000000259e-02 3.218500000000000250e-01 9.969999999999999696e-03
1.829231155778894546e+01 8.899999999999999578e-02 3.314999999999999891e-02 3.215299999999999825e-01 9.910000000000000406e-03
1.839276381909547808e+01 8.899999999999999578e-02 3.305999999999999911e-02 3.212300000000000155e-01 9.830000000000000196e-03
1.849321608040201070e+01 8.899999999999999578e-02 3.296999999999999931e-02 3.209400000000000031e-01 9.759999999999999579e-03
1.859366834170854332e+01 8.899999999999999578e-02 3.291000000000000175e-02 3.206300000000000261e-01 9.709999999999999881e-03
1.869412060301507594e+01 8.899999999999999578e-02 3.284999999999999726e-02 3.202900000000000191e-01 9.660000000000000184e-03
1.879457286432160856e+01 8.899999999999999578e-02 3.280999999999999889e-02 3.199600000000000222e-01 9.610000000000000486e-03
1.889502512562814118e+01 8.899999999999999578e-02 3.277999999999999664e-02 3.196200000000000152e-01 9.560000000000000789e-03
1.899547738693467380e+01 8.899999999999999578e-02 3.275000000000000133e-02 3.192900000000000182e-01 9.520000000000000684e-03
1.909592964824120642e+01 8.899999999999999578e-02 3.271999999999999909e-02 3.189799999999999858e-01 9.480000000000000579e-03
1.919638190954773904e+01 8.899999999999999578e-02 3.269999999999999990e-02 3.186499999999999888e-01 9.440000000000000474e-03
1.929683417085427166e+01 8.899999999999999578e-02 3.268000000000000071e-02 3.183000000000000274e-01 9.409999999999999962e-03
1.939728643216080428e+01 8.899999999999999578e-02 3.266000000000000153e-02 3.179799999999999849e-01 9.379999999999999449e-03
1.949773869346733690e+01 8.999999999999999667e-02 3.264999999999999847e-02 3.176100000000000034e-01 9.350000000000000672e-03
1.959819095477386952e+01 8.999999999999999667e-02 3.262999999999999928e-02 3.172499999999999765e-01 9.329999999999999752e-03
1.969864321608040214e+01 8.999999999999999667e-02 3.259999999999999704e-02 3.168799999999999950e-01 9.299999999999999239e-03
1.979909547738693476e+01 8.999999999999999667e-02 3.248999999999999805e-02 3.166399999999999770e-01 9.199999999999999845e-03
1.989954773869346738e+01 8.999999999999999667e-02 3.237000000000000294e-02 3.164399999999999991e-01 9.100000000000000450e-03
2.000000000000000000e+01 8.999999999999999667e-02 3.225999999999999701e-02 3.162599999999999856e-01 8.989999999999999727e-03
