3.113567839195979792e-01 1.859999999999999987e-01 1.157000000000000042e-02 3.009899999999999798e-01 5.420000000000000338e-03
4.118090452261306544e-01 1.239999999999999991e-01 4.111500000000000155e-01 7.923900000000000388e-01 3.144600000000000173e-01
5.122613065326633297e-01 1.250000000000000000e-01 4.225300000000000167e-01 7.891000000000000236e-01 3.264699999999999824e-01
6.127135678391959495e-01 1.610000000000000042e-01 7.464999999999999414e-02 5.264299999999999535e-01 4.664000000000000090e-02
7.131658291457286802e-01 1.529999999999999971e-01 7.770000000000000517e-02 5.136500000000000510e-01 4.347000000000000169e-02
8.136180904522613000e-01 1.529999999999999971e-01 7.997999999999999554e-02 5.033400000000000096e-01 4.327999999999999903e-02
9.140703517587939197e-01 1.539999999999999980e-01 8.112999999999999379e-02 4.824300000000000255e-01 4.363999999999999824e-02
1.014522613065326651e+00 8.100000000000000255e-02 8.863000000000000045e-02 5.721000000000000529e-01 4.490999999999999853e-02
1.114974874371859270e+00 8.100000000000000255e-02 8.201999999999999569e-02 5.531899999999999595e-01 3.882000000000000034e-02
1.215427135678391890e+00 8.200000000000000344e-02 7.663000000000000367e-02 5.381700000000000372e-01 3.443999999999999839e-02
1.315879396984924510e+00 8.100000000000000255e-02 7.205999999999999905e-02 5.254299999999999526e-01 3.110999999999999877e-02
1.416331658291457352e+00 8.100000000000000255e-02 8.383000000000000174e-02 5.562700000000000422e-01 3.506000000000000089e-02
1.516783919597989971e+00 8.000000000000000167e-02 9.927999999999999325e-02 5.972199999999999731e-01 3.917000000000000343e-02
1.617236180904522591e+00 7.900000000000000078e-02 1.100700000000000012e-01 6.259500000000000064e-01 4.193999999999999811e-02
1.717688442211055211e+00 8.000000000000000167e-02 1.172099999999999947e-01 6.439300000000000024e-01 4.404999999999999888e-02
1.818140703517587831e+00 8.000000000000000167e-02 1.207499999999999962e-01 6.500200000000000422e-01 4.619999999999999801e-02
1.918592964824120672e+00 8.100000000000000255e-02 1.228400000000000047e-01 6.478500000000000369e-01 4.816000000000000142e-02
2.019045226130653070e+00 8.200000000000000344e-02 1.237400000000000028e-01 6.437100000000000044e-01 4.798000000000000181e-02
2.119497487437185690e+00 8.200000000000000344e-02 1.248100000000000043e-01 6.468099999999999961e-01 4.605999999999999678e-02
2.219949748743718310e+00 8.200000000000000344e-02 1.236300000000000038e-01 6.403400000000000203e-01 4.565999999999999920e-02
2.320402010050250929e+00 8.200000000000000344e-02 1.184100000000000014e-01 6.171100000000000474e-01 4.578999999999999737e-02
2.420854271356783549e+00 8.200000000000000344e-02 1.151400000000000062e-01 6.048599999999999532e-01 4.449000000000000177e-02
2.521306532663316169e+00 8.200000000000000344e-02 1.139600000000000057e-01 6.020400000000000196e-01 4.320000000000000229e-02
2.621758793969848789e+00 8.200000000000000344e-02 1.127100000000000046e-01 5.989900000000000224e-01 4.193999999999999811e-02
2.722211055276381853e+00 8.200000000000000344e-02 1.101800000000000002e-01 5.947500000000000009e-01 4.052000000000000046e-02
2.822663316582914472e+00 8.200000000000000344e-02 1.039700000000000069e-01 5.869600000000000373e-01 3.817000000000000254e-02
2.923115577889447092e+00 8.200000000000000344e-02 9.449000000000000454e-02 5.757200000000000095e-01 3.456999999999999656e-02
3.023567839195979712e+00 8.200000000000000344e-02 8.798000000000000265e-02 5.672599999999999865e-01 3.248000000000000193e-02
3.124020100502512332e+00 8.200000000000000344e-02 8.480000000000000038e-02 5.635900000000000354e-01 3.122000000000000122e-02
3.224472361809044951e+00 8.200000000000000344e-02 8.266999999999999349e-02 5.611099999999999977e-01 2.959000000000000172e-02
3.324924623115577571e+00 8.200000000000000344e-02 8.237999999999999490e-02 5.609600000000000142e-01 2.843000000000000041e-02
3.425376884422110191e+00 8.200000000000000344e-02 8.262999999999999512e-02 5.611300000000000177e-01 2.748000000000000095e-02
3.525829145728642811e+00 8.200000000000000344e-02 8.239000000000000490e-02 5.600000000000000533e-01 2.656999999999999987e-02
3.626281407035175430e+00 8.200000000000000344e-02 8.230999999999999428e-02 5.588999999999999524e-01 2.577000000000000124e-02
3.726733668341708050e+00 8.200000000000000344e-02 8.243999999999999939e-02 5.582399999999999585e-01 2.518000000000000099e-02
3.827185929648241114e+00 8.200000000000000344e-02 8.290000000000000147e-02 5.581300000000000150e-01 2.470999999999999933e-02
3.927638190954773734e+00 8.200000000000000344e-02 8.355999999999999539e-02 5.577999999999999625e-01 2.440000000000000155e-02
4.028090452261306353e+00 8.200000000000000344e-02 8.387999999999999623e-02 5.566499999999999782e-01 2.414000000000000173e-02
4.128542713567838973e+00 8.200000000000000344e-02 8.409999999999999420e-02 5.550899999999999723e-01 2.376999999999999946e-02
4.228994974874371593e+00 8.300000000000000433e-02 8.376999999999999724e-02 5.516199999999999992e-01 2.343999999999999903e-02
4.329447236180904213e+00 8.300000000000000433e-02 8.404000000000000359e-02 5.488800000000000345e-01 2.316999999999999962e-02
4.429899497487436832e+00 8.300000000000000433e-02 8.433000000000000218e-02 5.452599999999999669e-01 2.271000000000000102e-02
4.530351758793969452e+00 8.300000000000000433e-02 8.490999999999999936e-02 5.425499999999999767e-01 2.233999999999999875e-02
4.630804020100502072e+00 8.300000000000000433e-02 8.526000000000000245e-02 5.387100000000000222e-01 2.183999999999999830e-02
4.731256281407034692e+00 8.300000000000000433e-02 8.576000000000000290e-02 5.338500000000000467e-01 2.120000000000000009e-02
4.831708542713567311e+00 8.300000000000000433e-02 8.648999999999999744e-02 5.291500000000000092e-01 2.072999999999999843e-02
4.932160804020099931e+00 8.500000000000000611e-02 8.669000000000000317e-02 4.881800000000000028e-01 1.941999999999999976e-02
5.032613065326632551e+00 8.500000000000000611e-02 8.919000000000000539e-02 4.753700000000000148e-01 2.146999999999999950e-02
5.133065326633165171e+00 8.500000000000000611e-02 9.210999999999999743e-02 4.661899999999999933e-01 2.414000000000000173e-02
5.233517587939697790e+00 8.599999999999999312e-02 9.478999999999999926e-02 4.567100000000000048e-01 2.647000000000000047e-02
5.333969849246230410e+00 8.699999999999999400e-02 9.736000000000000210e-02 4.394299999999999873e-01 2.876000000000000084e-02
5.434422110552763918e+00 8.799999999999999489e-02 9.937999999999999612e-02 4.269800000000000262e-01 3.038000000000000075e-02
5.534874371859296538e+00 8.799999999999999489e-02 1.013499999999999956e-01 4.236699999999999910e-01 3.113000000000000142e-02
5.635326633165829158e+00 8.899999999999999578e-02 1.032200000000000062e-01 4.206099999999999839e-01 3.184000000000000025e-02
5.735778894472361777e+00 8.899999999999999578e-02 1.049199999999999994e-01 4.187299999999999911e-01 3.210999999999999965e-02
5.836231155778894397e+00 8.899999999999999578e-02 1.064500000000000030e-01 4.166799999999999948e-01 3.207999999999999741e-02
5.936683417085427017e+00 8.899999999999999578e-02 1.079399999999999943e-01 4.142100000000000226e-01 3.210999999999999965e-02
6.037135678391959637e+00 8.999999999999999667e-02 1.095799999999999969e-01 4.120199999999999974e-01 3.234000000000000069e-02
6.137587939698492256e+00 8.999999999999999667e-02 1.114600000000000035e-01 4.100900000000000101e-01 3.278999999999999970e-02
6.238040201005024876e+00 8.999999999999999667e-02 1.133300000000000002e-01 4.083999999999999853e-01 3.330999999999999933e-02
6.338492462311557496e+00 8.999999999999999667e-02 1.151599999999999985e-01 4.068700000000000094e-01 3.388000000000000039e-02
6.438944723618090116e+00 8.999999999999999667e-02 1.169499999999999984e-01 4.054900000000000171e-01 3.448999999999999982e-02
6.539396984924622735e+00 9.099999999999999756e-02 1.188000000000000028e-01 4.045099999999999807e-01 3.524999999999999661e-02
6.639849246231155355e+00 9.099999999999999756e-02 1.206600000000000034e-01 4.036600000000000188e-01 3.606999999999999790e-02
6.740301507537687975e+00 9.099999999999999756e-02 1.225900000000000045e-01 4.029099999999999904e-01 3.697999999999999898e-02
6.840753768844220595e+00 9.099999999999999756e-02 1.245600000000000041e-01 4.022899999999999809e-01 3.796000000000000069e-02
6.941206030150753215e+00 9.099999999999999756e-02 1.265199999999999936e-01 4.017399999999999860e-01 3.898999999999999688e-02
7.041658291457285834e+00 9.099999999999999756e-02 1.284599999999999909e-01 4.012600000000000056e-01 4.007000000000000145e-02
7.142110552763818454e+00 9.099999999999999756e-02 1.303700000000000137e-01 4.008800000000000141e-01 4.118000000000000133e-02
7.242562814070351074e+00 9.099999999999999756e-02 1.322500000000000064e-01 4.005500000000000171e-01 4.232000000000000345e-02
7.343015075376883694e+00 9.099999999999999756e-02 1.340899999999999870e-01 4.003399999999999737e-01 4.347000000000000169e-02
7.443467336683416313e+00 9.099999999999999756e-02 1.359499999999999875e-01 4.002299999999999747e-01 4.467000000000000137e-02
7.543919597989949821e+00 9.199999999999999845e-02 1.378500000000000003e-01 4.002299999999999747e-01 4.585999999999999799e-02
7.644371859296482441e+00 9.199999999999999845e-02 1.396900000000000086e-01 4.002600000000000047e-01 4.705999999999999767e-02
7.744824120603015061e+00 9.199999999999999845e-02 1.414999999999999869e-01 4.002899999999999792e-01 4.825000000000000122e-02
7.845276381909547680e+00 9.199999999999999845e-02 1.432799999999999907e-01 4.003300000000000192e-01 4.945999999999999702e-02
7.945728643216080300e+00 9.199999999999999845e-02 1.449900000000000078e-01 4.003499999999999837e-01 5.063999999999999752e-02
8.046180904522612920e+00 9.199999999999999845e-02 1.466999999999999971e-01 4.004199999999999982e-01 5.186999999999999944e-02
8.146633165829145540e+00 9.199999999999999845e-02 1.484099999999999864e-01 4.004900000000000126e-01 5.312999999999999667e-02
8.247085427135678160e+00 9.199999999999999845e-02 1.500599999999999989e-01 4.005299999999999971e-01 5.437000000000000166e-02
8.347537688442210779e+00 9.199999999999999845e-02 1.515499999999999903e-01 4.005000000000000226e-01 5.555000000000000215e-02
8.447989949748743399e+00 9.199999999999999845e-02 1.530199999999999894e-01 4.004800000000000026e-01 5.673999999999999877e-02
8.548442211055276019e+00 9.199999999999999845e-02 1.545900000000000052e-01 4.005000000000000226e-01 5.815000000000000030e-02
8.648894472361808639e+00 9.199999999999999845e-02 1.564000000000000112e-01 4.007399999999999851e-01 6.020999999999999963e-02
8.749346733668341258e+00 9.199999999999999845e-02 1.582800000000000040e-01 4.010600000000000276e-01 6.233000000000000346e-02
8.849798994974873878e+00 9.199999999999999845e-02 1.601700000000000068e-01 4.013700000000000045e-01 6.450000000000000178e-02
8.950251256281406498e+00 9.199999999999999845e-02 1.624700000000000033e-01 4.018900000000000250e-01 6.708000000000000074e-02
9.050703517587939118e+00 9.199999999999999845e-02 1.647399999999999975e-01 4.024199999999999999e-01 6.965999999999999970e-02
9.151155778894471737e+00 9.199999999999999845e-02 1.671700000000000130e-01 4.031100000000000239e-01 7.241999999999999826e-02
9.251608040201004357e+00 9.199999999999999845e-02 1.696400000000000130e-01 4.038999999999999813e-01 7.532999999999999419e-02
9.352060301507536977e+00 9.199999999999999845e-02 1.720899999999999930e-01 4.046699999999999742e-01 7.825999999999999623e-02
9.452512562814069597e+00 9.199999999999999845e-02 1.744799999999999962e-01 4.054099999999999926e-01 8.114000000000000379e-02
9.552964824120602216e+00 9.199999999999999845e-02 1.768299999999999872e-01 4.061199999999999810e-01 8.400000000000000522e-02
9.653417085427134836e+00 9.199999999999999845e-02 1.781200000000000006e-01 4.066899999999999959e-01 8.562000000000000166e-02
9.753869346733667456e+00 9.199999999999999845e-02 1.792100000000000082e-01 4.073100000000000054e-01 8.699999999999999400e-02
9.854321608040200076e+00 9.199999999999999845e-02 1.800499999999999878e-01 4.078899999999999748e-01 8.809000000000000163e-02
9.954773869346732695e+00 9.199999999999999845e-02 1.808500000000000107e-01 4.089200000000000057e-01 8.909000000000000252e-02
1.005522613065326532e+01 9.199999999999999845e-02 1.816000000000000114e-01 4.098499999999999921e-01 9.007999999999999341e-02
1.015567839195979793e+01 9.099999999999999756e-02 1.823799999999999866e-01 4.107500000000000040e-01 9.109000000000000430e-02
1.025613065326633055e+01 9.099999999999999756e-02 1.831599999999999895e-01 4.115800000000000014e-01 9.211999999999999356e-02
1.035658291457286317e+01 9.099999999999999756e-02 1.839899999999999869e-01 4.124300000000000188e-01 9.317000000000000282e-02
1.045703517587939579e+01 9.099999999999999756e-02 1.850300000000000000e-01 4.135199999999999987e-01 9.428000000000000269e-02
1.055748743718592841e+01 9.099999999999999756e-02 1.860100000000000087e-01 4.144900000000000251e-01 9.536000000000000032e-02
1.065793969849246103e+01 9.099999999999999756e-02 1.868599999999999983e-01 4.154300000000000215e-01 9.640999999999999570e-02
1.075839195979899543e+01 9.099999999999999756e-02 1.877800000000000025e-01 4.163700000000000179e-01 9.755999999999999395e-02
1.085884422110552805e+01 9.099999999999999756e-02 1.885499999999999954e-01 4.172100000000000253e-01 9.854999999999999871e-02
1.095929648241206067e+01 9.099999999999999756e-02 1.891100000000000003e-01 4.179399999999999782e-01 9.916999999999999427e-02
1.105974874371859329e+01 9.099999999999999756e-02 1.895799999999999985e-01 4.185800000000000076e-01 9.969999999999999696e-02
1.116020100502512591e+01 9.099999999999999756e-02 1.900100000000000122e-01 4.191400000000000126e-01 1.002399999999999958e-01
1.126065326633165853e+01 9.099999999999999756e-02 1.908199999999999896e-01 4.197500000000000120e-01 1.012399999999999967e-01
1.136110552763819115e+01 9.099999999999999756e-02 1.916599999999999970e-01 4.203999999999999959e-01 1.022799999999999959e-01
1.146155778894472377e+01 9.099999999999999756e-02 1.925099999999999867e-01 4.210400000000000253e-01 1.033199999999999952e-01
1.156201005025125639e+01 9.099999999999999756e-02 1.933300000000000018e-01 4.217500000000000138e-01 1.042700000000000016e-01
1.166246231155778901e+01 9.099999999999999756e-02 1.942200000000000037e-01 4.223700000000000232e-01 1.052600000000000063e-01
1.176291457286432163e+01 9.099999999999999756e-02 1.950999999999999956e-01 4.229600000000000026e-01 1.062499999999999972e-01
1.186336683417085425e+01 9.099999999999999756e-02 1.957500000000000073e-01 4.234600000000000031e-01 1.069699999999999956e-01
1.196381909547738687e+01 9.099999999999999756e-02 1.962899999999999923e-01 4.238999999999999990e-01 1.076000000000000012e-01
1.206427135678391949e+01 9.099999999999999756e-02 1.968100000000000127e-01 4.242799999999999905e-01 1.082000000000000045e-01
1.216472361809045211e+01 9.099999999999999756e-02 1.978399999999999881e-01 4.247699999999999809e-01 1.095499999999999946e-01
1.226517587939698473e+01 9.099999999999999756e-02 1.992099999999999982e-01 4.253700000000000259e-01 1.114099999999999951e-01
1.236562814070351735e+01 9.099999999999999756e-02 2.010000000000000120e-01 4.261400000000000188e-01 1.137600000000000000e-01
1.246608040201004997e+01 9.099999999999999756e-02 2.027200000000000113e-01 4.269100000000000117e-01 1.160100000000000020e-01
1.256653266331658259e+01 9.099999999999999756e-02 2.044300000000000006e-01 4.276699999999999946e-01 1.182700000000000001e-01
1.266698492462311521e+01 9.099999999999999756e-02 2.061699999999999922e-01 4.283899999999999930e-01 1.205500000000000044e-01
1.276743718592964782e+01 9.099999999999999756e-02 2.082799999999999929e-01 4.293100000000000249e-01 1.233000000000000068e-01
1.286788944723618044e+01 8.999999999999999667e-02 2.107199999999999906e-01 4.304100000000000148e-01 1.263400000000000079e-01
1.296834170854271306e+01 8.999999999999999667e-02 2.131899999999999906e-01 4.314799999999999747e-01 1.293999999999999873e-01
1.306879396984924568e+01 8.999999999999999667e-02 2.156000000000000139e-01 4.324500000000000011e-01 1.323799999999999977e-01
1.316924623115577830e+01 8.999999999999999667e-02 2.180199999999999916e-01 4.334500000000000020e-01 1.353900000000000103e-01
1.326969849246231092e+01 8.999999999999999667e-02 2.194800000000000084e-01 4.344600000000000128e-01 1.368399999999999894e-01
1.337015075376884354e+01 8.999999999999999667e-02 2.208299999999999985e-01 4.354399999999999937e-01 1.380899999999999905e-01
1.347060301507537616e+01 8.999999999999999667e-02 2.221599999999999964e-01 4.363799999999999901e-01 1.393199999999999994e-01
1.357105527638190878e+01 8.999999999999999667e-02 2.239899999999999947e-01 4.373400000000000065e-01 1.411799999999999999e-01
1.367150753768844140e+01 8.999999999999999667e-02 2.257800000000000085e-01 4.382599999999999829e-01 1.429999999999999882e-01
1.377195979899497402e+01 8.999999999999999667e-02 2.274799999999999878e-01 4.391300000000000203e-01 1.447100000000000053e-01
1.387241206030150664e+01 8.999999999999999667e-02 2.291400000000000103e-01 4.399700000000000277e-01 1.463500000000000079e-01
1.397286432160803926e+01 8.999999999999999667e-02 2.306900000000000062e-01 4.407900000000000151e-01 1.477999999999999869e-01
1.407331658291457188e+01 8.999999999999999667e-02 2.321900000000000075e-01 4.416499999999999870e-01 1.491699999999999970e-01
1.417376884422110450e+01 8.999999999999999667e-02 2.336799999999999988e-01 4.427800000000000069e-01 1.506500000000000061e-01
1.427422110552763712e+01 8.999999999999999667e-02 2.351600000000000079e-01 4.439100000000000268e-01 1.521299999999999875e-01
1.437467336683416974e+01 8.999999999999999667e-02 2.368200000000000027e-01 4.450899999999999856e-01 1.538400000000000045e-01
1.447512562814070236e+01 8.999999999999999667e-02 2.385799999999999865e-01 4.461899999999999755e-01 1.556899999999999951e-01
1.457557788944723498e+01 8.999999999999999667e-02 2.404300000000000048e-01 4.472900000000000209e-01 1.576899999999999968e-01
1.467603015075376760e+01 8.999999999999999667e-02 2.422999999999999876e-01 4.483500000000000263e-01 1.598600000000000021e-01
1.477648241206030022e+01 8.999999999999999667e-02 2.441399999999999959e-01 4.492999999999999772e-01 1.620099999999999874e-01
1.487693467336683284e+01 8.899999999999999578e-02 2.464099999999999902e-01 4.503699999999999926e-01 1.645899999999999863e-01
1.497738693467336546e+01 8.899999999999999578e-02 2.488900000000000001e-01 4.515500000000000069e-01 1.673499999999999988e-01
1.507783919597989986e+01 8.899999999999999578e-02 2.513900000000000023e-01 4.526899999999999813e-01 1.701199999999999934e-01
1.517829145728643248e+01 8.899999999999999578e-02 2.540499999999999980e-01 4.538200000000000012e-01 1.731300000000000061e-01
1.527874371859296510e+01 8.899999999999999578e-02 2.567300000000000137e-01 4.549300000000000010e-01 1.761500000000000010e-01
1.537919597989949771e+01 8.899999999999999578e-02 2.594699999999999784e-01 4.560500000000000109e-01 1.792600000000000027e-01
1.547964824120603033e+01 8.899999999999999578e-02 2.626000000000000001e-01 4.570299999999999918e-01 1.829900000000000138e-01
1.558010050251256295e+01 8.899999999999999578e-02 2.656700000000000172e-01 4.579500000000000237e-01 1.866800000000000126e-01
1.568055276381909557e+01 8.899999999999999578e-02 2.686700000000000199e-01 4.588599999999999901e-01 1.903499999999999914e-01
1.578100502512562819e+01 8.899999999999999578e-02 2.713099999999999956e-01 4.600299999999999945e-01 1.935499999999999998e-01
1.588145728643216081e+01 8.899999999999999578e-02 2.739500000000000268e-01 4.612700000000000133e-01 1.967899999999999927e-01
1.598190954773869343e+01 8.899999999999999578e-02 2.767800000000000260e-01 4.624699999999999922e-01 2.001900000000000068e-01
1.608236180904522783e+01 8.899999999999999578e-02 2.798900000000000277e-01 4.636600000000000166e-01 2.039700000000000124e-01
1.618281407035176045e+01 8.899999999999999578e-02 2.832200000000000273e-01 4.648399999999999754e-01 2.080500000000000127e-01
1.628326633165829307e+01 8.899999999999999578e-02 2.865699999999999914e-01 4.659699999999999953e-01 2.121599999999999875e-01
1.638371859296482569e+01 8.899999999999999578e-02 2.897500000000000075e-01 4.671399999999999997e-01 2.160700000000000121e-01
1.648417085427135831e+01 8.899999999999999578e-02 2.928499999999999992e-01 4.683200000000000141e-01 2.198900000000000021e-01
1.658462311557789093e+01 8.899999999999999578e-02 2.959200000000000164e-01 4.694599999999999884e-01 2.236799999999999899e-01
1.668507537688442355e+01 8.899999999999999578e-02 2.989999999999999880e-01 4.705799999999999983e-01 2.274899999999999978e-01
1.678552763819095617e+01 8.899999999999999578e-02 3.021400000000000197e-01 4.716500000000000137e-01 2.313900000000000123e-01
1.688597989949748879e+01 8.899999999999999578e-02 3.050999999999999823e-01 4.727700000000000236e-01 2.350299999999999889e-01
1.698643216080402141e+01 8.799999999999999489e-02 3.080399999999999805e-01 4.738200000000000189e-01 2.386500000000000010e-01
1.708688442211055403e+01 8.799999999999999489e-02 3.110200000000000187e-01 4.748299999999999743e-01 2.423500000000000099e-01
1.718733668341708665e+01 8.799999999999999489e-02 3.144100000000000228e-01 4.758299999999999752e-01 2.466000000000000136e-01
1.728778894472361927e+01 8.799999999999999489e-02 3.181499999999999884e-01 4.768600000000000061e-01 2.512499999999999734e-01
1.738824120603015189e+01 8.799999999999999489e-02 3.219099999999999739e-01 4.778800000000000270e-01 2.559500000000000108e-01
1.748869346733668451e+01 8.799999999999999489e-02 3.256399999999999850e-01 4.788600000000000079e-01 2.606100000000000083e-01
1.758914572864321713e+01 8.799999999999999489e-02 3.297100000000000031e-01 4.798000000000000043e-01 2.657100000000000017e-01
1.768959798994974975e+01 8.799999999999999489e-02 3.337600000000000011e-01 4.806900000000000062e-01 2.707600000000000007e-01
1.779005025125628237e+01 8.799999999999999489e-02 3.380500000000000171e-01 4.815200000000000036e-01 2.761500000000000066e-01
1.789050251256281499e+01 8.799999999999999489e-02 3.421699999999999742e-01 4.822699999999999765e-01 2.813599999999999990e-01
1.799095477386934760e+01 8.799999999999999489e-02 3.462899999999999867e-01 4.830400000000000249e-01 2.865699999999999914e-01
1.809140703517588022e+01 8.799999999999999489e-02 3.502799999999999803e-01 4.837299999999999933e-01 2.916199999999999903e-01
1.819185929648241284e+01 8.799999999999999489e-02 3.541400000000000103e-01 4.844100000000000072e-01 2.965999999999999748e-01
1.829231155778894546e+01 8.799999999999999489e-02 3.576199999999999934e-01 4.851699999999999902e-01 3.011400000000000188e-01
1.839276381909547808e+01 8.799999999999999489e-02 3.611500000000000266e-01 4.859100000000000086e-01 3.057400000000000118e-01
1.849321608040201070e+01 8.799999999999999489e-02 3.646300000000000097e-01 4.866300000000000070e-01 3.102800000000000002e-01
1.859366834170854332e+01 8.799999999999999489e-02 3.680300000000000238e-01 4.873100000000000209e-01 3.147199999999999998e-01
1.869412060301507594e+01 8.799999999999999489e-02 3.714199999999999724e-01 4.879899999999999793e-01 3.191399999999999793e-01
1.879457286432160856e+01 8.799999999999999489e-02 3.748299999999999965e-01 4.886499999999999733e-01 3.235999999999999988e-01
1.889502512562814118e+01 8.799999999999999489e-02 3.780899999999999817e-01 4.893100000000000227e-01 3.278900000000000148e-01
1.899547738693467380e+01 8.799999999999999489e-02 3.816100000000000048e-01 4.899700000000000166e-01 3.324900000000000078e-01
1.909592964824120642e+01 8.699999999999999400e-02 3.851899999999999769e-01 4.906200000000000006e-01 3.371899999999999897e-01
1.919638190954773904e+01 8.699999999999999400e-02 3.887399999999999745e-01 4.912699999999999845e-01 3.418399999999999772e-01
1.929683417085427166e+01 8.699999999999999400e-02 3.922599999999999976e-01 4.918899999999999939e-01 3.464599999999999902e-01
1.939728643216080428e+01 8.699999999999999400e-02 3.956799999999999762e-01 4.925200000000000133e-01 3.509099999999999997e-01
1.949773869346733690e+01 8.699999999999999400e-02 3.989800000000000013e-01 4.930899999999999728e-01 3.552199999999999802e-01
1.959819095477386952e+01 8.699999999999999400e-02 4.026799999999999824e-01 4.936599999999999877e-01 3.600099999999999967e-01
1.969864321608040214e+01 8.699999999999999400e-02 4.065500000000000225e-01 4.942400000000000126e-01 3.650100000000000011e-01
1.979909547738693476e+01 8.699999999999999400e-02 4.105300000000000060e-01 4.948899999999999966e-01 3.700899999999999745e-01
1.989954773869346738e+01 8.699999999999999400e-02 4.145199999999999996e-01 4.955399999999999805e-01 3.751700000000000035e-01
2.000000000000000000e+01 8.699999999999999400e-02 4.185300000000000131e-01 4.962199999999999944e-01 3.802900000000000169e-01
