1.000000000000000021e-02 1.960000000000000075e-01 1.847300000000000053e-01 5.707999999999999741e-01 1.370000000000000107e-01
1.104522613065326564e-01 1.729999999999999871e-01 1.977700000000000014e-01 7.087499999999999911e-01 6.933999999999999886e-02
2.109045226130653317e-01 1.729999999999999871e-01 1.977700000000000014e-01 7.087499999999999911e-01 6.933999999999999886e-02
3.113567839195979792e-01 1.980000000000000093e-01 2.817799999999999749e-01 7.956800000000000539e-01 1.595699999999999896e-01
4.118090452261306544e-01 1.779999999999999916e-01 4.625600000000000267e-01 6.875200000000000200e-01 2.749699999999999922e-01
5.122613065326633297e-01 1.769999999999999907e-01 4.672799999999999732e-01 6.850000000000000533e-01 2.753900000000000237e-01
6.127135678391959495e-01 1.769999999999999907e-01 4.814800000000000191e-01 6.640000000000000346e-01 2.749400000000000177e-01
7.131658291457286802e-01 1.580000000000000016e-01 4.884600000000000053e-01 6.430500000000000105e-01 2.698599999999999888e-01
8.136180904522613000e-01 1.580000000000000016e-01 5.291799999999999837e-01 6.438500000000000334e-01 2.919800000000000173e-01
9.140703517587939197e-01 1.539999999999999980e-01 6.774799999999999711e-01 6.664299999999999669e-01 3.827999999999999736e-01
1.014522613065326651e+00 1.370000000000000107e-01 1.561599999999999933e-01 7.000600000000000156e-01 5.575999999999999707e-02
1.114974874371859270e+00 1.170000000000000068e-01 2.294700000000000073e-01 8.958300000000000152e-01 1.620000000000000051e-01
1.215427135678391890e+00 1.160000000000000059e-01 2.287099999999999966e-01 8.980299999999999949e-01 1.617000000000000104e-01
1.315879396984924510e+00 1.160000000000000059e-01 2.289200000000000124e-01 8.991099999999999648e-01 1.635300000000000087e-01
1.416331658291457352e+00 1.150000000000000050e-01 2.298499999999999988e-01 8.983200000000000074e-01 1.654299999999999937e-01
1.516783919597989971e+00 1.150000000000000050e-01 2.310099999999999931e-01 8.972900000000000320e-01 1.672599999999999920e-01
1.617236180904522591e+00 1.150000000000000050e-01 2.315099999999999936e-01 8.925899999999999945e-01 1.697599999999999942e-01
1.717688442211055211e+00 1.140000000000000041e-01 2.327799999999999869e-01 8.845499999999999474e-01 1.737400000000000055e-01
1.818140703517587831e+00 1.150000000000000050e-01 2.388500000000000068e-01 8.733800000000000452e-01 1.826899999999999913e-01
1.918592964824120672e+00 1.150000000000000050e-01 2.451399999999999968e-01 8.692199999999999926e-01 1.907699999999999951e-01
2.019045226130653070e+00 1.150000000000000050e-01 2.499399999999999955e-01 8.693899999999999961e-01 1.967299999999999882e-01
2.119497487437185690e+00 1.150000000000000050e-01 2.542499999999999760e-01 8.701600000000000446e-01 2.019100000000000061e-01
2.219949748743718310e+00 1.150000000000000050e-01 2.583300000000000041e-01 8.706099999999999950e-01 2.068699999999999983e-01
2.320402010050250929e+00 1.150000000000000050e-01 2.612300000000000177e-01 8.703199999999999825e-01 2.109499999999999986e-01
2.420854271356783549e+00 1.150000000000000050e-01 2.646499999999999964e-01 8.688599999999999657e-01 2.152600000000000069e-01
2.521306532663316169e+00 1.160000000000000059e-01 2.680799999999999850e-01 8.671299999999999564e-01 2.194299999999999862e-01
2.621758793969848789e+00 1.160000000000000059e-01 2.719199999999999950e-01 8.649599999999999511e-01 2.238199999999999912e-01
2.722211055276381853e+00 1.160000000000000059e-01 2.746999999999999997e-01 8.622600000000000264e-01 2.267599999999999894e-01
2.822663316582914472e+00 1.170000000000000068e-01 2.768499999999999850e-01 8.590499999999999803e-01 2.287800000000000111e-01
2.923115577889447092e+00 1.170000000000000068e-01 2.803499999999999881e-01 8.550299999999999567e-01 2.324199999999999877e-01
3.023567839195979712e+00 1.179999999999999938e-01 2.853299999999999725e-01 8.498799999999999688e-01 2.374300000000000022e-01
3.124020100502512332e+00 1.179999999999999938e-01 2.898899999999999810e-01 8.455300000000000038e-01 2.420700000000000074e-01
3.224472361809044951e+00 1.179999999999999938e-01 2.944999999999999840e-01 8.425799999999999956e-01 2.467100000000000126e-01
3.324924623115577571e+00 1.179999999999999938e-01 2.985400000000000276e-01 8.408700000000000063e-01 2.508199999999999874e-01
3.425376884422110191e+00 1.179999999999999938e-01 3.022400000000000087e-01 8.394500000000000295e-01 2.547699999999999965e-01
3.525829145728642811e+00 1.189999999999999947e-01 3.067199999999999926e-01 8.372800000000000242e-01 2.596499999999999919e-01
3.626281407035175430e+00 1.189999999999999947e-01 3.106599999999999917e-01 8.356400000000000494e-01 2.639000000000000234e-01
3.726733668341708050e+00 1.189999999999999947e-01 3.141999999999999793e-01 8.342399999999999816e-01 2.679099999999999815e-01
3.827185929648241114e+00 1.189999999999999947e-01 3.175899999999999834e-01 8.327299999999999702e-01 2.717899999999999761e-01
3.927638190954773734e+00 1.189999999999999947e-01 3.204199999999999826e-01 8.311199999999999699e-01 2.749900000000000122e-01
4.028090452261306353e+00 1.189999999999999947e-01 3.228800000000000003e-01 8.300199999999999800e-01 2.777600000000000069e-01
4.128542713567838973e+00 1.189999999999999947e-01 3.251999999999999891e-01 8.286299999999999777e-01 2.803700000000000081e-01
4.228994974874371593e+00 1.199999999999999956e-01 3.273699999999999943e-01 8.276499999999999968e-01 2.828200000000000158e-01
4.329447236180904213e+00 1.199999999999999956e-01 3.295000000000000151e-01 8.274599999999999733e-01 2.851899999999999991e-01
4.429899497487436832e+00 1.199999999999999956e-01 3.318099999999999938e-01 8.263700000000000490e-01 2.876500000000000168e-01
4.530351758793969452e+00 1.199999999999999956e-01 3.341399999999999926e-01 8.245700000000000252e-01 2.900800000000000045e-01
4.630804020100502072e+00 1.199999999999999956e-01 3.366000000000000103e-01 8.225500000000000034e-01 2.927100000000000257e-01
4.731256281407034692e+00 1.199999999999999956e-01 3.387700000000000156e-01 8.206999999999999851e-01 2.950300000000000145e-01
4.831708542713567311e+00 1.199999999999999956e-01 3.408399999999999763e-01 8.191399999999999793e-01 2.972600000000000242e-01
4.932160804020099931e+00 1.189999999999999947e-01 3.425799999999999956e-01 8.181300000000000239e-01 2.990200000000000080e-01
5.032613065326632551e+00 1.189999999999999947e-01 3.439599999999999880e-01 8.169899999999999940e-01 3.003500000000000059e-01
5.133065326633165171e+00 1.189999999999999947e-01 3.446699999999999764e-01 8.157400000000000206e-01 3.008700000000000263e-01
5.233517587939697790e+00 1.189999999999999947e-01 3.449099999999999944e-01 8.146099999999999453e-01 3.008899999999999908e-01
5.333969849246230410e+00 1.189999999999999947e-01 3.438100000000000045e-01 8.136499999999999844e-01 2.993899999999999895e-01
5.434422110552763918e+00 1.189999999999999947e-01 3.432600000000000096e-01 8.125099999999999545e-01 2.985800000000000121e-01
5.534874371859296538e+00 1.179999999999999938e-01 3.430599999999999761e-01 8.114099999999999646e-01 2.982099999999999751e-01
5.635326633165829158e+00 1.179999999999999938e-01 3.437100000000000155e-01 8.097400000000000153e-01 2.987900000000000000e-01
5.735778894472361777e+00 1.179999999999999938e-01 3.451899999999999968e-01 8.075499999999999901e-01 3.004000000000000004e-01
5.836231155778894397e+00 1.179999999999999938e-01 3.467999999999999972e-01 8.054200000000000248e-01 3.021699999999999942e-01
5.936683417085427017e+00 1.179999999999999938e-01 3.481699999999999795e-01 8.034900000000000375e-01 3.036599999999999855e-01
6.037135678391959637e+00 1.179999999999999938e-01 3.493999999999999884e-01 8.018100000000000227e-01 3.049999999999999933e-01
6.137587939698492256e+00 1.179999999999999938e-01 3.504099999999999993e-01 8.003700000000000259e-01 3.061099999999999932e-01
6.238040201005024876e+00 1.170000000000000068e-01 3.512199999999999767e-01 7.986699999999999910e-01 3.069799999999999751e-01
6.338492462311557496e+00 1.170000000000000068e-01 3.519999999999999796e-01 7.968499999999999472e-01 3.078199999999999825e-01
6.438944723618090116e+00 1.170000000000000068e-01 3.527299999999999880e-01 7.951799999999999979e-01 3.086099999999999954e-01
6.539396984924622735e+00 1.170000000000000068e-01 3.536599999999999744e-01 7.934700000000000086e-01 3.096300000000000163e-01
6.639849246231155355e+00 1.170000000000000068e-01 3.549700000000000077e-01 7.917300000000000448e-01 3.110700000000000132e-01
6.740301507537687975e+00 1.170000000000000068e-01 3.567699999999999760e-01 7.896800000000000486e-01 3.131800000000000139e-01
6.840753768844220595e+00 1.170000000000000068e-01 3.587600000000000233e-01 7.877100000000000213e-01 3.155299999999999772e-01
6.941206030150753215e+00 1.170000000000000068e-01 3.608100000000000196e-01 7.856699999999999795e-01 3.179600000000000204e-01
7.041658291457285834e+00 1.170000000000000068e-01 3.626300000000000079e-01 7.835400000000000142e-01 3.200799999999999756e-01
7.142110552763818454e+00 1.170000000000000068e-01 3.643899999999999917e-01 7.810500000000000220e-01 3.220999999999999974e-01
7.242562814070351074e+00 1.170000000000000068e-01 3.660300000000000220e-01 7.786199999999999788e-01 3.239500000000000157e-01
7.343015075376883694e+00 1.170000000000000068e-01 3.676499999999999768e-01 7.761599999999999611e-01 3.257800000000000140e-01
7.443467336683416313e+00 1.170000000000000068e-01 3.693000000000000171e-01 7.740200000000000413e-01 3.276299999999999768e-01
7.543919597989949821e+00 1.170000000000000068e-01 3.703199999999999825e-01 7.718899999999999650e-01 3.287399999999999767e-01
7.644371859296482441e+00 1.170000000000000068e-01 3.713000000000000189e-01 7.696100000000000163e-01 3.298300000000000121e-01
7.744824120603015061e+00 1.170000000000000068e-01 3.723099999999999743e-01 7.675800000000000400e-01 3.309199999999999919e-01
7.845276381909547680e+00 1.170000000000000068e-01 3.734700000000000242e-01 7.655499999999999527e-01 3.321999999999999953e-01
7.945728643216080300e+00 1.160000000000000059e-01 3.746099999999999985e-01 7.636199999999999655e-01 3.334599999999999786e-01
8.046180904522612920e+00 1.160000000000000059e-01 3.756800000000000139e-01 7.615600000000000147e-01 3.346500000000000030e-01
8.146633165829145540e+00 1.160000000000000059e-01 3.769000000000000128e-01 7.596100000000000074e-01 3.360099999999999754e-01
8.247085427135678160e+00 1.160000000000000059e-01 3.781900000000000261e-01 7.577700000000000546e-01 3.374800000000000022e-01
8.347537688442210779e+00 1.160000000000000059e-01 3.799600000000000199e-01 7.557700000000000529e-01 3.395299999999999985e-01
8.447989949748743399e+00 1.160000000000000059e-01 3.818199999999999927e-01 7.537300000000000111e-01 3.417000000000000037e-01
8.548442211055276019e+00 1.160000000000000059e-01 3.836899999999999755e-01 7.516300000000000203e-01 3.438800000000000190e-01
8.648894472361808639e+00 1.160000000000000059e-01 3.855299999999999838e-01 7.493900000000000006e-01 3.460599999999999787e-01
8.749346733668341258e+00 1.160000000000000059e-01 3.874400000000000066e-01 7.471600000000000463e-01 3.482999999999999985e-01
8.849798994974873878e+00 1.160000000000000059e-01 3.894599999999999729e-01 7.449799999999999756e-01 3.506699999999999817e-01
8.950251256281406498e+00 1.160000000000000059e-01 3.915799999999999836e-01 7.428299999999999903e-01 3.531799999999999939e-01
9.050703517587939118e+00 1.160000000000000059e-01 3.937399999999999789e-01 7.407799999999999940e-01 3.557400000000000007e-01
9.151155778894471737e+00 1.160000000000000059e-01 3.958099999999999952e-01 7.387700000000000378e-01 3.582000000000000184e-01
9.251608040201004357e+00 1.160000000000000059e-01 3.978599999999999914e-01 7.369200000000000195e-01 3.606300000000000061e-01
9.352060301507536977e+00 1.160000000000000059e-01 3.999400000000000177e-01 7.350400000000000267e-01 3.630900000000000238e-01
9.452512562814069597e+00 1.160000000000000059e-01 4.020299999999999985e-01 7.331100000000000394e-01 3.655800000000000161e-01
9.552964824120602216e+00 1.160000000000000059e-01 4.040900000000000047e-01 7.312600000000000211e-01 3.680399999999999783e-01
9.653417085427134836e+00 1.160000000000000059e-01 4.062200000000000255e-01 7.294699999999999518e-01 3.705800000000000205e-01
9.753869346733667456e+00 1.160000000000000059e-01 4.083499999999999908e-01 7.279299999999999660e-01 3.731400000000000272e-01
9.854321608040200076e+00 1.160000000000000059e-01 4.104700000000000015e-01 7.263899999999999801e-01 3.756999999999999784e-01
9.954773869346732695e+00 1.160000000000000059e-01 4.125199999999999978e-01 7.248299999999999743e-01 3.781300000000000217e-01
1.005522613065326532e+01 1.160000000000000059e-01 4.145199999999999996e-01 7.234099999999999975e-01 3.804799999999999849e-01
1.015567839195979793e+01 1.160000000000000059e-01 4.164800000000000169e-01 7.220800000000000551e-01 3.827999999999999736e-01
1.025613065326633055e+01 1.160000000000000059e-01 4.182500000000000107e-01 7.207700000000000218e-01 3.848699999999999899e-01
1.035658291457286317e+01 1.160000000000000059e-01 4.199600000000000000e-01 7.193300000000000249e-01 3.868900000000000117e-01
1.045703517587939579e+01 1.160000000000000059e-01 4.221400000000000152e-01 7.177400000000000446e-01 3.894599999999999729e-01
1.055748743718592841e+01 1.160000000000000059e-01 4.243299999999999850e-01 7.161100000000000243e-01 3.920500000000000096e-01
1.065793969849246103e+01 1.160000000000000059e-01 4.264399999999999857e-01 7.146500000000000075e-01 3.945299999999999918e-01
1.075839195979899543e+01 1.160000000000000059e-01 4.284000000000000030e-01 7.131999999999999451e-01 3.968400000000000261e-01
1.085884422110552805e+01 1.160000000000000059e-01 4.303799999999999848e-01 7.118999999999999773e-01 3.991700000000000248e-01
1.095929648241206067e+01 1.160000000000000059e-01 4.323299999999999921e-01 7.106500000000000039e-01 4.014900000000000135e-01
1.105974874371859329e+01 1.160000000000000059e-01 4.342300000000000049e-01 7.095299999999999940e-01 4.037499999999999978e-01
1.116020100502512591e+01 1.160000000000000059e-01 4.362099999999999866e-01 7.083300000000000152e-01 4.060900000000000065e-01
1.126065326633165853e+01 1.160000000000000059e-01 4.381900000000000239e-01 7.071399999999999908e-01 4.084400000000000253e-01
1.136110552763819115e+01 1.160000000000000059e-01 4.401900000000000257e-01 7.059499999999999664e-01 4.108100000000000085e-01
1.146155778894472377e+01 1.160000000000000059e-01 4.421100000000000030e-01 7.047999999999999821e-01 4.131000000000000227e-01
1.156201005025125639e+01 1.170000000000000068e-01 4.439199999999999813e-01 7.037600000000000522e-01 4.152399999999999980e-01
1.166246231155778901e+01 1.170000000000000068e-01 4.456300000000000261e-01 7.026200000000000223e-01 4.172500000000000098e-01
1.176291457286432163e+01 1.170000000000000068e-01 4.472400000000000264e-01 7.015400000000000524e-01 4.191500000000000226e-01
1.186336683417085425e+01 1.170000000000000068e-01 4.488099999999999867e-01 7.006400000000000405e-01 4.210099999999999953e-01
1.196381909547738687e+01 1.170000000000000068e-01 4.503699999999999926e-01 6.997600000000000486e-01 4.228500000000000036e-01
1.206427135678391949e+01 1.170000000000000068e-01 4.519599999999999729e-01 6.988799999999999457e-01 4.247299999999999964e-01
1.216472361809045211e+01 1.170000000000000068e-01 4.535000000000000142e-01 6.980399999999999938e-01 4.265399999999999747e-01
1.226517587939698473e+01 1.170000000000000068e-01 4.550199999999999800e-01 6.972099999999999964e-01 4.283399999999999985e-01
1.236562814070351735e+01 1.170000000000000068e-01 4.565100000000000269e-01 6.964900000000000535e-01 4.301099999999999923e-01
1.246608040201004997e+01 1.170000000000000068e-01 4.580500000000000127e-01 6.957200000000000051e-01 4.319399999999999906e-01
1.256653266331658259e+01 1.170000000000000068e-01 4.595699999999999785e-01 6.949999999999999512e-01 4.337300000000000044e-01
1.266698492462311521e+01 1.170000000000000068e-01 4.611199999999999743e-01 6.942199999999999482e-01 4.355800000000000227e-01
1.276743718592964782e+01 1.170000000000000068e-01 4.626100000000000212e-01 6.935799999999999743e-01 4.373600000000000265e-01
1.286788944723618044e+01 1.170000000000000068e-01 4.640599999999999725e-01 6.930399999999999894e-01 4.390999999999999903e-01
1.296834170854271306e+01 1.170000000000000068e-01 4.655000000000000249e-01 6.925799999999999734e-01 4.408400000000000096e-01
1.306879396984924568e+01 1.170000000000000068e-01 4.669099999999999917e-01 6.921100000000000030e-01 4.425200000000000244e-01
1.316924623115577830e+01 1.170000000000000068e-01 4.682399999999999896e-01 6.916999999999999815e-01 4.441100000000000048e-01
1.326969849246231092e+01 1.170000000000000068e-01 4.696600000000000219e-01 6.913200000000000456e-01 4.458300000000000041e-01
1.337015075376884354e+01 1.170000000000000068e-01 4.710900000000000087e-01 6.909300000000000441e-01 4.475399999999999934e-01
1.347060301507537616e+01 1.170000000000000068e-01 4.724800000000000111e-01 6.905599999999999516e-01 4.492099999999999982e-01
1.357105527638190878e+01 1.170000000000000068e-01 4.738899999999999779e-01 6.901599999999999957e-01 4.509099999999999775e-01
1.367150753768844140e+01 1.170000000000000068e-01 4.752600000000000158e-01 6.898100000000000342e-01 4.525600000000000178e-01
1.377195979899497402e+01 1.170000000000000068e-01 4.766500000000000181e-01 6.893799999999999928e-01 4.542300000000000226e-01
1.387241206030150664e+01 1.170000000000000068e-01 4.779700000000000060e-01 6.889600000000000168e-01 4.558099999999999929e-01
1.397286432160803926e+01 1.170000000000000068e-01 4.792899999999999938e-01 6.884599999999999609e-01 4.573999999999999733e-01
1.407331658291457188e+01 1.170000000000000068e-01 4.805400000000000227e-01 6.880399999999999849e-01 4.589199999999999946e-01
1.417376884422110450e+01 1.170000000000000068e-01 4.817500000000000115e-01 6.875499999999999945e-01 4.603900000000000214e-01
1.427422110552763712e+01 1.170000000000000068e-01 4.829499999999999904e-01 6.870600000000000041e-01 4.618599999999999928e-01
1.437467336683416974e+01 1.170000000000000068e-01 4.842299999999999938e-01 6.865900000000000336e-01 4.634300000000000086e-01
1.447512562814070236e+01 1.170000000000000068e-01 4.855200000000000071e-01 6.860399999999999832e-01 4.649900000000000144e-01
1.457557788944723498e+01 1.170000000000000068e-01 4.867900000000000005e-01 6.855400000000000382e-01 4.665400000000000102e-01
1.467603015075376760e+01 1.170000000000000068e-01 4.880999999999999783e-01 6.850300000000000278e-01 4.681199999999999806e-01
1.477648241206030022e+01 1.170000000000000068e-01 4.893799999999999817e-01 6.845999999999999863e-01 4.696799999999999864e-01
1.487693467336683284e+01 1.170000000000000068e-01 4.906499999999999750e-01 6.841899999999999649e-01 4.712200000000000277e-01
1.497738693467336546e+01 1.170000000000000068e-01 4.918500000000000094e-01 6.837800000000000544e-01 4.726899999999999991e-01
1.507783919597989986e+01 1.170000000000000068e-01 4.930800000000000183e-01 6.833599999999999675e-01 4.741799999999999904e-01
1.517829145728643248e+01 1.170000000000000068e-01 4.943600000000000216e-01 6.828600000000000225e-01 4.757399999999999962e-01
1.527874371859296510e+01 1.170000000000000068e-01 4.956099999999999950e-01 6.824099999999999611e-01 4.772600000000000176e-01
1.537919597989949771e+01 1.170000000000000068e-01 4.968799999999999883e-01 6.819699999999999651e-01 4.788100000000000134e-01
1.547964824120603033e+01 1.170000000000000068e-01 4.980600000000000027e-01 6.815600000000000547e-01 4.802500000000000102e-01
1.558010050251256295e+01 1.170000000000000068e-01 4.991800000000000126e-01 6.811500000000000332e-01 4.816199999999999926e-01
1.568055276381909557e+01 1.170000000000000068e-01 5.002499999999999725e-01 6.807800000000000518e-01 4.829100000000000059e-01
1.578100502512562819e+01 1.170000000000000068e-01 5.013100000000000334e-01 6.804200000000000248e-01 4.842000000000000193e-01
1.588145728643216081e+01 1.170000000000000068e-01 5.023600000000000287e-01 6.800699999999999523e-01 4.854800000000000226e-01
1.598190954773869343e+01 1.170000000000000068e-01 5.033999999999999586e-01 6.797100000000000364e-01 4.867500000000000160e-01
1.608236180904522783e+01 1.170000000000000068e-01 5.044399999999999995e-01 6.793900000000000494e-01 4.880099999999999993e-01
1.618281407035176045e+01 1.170000000000000068e-01 5.055199999999999694e-01 6.790500000000000425e-01 4.893199999999999772e-01
1.628326633165829307e+01 1.170000000000000068e-01 5.067099999999999937e-01 6.786799999999999500e-01 4.907799999999999940e-01
1.638371859296482569e+01 1.170000000000000068e-01 5.080099999999999616e-01 6.782099999999999795e-01 4.923600000000000199e-01
1.648417085427135831e+01 1.170000000000000068e-01 5.092299999999999605e-01 6.777600000000000291e-01 4.938299999999999912e-01
1.658462311557789093e+01 1.170000000000000068e-01 5.104199999999999848e-01 6.773200000000000331e-01 4.952699999999999880e-01
1.668507537688442355e+01 1.170000000000000068e-01 5.116199999999999637e-01 6.768800000000000372e-01 4.967300000000000049e-01
1.678552763819095617e+01 1.170000000000000068e-01 5.127599999999999936e-01 6.764299999999999757e-01 4.981300000000000172e-01
1.688597989949748879e+01 1.170000000000000068e-01 5.139000000000000234e-01 6.760099999999999998e-01 4.995200000000000196e-01
1.698643216080402141e+01 1.170000000000000068e-01 5.151099999999999568e-01 6.755499999999999838e-01 5.009900000000000464e-01
1.708688442211055403e+01 1.170000000000000068e-01 5.162499999999999867e-01 6.751200000000000534e-01 5.023800000000000487e-01
1.718733668341708665e+01 1.170000000000000068e-01 5.173299999999999566e-01 6.747100000000000319e-01 5.036899999999999711e-01
1.728778894472361927e+01 1.170000000000000068e-01 5.184800000000000519e-01 6.742599999999999705e-01 5.050900000000000389e-01
1.738824120603015189e+01 1.170000000000000068e-01 5.196399999999999908e-01 6.738199999999999745e-01 5.065100000000000158e-01
1.748869346733668451e+01 1.170000000000000068e-01 5.208000000000000407e-01 6.733700000000000241e-01 5.079299999999999926e-01
1.758914572864321713e+01 1.170000000000000068e-01 5.219399999999999595e-01 6.729300000000000281e-01 5.093299999999999494e-01
1.768959798994974975e+01 1.170000000000000068e-01 5.230700000000000349e-01 6.725400000000000267e-01 5.107000000000000428e-01
1.779005025125628237e+01 1.170000000000000068e-01 5.241400000000000503e-01 6.722000000000000197e-01 5.120000000000000107e-01
1.789050251256281499e+01 1.170000000000000068e-01 5.251799999999999802e-01 6.719100000000000072e-01 5.132799999999999585e-01
1.799095477386934760e+01 1.170000000000000068e-01 5.262700000000000156e-01 6.715700000000000003e-01 5.146100000000000119e-01
1.809140703517588022e+01 1.170000000000000068e-01 5.273400000000000309e-01 6.712399999999999478e-01 5.159099999999999797e-01
1.819185929648241284e+01 1.170000000000000068e-01 5.283900000000000263e-01 6.709300000000000264e-01 5.172099999999999476e-01
1.829231155778894546e+01 1.170000000000000068e-01 5.294799999999999507e-01 6.705999999999999739e-01 5.185300000000000464e-01
1.839276381909547808e+01 1.170000000000000068e-01 5.305699999999999861e-01 6.702599999999999669e-01 5.198800000000000088e-01
1.849321608040201070e+01 1.170000000000000068e-01 5.316300000000000470e-01 6.699500000000000455e-01 5.211700000000000221e-01
1.859366834170854332e+01 1.170000000000000068e-01 5.326699999999999768e-01 6.695900000000000185e-01 5.224400000000000155e-01
1.869412060301507594e+01 1.170000000000000068e-01 5.337300000000000377e-01 6.692700000000000315e-01 5.237500000000000488e-01
1.879457286432160856e+01 1.170000000000000068e-01 5.347699999999999676e-01 6.689399999999999791e-01 5.250299999999999967e-01
1.889502512562814118e+01 1.170000000000000068e-01 5.358399999999999830e-01 6.686199999999999921e-01 5.263400000000000301e-01
1.899547738693467380e+01 1.170000000000000068e-01 5.369399999999999729e-01 6.682399999999999451e-01 5.276999999999999469e-01
1.909592964824120642e+01 1.170000000000000068e-01 5.379899999999999682e-01 6.678800000000000292e-01 5.290000000000000258e-01
1.919638190954773904e+01 1.170000000000000068e-01 5.390200000000000546e-01 6.675200000000000022e-01 5.302599999999999536e-01
1.929683417085427166e+01 1.170000000000000068e-01 5.399800000000000155e-01 6.671300000000000008e-01 5.314299999999999580e-01
1.939728643216080428e+01 1.170000000000000068e-01 5.409199999999999564e-01 6.667899999999999938e-01 5.325800000000000534e-01
1.949773869346733690e+01 1.170000000000000068e-01 5.418699999999999628e-01 6.664499999999999869e-01 5.337399999999999922e-01
1.959819095477386952e+01 1.170000000000000068e-01 5.428300000000000347e-01 6.661000000000000254e-01 5.349199999999999511e-01
1.969864321608040214e+01 1.170000000000000068e-01 5.437899999999999956e-01 6.657999999999999474e-01 5.361000000000000210e-01
1.979909547738693476e+01 1.170000000000000068e-01 5.447600000000000220e-01 6.654999999999999805e-01 5.372900000000000453e-01
1.989954773869346738e+01 1.170000000000000068e-01 5.457199999999999829e-01 6.652299999999999880e-01 5.384700000000000042e-01
2.000000000000000000e+01 1.170000000000000068e-01 5.466699999999999893e-01 6.649599999999999955e-01 5.396400000000000086e-01
