2.109999999999999931e-01 2.700000000000000035e-04 3.082199999999999940e-01 8.000000000000000654e-05
1.620000000000000051e-01 7.500000000000000156e-04 3.136900000000000244e-01 9.399999999999999719e-04
2.310000000000000109e-01 1.719999999999999958e-03 3.406500000000000083e-01 5.199999999999999544e-04
1.549999999999999989e-01 2.400000000000000061e-04 3.184899999999999953e-01 1.100000000000000039e-04
2.240000000000000047e-01 2.079999999999999818e-03 3.706300000000000150e-01 1.219999999999999947e-03
1.290000000000000036e-01 1.569999999999999998e-03 3.298400000000000221e-01 3.099999999999999999e-04
1.620000000000000051e-01 9.100000000000000016e-04 3.151300000000000212e-01 9.100000000000000016e-04
3.799999999999999906e-02 2.239999999999999804e-03 3.126499999999999835e-01 4.099999999999999912e-04
1.330000000000000071e-01 2.469999999999999973e-03 3.007099999999999773e-01 6.099999999999999737e-04
1.360000000000000098e-01 1.459999999999999926e-03 3.323200000000000043e-01 7.500000000000000156e-04
1.890000000000000013e-01 7.799999999999999859e-04 3.420500000000000207e-01 3.600000000000000227e-04
1.710000000000000131e-01 3.800000000000000209e-04 3.165799999999999725e-01 4.000000000000000327e-05
