1.000000000000000021e-02 2.079999999999999905e-01 9.177000000000000435e-02 8.977100000000000080e-01 2.978000000000000091e-02
1.104522613065326564e-01 1.829999999999999960e-01 8.705999999999999850e-02 8.010800000000000143e-01 4.138000000000000012e-02
2.109045226130653317e-01 1.880000000000000004e-01 5.191000000000000059e-01 5.714700000000000335e-01 5.735099999999999643e-01
3.113567839195979792e-01 1.890000000000000013e-01 5.641899999999999693e-01 5.469399999999999817e-01 6.322999999999999732e-01
4.118090452261306544e-01 1.900000000000000022e-01 5.815500000000000114e-01 5.369399999999999729e-01 6.553499999999999881e-01
5.122613065326633297e-01 2.099999999999999922e-01 4.393999999999999989e-02 7.513800000000000479e-01 1.302999999999999992e-02
6.127135678391959495e-01 1.789999999999999925e-01 1.500599999999999989e-01 8.685599999999999987e-01 3.083999999999999936e-02
7.131658291457286802e-01 1.789999999999999925e-01 1.888600000000000001e-01 8.344700000000000450e-01 3.293999999999999706e-02
8.136180904522613000e-01 1.789999999999999925e-01 2.160999999999999865e-01 8.120000000000000551e-01 3.316000000000000197e-02
9.140703517587939197e-01 1.789999999999999925e-01 2.331300000000000039e-01 8.017199999999999882e-01 3.223000000000000170e-02
1.014522613065326651e+00 1.789999999999999925e-01 2.444300000000000084e-01 7.958100000000000174e-01 3.097000000000000100e-02
1.114974874371859270e+00 1.799999999999999933e-01 2.573400000000000132e-01 7.856800000000000450e-01 3.443999999999999839e-02
1.215427135678391890e+00 1.799999999999999933e-01 2.709400000000000142e-01 7.725999999999999535e-01 4.111000000000000071e-02
1.315879396984924510e+00 1.809999999999999942e-01 2.826000000000000179e-01 7.607099999999999973e-01 4.408000000000000113e-02
1.416331658291457352e+00 1.809999999999999942e-01 3.012199999999999878e-01 7.316899999999999515e-01 3.701999999999999735e-02
1.516783919597989971e+00 1.819999999999999951e-01 3.146599999999999953e-01 7.127999999999999892e-01 4.089000000000000273e-02
1.617236180904522591e+00 1.819999999999999951e-01 3.262399999999999745e-01 7.011600000000000055e-01 4.562000000000000083e-02
1.717688442211055211e+00 1.819999999999999951e-01 3.371999999999999997e-01 6.984500000000000153e-01 5.084000000000000324e-02
1.818140703517587831e+00 1.819999999999999951e-01 3.358300000000000174e-01 6.794099999999999584e-01 4.986999999999999766e-02
1.918592964824120672e+00 1.710000000000000131e-01 3.122679999999999900e+00 5.168099999999999916e-01 3.752949999999999786e+00
2.019045226130653070e+00 1.719999999999999862e-01 3.248800000000000132e+00 5.025500000000000522e-01 3.953069999999999862e+00
2.119497487437185690e+00 1.719999999999999862e-01 3.309890000000000221e+00 4.963199999999999834e-01 4.051219999999999821e+00
2.219949748743718310e+00 1.429999999999999882e-01 4.008700000000000041e-01 7.448099999999999721e-01 1.216700000000000004e-01
2.320402010050250929e+00 1.439999999999999891e-01 4.273799999999999821e-01 7.431600000000000428e-01 1.402899999999999980e-01
2.420854271356783549e+00 1.439999999999999891e-01 4.469899999999999984e-01 7.432900000000000063e-01 1.567500000000000004e-01
2.521306532663316169e+00 1.429999999999999882e-01 4.578800000000000092e-01 7.472499999999999698e-01 1.732400000000000051e-01
2.621758793969848789e+00 1.429999999999999882e-01 4.692600000000000104e-01 7.483300000000000507e-01 1.870100000000000096e-01
2.722211055276381853e+00 1.429999999999999882e-01 4.781099999999999794e-01 7.488399999999999501e-01 1.973000000000000032e-01
2.822663316582914472e+00 1.429999999999999882e-01 4.864700000000000135e-01 7.492600000000000371e-01 2.049300000000000010e-01
2.923115577889447092e+00 1.429999999999999882e-01 4.958600000000000230e-01 7.496399999999999730e-01 2.114199999999999968e-01
3.023567839195979712e+00 1.429999999999999882e-01 5.071600000000000552e-01 7.480099999999999527e-01 2.164600000000000135e-01
3.124020100502512332e+00 1.429999999999999882e-01 5.185800000000000409e-01 7.458700000000000330e-01 2.207399999999999918e-01
3.224472361809044951e+00 1.429999999999999882e-01 5.290099999999999802e-01 7.441299999999999581e-01 2.245699999999999918e-01
3.324924623115577571e+00 1.439999999999999891e-01 5.385999999999999677e-01 7.426700000000000523e-01 2.281100000000000072e-01
3.425376884422110191e+00 1.439999999999999891e-01 5.474900000000000322e-01 7.415300000000000225e-01 2.313000000000000056e-01
3.525829145728642811e+00 1.439999999999999891e-01 5.548800000000000399e-01 7.409000000000000030e-01 2.338800000000000046e-01
3.626281407035175430e+00 1.439999999999999891e-01 5.609600000000000142e-01 7.407799999999999940e-01 2.359300000000000008e-01
3.726733668341708050e+00 1.439999999999999891e-01 5.675499999999999989e-01 7.401799999999999491e-01 2.383699999999999986e-01
3.827185929648241114e+00 1.439999999999999891e-01 5.746499999999999941e-01 7.394399999999999862e-01 2.404499999999999971e-01
3.927638190954773734e+00 1.439999999999999891e-01 5.815599999999999659e-01 7.384899999999999798e-01 2.421800000000000064e-01
4.028090452261306353e+00 1.439999999999999891e-01 5.882899999999999796e-01 7.374199999999999644e-01 2.436699999999999977e-01
4.128542713567838973e+00 1.439999999999999891e-01 5.959900000000000198e-01 7.363300000000000400e-01 2.448599999999999943e-01
4.228994974874371593e+00 1.439999999999999891e-01 6.043699999999999628e-01 7.343499999999999472e-01 2.466700000000000004e-01
4.329447236180904213e+00 1.439999999999999891e-01 6.099200000000000177e-01 7.327299999999999924e-01 2.482600000000000084e-01
4.429899497487436832e+00 1.439999999999999891e-01 6.151299999999999546e-01 7.312800000000000411e-01 2.497000000000000053e-01
4.530351758793969452e+00 1.439999999999999891e-01 6.204699999999999660e-01 7.300299999999999567e-01 2.508600000000000274e-01
4.630804020100502072e+00 1.439999999999999891e-01 6.253999999999999559e-01 7.288200000000000234e-01 2.517499999999999738e-01
4.731256281407034692e+00 1.439999999999999891e-01 6.299799999999999844e-01 7.270799999999999486e-01 2.532699999999999951e-01
4.831708542713567311e+00 1.439999999999999891e-01 6.347099999999999964e-01 7.254899999999999682e-01 2.548799999999999955e-01
4.932160804020099931e+00 1.439999999999999891e-01 6.426199999999999690e-01 7.232300000000000395e-01 2.582800000000000096e-01
5.032613065326632551e+00 1.439999999999999891e-01 6.501500000000000057e-01 7.212499999999999467e-01 2.615000000000000102e-01
5.133065326633165171e+00 1.439999999999999891e-01 6.573799999999999644e-01 7.194399999999999684e-01 2.645799999999999819e-01
5.233517587939697790e+00 1.439999999999999891e-01 6.666499999999999648e-01 7.170600000000000307e-01 2.683699999999999974e-01
5.333969849246230410e+00 1.449999999999999900e-01 6.756199999999999983e-01 7.147499999999999964e-01 2.722800000000000220e-01
5.434422110552763918e+00 1.449999999999999900e-01 6.836499999999999799e-01 7.125399999999999512e-01 2.765299999999999980e-01
5.534874371859296538e+00 1.449999999999999900e-01 6.911500000000000421e-01 7.105399999999999494e-01 2.806199999999999806e-01
5.635326633165829158e+00 1.449999999999999900e-01 6.982399999999999718e-01 7.086200000000000276e-01 2.844800000000000106e-01
5.735778894472361777e+00 1.449999999999999900e-01 7.052300000000000235e-01 7.069199999999999928e-01 2.884200000000000097e-01
5.836231155778894397e+00 1.449999999999999900e-01 7.119199999999999973e-01 7.053000000000000380e-01 2.921699999999999853e-01
5.936683417085427017e+00 1.459999999999999909e-01 7.178499999999999881e-01 7.039800000000000502e-01 2.953799999999999759e-01
6.037135678391959637e+00 1.459999999999999909e-01 7.229499999999999815e-01 7.029499999999999638e-01 2.979999999999999871e-01
6.137587939698492256e+00 1.459999999999999909e-01 7.274199999999999555e-01 7.018999999999999684e-01 3.004600000000000048e-01
6.238040201005024876e+00 1.459999999999999909e-01 7.310799999999999521e-01 7.010399999999999965e-01 3.028399999999999981e-01
6.338492462311557496e+00 1.459999999999999909e-01 7.340499999999999803e-01 7.002399999999999736e-01 3.054700000000000193e-01
6.438944723618090116e+00 1.459999999999999909e-01 7.368500000000000050e-01 6.994200000000000417e-01 3.080300000000000260e-01
6.539396984924622735e+00 1.459999999999999909e-01 7.396599999999999842e-01 6.986299999999999732e-01 3.104199999999999737e-01
6.639849246231155355e+00 1.459999999999999909e-01 7.424199999999999688e-01 6.979699999999999793e-01 3.126800000000000135e-01
6.740301507537687975e+00 1.459999999999999909e-01 7.451100000000000501e-01 6.972500000000000364e-01 3.148299999999999987e-01
6.840753768844220595e+00 1.469999999999999918e-01 7.471100000000000518e-01 6.965799999999999770e-01 3.169000000000000150e-01
6.941206030150753215e+00 1.469999999999999918e-01 7.485000000000000542e-01 6.960199999999999720e-01 3.187599999999999878e-01
7.041658291457285834e+00 1.469999999999999918e-01 7.499200000000000310e-01 6.955200000000000271e-01 3.205399999999999916e-01
7.142110552763818454e+00 1.469999999999999918e-01 7.512799999999999478e-01 6.950300000000000367e-01 3.222400000000000264e-01
7.242562814070351074e+00 1.469999999999999918e-01 7.526300000000000212e-01 6.945999999999999952e-01 3.240000000000000102e-01
7.343015075376883694e+00 1.469999999999999918e-01 7.540700000000000180e-01 6.941199999999999593e-01 3.258400000000000185e-01
7.443467336683416313e+00 1.469999999999999918e-01 7.550499999999999989e-01 6.937100000000000488e-01 3.276499999999999968e-01
7.543919597989949821e+00 1.469999999999999918e-01 7.557099999999999929e-01 6.933099999999999818e-01 3.292399999999999771e-01
7.644371859296482441e+00 1.469999999999999918e-01 7.553800000000000514e-01 6.931899999999999729e-01 3.304000000000000270e-01
7.744824120603015061e+00 1.469999999999999918e-01 7.554600000000000204e-01 6.930300000000000349e-01 3.316200000000000259e-01
7.845276381909547680e+00 1.469999999999999918e-01 7.554899999999999949e-01 6.929899999999999949e-01 3.327999999999999847e-01
7.945728643216080300e+00 1.469999999999999918e-01 7.554699999999999749e-01 6.927999999999999714e-01 3.339900000000000091e-01
8.046180904522612920e+00 1.469999999999999918e-01 7.553999999999999604e-01 6.926600000000000534e-01 3.351299999999999835e-01
8.146633165829145540e+00 1.469999999999999918e-01 7.546100000000000030e-01 6.926900000000000279e-01 3.354599999999999804e-01
8.247085427135678160e+00 1.469999999999999918e-01 7.538399999999999546e-01 6.927100000000000479e-01 3.357100000000000084e-01
8.347537688442210779e+00 1.469999999999999918e-01 7.530999999999999917e-01 6.926999999999999824e-01 3.359599999999999809e-01
8.447989949748743399e+00 1.469999999999999918e-01 7.526699999999999502e-01 6.927699999999999969e-01 3.361899999999999888e-01
8.548442211055276019e+00 1.469999999999999918e-01 7.528599999999999737e-01 6.927699999999999969e-01 3.366899999999999893e-01
8.648894472361808639e+00 1.469999999999999918e-01 7.537000000000000366e-01 6.926999999999999824e-01 3.376299999999999857e-01
8.749346733668341258e+00 1.469999999999999918e-01 7.543600000000000305e-01 6.925299999999999789e-01 3.385600000000000276e-01
8.849798994974873878e+00 1.469999999999999918e-01 7.550999999999999934e-01 6.925200000000000244e-01 3.394800000000000040e-01
8.950251256281406498e+00 1.469999999999999918e-01 7.560999999999999943e-01 6.924599999999999644e-01 3.404599999999999849e-01
9.050703517587939118e+00 1.469999999999999918e-01 7.575499999999999456e-01 6.923700000000000410e-01 3.415000000000000258e-01
9.151155778894471737e+00 1.469999999999999918e-01 7.586899999999999755e-01 6.923000000000000265e-01 3.419099999999999917e-01
9.251608040201004357e+00 1.469999999999999918e-01 7.595300000000000384e-01 6.922700000000000520e-01 3.419800000000000062e-01
9.352060301507536977e+00 1.469999999999999918e-01 7.604899999999999993e-01 6.922599999999999865e-01 3.420599999999999752e-01
9.452512562814069597e+00 1.469999999999999918e-01 7.606500000000000483e-01 6.922500000000000320e-01 3.417200000000000237e-01
9.552964824120602216e+00 1.469999999999999918e-01 7.604699999999999793e-01 6.921199999999999575e-01 3.413100000000000023e-01
9.653417085427134836e+00 1.469999999999999918e-01 7.603400000000000158e-01 6.919899999999999940e-01 3.409499999999999753e-01
9.753869346733667456e+00 1.469999999999999918e-01 7.602700000000000014e-01 6.918699999999999850e-01 3.406299999999999883e-01
9.854321608040200076e+00 1.469999999999999918e-01 7.603199999999999958e-01 6.917600000000000415e-01 3.403599999999999959e-01
9.954773869346732695e+00 1.469999999999999918e-01 7.601799999999999669e-01 6.915400000000000436e-01 3.401299999999999879e-01
1.005522613065326532e+01 1.469999999999999918e-01 7.598899999999999544e-01 6.912899999999999601e-01 3.398599999999999954e-01
1.015567839195979793e+01 1.469999999999999918e-01 7.599299999999999944e-01 6.910600000000000076e-01 3.398200000000000109e-01
1.025613065326633055e+01 1.469999999999999918e-01 7.600400000000000489e-01 6.907699999999999951e-01 3.399199999999999999e-01
1.035658291457286317e+01 1.469999999999999918e-01 7.598799999999999999e-01 6.906099999999999461e-01 3.400400000000000089e-01
1.045703517587939579e+01 1.469999999999999918e-01 7.598700000000000454e-01 6.904299999999999882e-01 3.402499999999999969e-01
1.055748743718592841e+01 1.469999999999999918e-01 7.599000000000000199e-01 6.902700000000000502e-01 3.404800000000000049e-01
1.065793969849246103e+01 1.469999999999999918e-01 7.600200000000000289e-01 6.900500000000000522e-01 3.408800000000000163e-01
1.075839195979899543e+01 1.469999999999999918e-01 7.601900000000000324e-01 6.897299999999999542e-01 3.413399999999999768e-01
1.085884422110552805e+01 1.469999999999999918e-01 7.604499999999999593e-01 6.894400000000000528e-01 3.417999999999999927e-01
1.095929648241206067e+01 1.469999999999999918e-01 7.605499999999999483e-01 6.892000000000000348e-01 3.421100000000000252e-01
1.105974874371859329e+01 1.469999999999999918e-01 7.607699999999999463e-01 6.889699999999999713e-01 3.424800000000000066e-01
1.116020100502512591e+01 1.469999999999999918e-01 7.607899999999999663e-01 6.887199999999999989e-01 3.427999999999999936e-01
1.126065326633165853e+01 1.469999999999999918e-01 7.607199999999999518e-01 6.884299999999999864e-01 3.431199999999999806e-01
1.136110552763819115e+01 1.469999999999999918e-01 7.605800000000000338e-01 6.881899999999999684e-01 3.433899999999999730e-01
1.146155778894472377e+01 1.469999999999999918e-01 7.604400000000000048e-01 6.879199999999999759e-01 3.436500000000000110e-01
1.156201005025125639e+01 1.469999999999999918e-01 7.601799999999999669e-01 6.876999999999999780e-01 3.438300000000000245e-01
1.166246231155778901e+01 1.469999999999999918e-01 7.598599999999999799e-01 6.875200000000000200e-01 3.439900000000000180e-01
1.176291457286432163e+01 1.469999999999999918e-01 7.596600000000000019e-01 6.873299999999999965e-01 3.441600000000000215e-01
1.186336683417085425e+01 1.469999999999999918e-01 7.596899999999999764e-01 6.872300000000000075e-01 3.443700000000000094e-01
1.196381909547738687e+01 1.469999999999999918e-01 7.598099999999999854e-01 6.871300000000000185e-01 3.445900000000000074e-01
1.206427135678391949e+01 1.469999999999999918e-01 7.598300000000000054e-01 6.870199999999999640e-01 3.447899999999999854e-01
1.216472361809045211e+01 1.479999999999999927e-01 7.599399999999999489e-01 6.869399999999999951e-01 3.449999999999999734e-01
1.226517587939698473e+01 1.479999999999999927e-01 7.601700000000000124e-01 6.868600000000000261e-01 3.452700000000000213e-01
1.236562814070351735e+01 1.479999999999999927e-01 7.604100000000000303e-01 6.867999999999999661e-01 3.455500000000000238e-01
1.246608040201004997e+01 1.479999999999999927e-01 7.606500000000000483e-01 6.867799999999999461e-01 3.458300000000000263e-01
1.256653266331658259e+01 1.479999999999999927e-01 7.609099999999999753e-01 6.867799999999999461e-01 3.461799999999999877e-01
1.266698492462311521e+01 1.479999999999999927e-01 7.612400000000000277e-01 6.868199999999999861e-01 3.465400000000000147e-01
1.276743718592964782e+01 1.479999999999999927e-01 7.615600000000000147e-01 6.868699999999999806e-01 3.468800000000000217e-01
1.286788944723618044e+01 1.479999999999999927e-01 7.620099999999999651e-01 6.869100000000000206e-01 3.472399999999999931e-01
1.296834170854271306e+01 1.479999999999999927e-01 7.625199999999999756e-01 6.868900000000000006e-01 3.476099999999999746e-01
1.306879396984924568e+01 1.479999999999999927e-01 7.631499999999999950e-01 6.868699999999999806e-01 3.480199999999999960e-01
1.316924623115577830e+01 1.479999999999999927e-01 7.638700000000000490e-01 6.868900000000000006e-01 3.484599999999999920e-01
1.326969849246231092e+01 1.479999999999999927e-01 7.645600000000000174e-01 6.869399999999999951e-01 3.488600000000000034e-01
1.337015075376884354e+01 1.479999999999999927e-01 7.653900000000000148e-01 6.870199999999999640e-01 3.492600000000000149e-01
1.347060301507537616e+01 1.479999999999999927e-01 7.662200000000000122e-01 6.871000000000000441e-01 3.496400000000000063e-01
1.357105527638190878e+01 1.479999999999999927e-01 7.669799999999999951e-01 6.871899999999999675e-01 3.500800000000000023e-01
1.367150753768844140e+01 1.479999999999999927e-01 7.677800000000000180e-01 6.872599999999999820e-01 3.505300000000000082e-01
1.377195979899497402e+01 1.479999999999999927e-01 7.685999999999999499e-01 6.873399999999999510e-01 3.510099999999999887e-01
1.387241206030150664e+01 1.479999999999999927e-01 7.693999999999999728e-01 6.874400000000000510e-01 3.514900000000000246e-01
1.397286432160803926e+01 1.489999999999999936e-01 7.701900000000000412e-01 6.874900000000000455e-01 3.519700000000000051e-01
1.407331658291457188e+01 1.489999999999999936e-01 7.709599999999999786e-01 6.875799999999999690e-01 3.524499999999999855e-01
1.417376884422110450e+01 1.489999999999999936e-01 7.717000000000000526e-01 6.876700000000000035e-01 3.529399999999999760e-01
1.427422110552763712e+01 1.489999999999999936e-01 7.724299999999999500e-01 6.876999999999999780e-01 3.534499999999999864e-01
1.437467336683416974e+01 1.489999999999999936e-01 7.731799999999999784e-01 6.877600000000000380e-01 3.539499999999999869e-01
1.447512562814070236e+01 1.489999999999999936e-01 7.738199999999999523e-01 6.878199999999999870e-01 3.544200000000000128e-01
1.457557788944723498e+01 1.489999999999999936e-01 7.743700000000000028e-01 6.878699999999999815e-01 3.548100000000000143e-01
1.467603015075376760e+01 1.489999999999999936e-01 7.748699999999999477e-01 6.878999999999999559e-01 3.552100000000000257e-01
1.477648241206030022e+01 1.489999999999999936e-01 7.752900000000000347e-01 6.879399999999999959e-01 3.556099999999999817e-01
1.487693467336683284e+01 1.489999999999999936e-01 7.756300000000000416e-01 6.879899999999999904e-01 3.559399999999999786e-01
1.497738693467336546e+01 1.489999999999999936e-01 7.759399999999999631e-01 6.880699999999999594e-01 3.562199999999999811e-01
1.507783919597989986e+01 1.489999999999999936e-01 7.760500000000000176e-01 6.881899999999999684e-01 3.563999999999999946e-01
1.517829145728643248e+01 1.489999999999999936e-01 7.761599999999999611e-01 6.883200000000000429e-01 3.565599999999999881e-01
1.527874371859296510e+01 1.489999999999999936e-01 7.762700000000000156e-01 6.884299999999999864e-01 3.567299999999999915e-01
1.537919597989949771e+01 1.489999999999999936e-01 7.762799999999999701e-01 6.885200000000000209e-01 3.568899999999999850e-01
1.547964824120603033e+01 1.489999999999999936e-01 7.762900000000000356e-01 6.886200000000000099e-01 3.570499999999999785e-01
1.558010050251256295e+01 1.489999999999999936e-01 7.763200000000000101e-01 6.887100000000000444e-01 3.572199999999999820e-01
1.568055276381909557e+01 1.489999999999999936e-01 7.763600000000000501e-01 6.887900000000000134e-01 3.574200000000000155e-01
1.578100502512562819e+01 1.489999999999999936e-01 7.764100000000000446e-01 6.888600000000000279e-01 3.576699999999999879e-01
1.588145728643216081e+01 1.489999999999999936e-01 7.763900000000000245e-01 6.889499999999999513e-01 3.578999999999999959e-01
1.598190954773869343e+01 1.489999999999999936e-01 7.763499999999999845e-01 6.890399999999999858e-01 3.581400000000000139e-01
1.608236180904522783e+01 1.489999999999999936e-01 7.762700000000000156e-01 6.891399999999999748e-01 3.583600000000000119e-01
1.618281407035176045e+01 1.489999999999999936e-01 7.761700000000000266e-01 6.892599999999999838e-01 3.586400000000000143e-01
1.628326633165829307e+01 1.489999999999999936e-01 7.761599999999999611e-01 6.893399999999999528e-01 3.589700000000000113e-01
1.638371859296482569e+01 1.489999999999999936e-01 7.761799999999999811e-01 6.894299999999999873e-01 3.593000000000000083e-01
1.648417085427135831e+01 1.489999999999999936e-01 7.760700000000000376e-01 6.895200000000000218e-01 3.594899999999999762e-01
1.658462311557789093e+01 1.489999999999999936e-01 7.758899999999999686e-01 6.896299999999999653e-01 3.595800000000000107e-01
1.668507537688442355e+01 1.489999999999999936e-01 7.756899999999999906e-01 6.897400000000000198e-01 3.596799999999999997e-01
1.678552763819095617e+01 1.489999999999999936e-01 7.755199999999999871e-01 6.898100000000000342e-01 3.598100000000000187e-01
1.688597989949748879e+01 1.489999999999999936e-01 7.753700000000000037e-01 6.898699999999999832e-01 3.599899999999999767e-01
1.698643216080402141e+01 1.489999999999999936e-01 7.752599999999999492e-01 6.898900000000000032e-01 3.602000000000000202e-01
1.708688442211055403e+01 1.499999999999999944e-01 7.752599999999999492e-01 6.898800000000000487e-01 3.605400000000000271e-01
1.718733668341708665e+01 1.499999999999999944e-01 7.752700000000000147e-01 6.898900000000000032e-01 3.608799999999999786e-01
1.728778894472361927e+01 1.499999999999999944e-01 7.752900000000000347e-01 6.898600000000000287e-01 3.612199999999999855e-01
1.738824120603015189e+01 1.499999999999999944e-01 7.753100000000000547e-01 6.898300000000000542e-01 3.615599999999999925e-01
1.748869346733668451e+01 1.499999999999999944e-01 7.753200000000000092e-01 6.897900000000000142e-01 3.619200000000000195e-01
1.758914572864321713e+01 1.499999999999999944e-01 7.753499999999999837e-01 6.897199999999999998e-01 3.622799999999999909e-01
1.768959798994974975e+01 1.499999999999999944e-01 7.754199999999999982e-01 6.896499999999999853e-01 3.626199999999999979e-01
1.779005025125628237e+01 1.499999999999999944e-01 7.755100000000000326e-01 6.895700000000000163e-01 3.629499999999999948e-01
1.789050251256281499e+01 1.499999999999999944e-01 7.755999999999999561e-01 6.895000000000000018e-01 3.632699999999999818e-01
1.799095477386934760e+01 1.499999999999999944e-01 7.756699999999999706e-01 6.893700000000000383e-01 3.635599999999999943e-01
1.809140703517588022e+01 1.499999999999999944e-01 7.756899999999999906e-01 6.892500000000000293e-01 3.638799999999999812e-01
1.819185929648241284e+01 1.499999999999999944e-01 7.758300000000000196e-01 6.891699999999999493e-01 3.643000000000000127e-01
1.829231155778894546e+01 1.499999999999999944e-01 7.759599999999999831e-01 6.891000000000000458e-01 3.647099999999999786e-01
1.839276381909547808e+01 1.499999999999999944e-01 7.760200000000000431e-01 6.890399999999999858e-01 3.650999999999999801e-01
1.849321608040201070e+01 1.499999999999999944e-01 7.760899999999999466e-01 6.889800000000000368e-01 3.654999999999999916e-01
1.859366834170854332e+01 1.499999999999999944e-01 7.761900000000000466e-01 6.888999999999999568e-01 3.658799999999999830e-01
1.869412060301507594e+01 1.499999999999999944e-01 7.762700000000000156e-01 6.888600000000000279e-01 3.662599999999999745e-01
1.879457286432160856e+01 1.499999999999999944e-01 7.763499999999999845e-01 6.888100000000000334e-01 3.666499999999999759e-01
1.889502512562814118e+01 1.499999999999999944e-01 7.765499999999999625e-01 6.887299999999999534e-01 3.670800000000000174e-01
1.899547738693467380e+01 1.499999999999999944e-01 7.767300000000000315e-01 6.886600000000000499e-01 3.675100000000000033e-01
1.909592964824120642e+01 1.499999999999999944e-01 7.768899999999999695e-01 6.886299999999999644e-01 3.680399999999999783e-01
1.919638190954773904e+01 1.499999999999999944e-01 7.770799999999999930e-01 6.885999999999999899e-01 3.685800000000000187e-01
1.929683417085427166e+01 1.499999999999999944e-01 7.772799999999999709e-01 6.885700000000000154e-01 3.691499999999999782e-01
1.939728643216080428e+01 1.499999999999999944e-01 7.775499999999999634e-01 6.885400000000000409e-01 3.698600000000000221e-01
1.949773869346733690e+01 1.499999999999999944e-01 7.778399999999999759e-01 6.885700000000000154e-01 3.706300000000000150e-01
1.959819095477386952e+01 1.499999999999999944e-01 7.781799999999999828e-01 6.885599999999999499e-01 3.713799999999999879e-01
1.969864321608040214e+01 1.499999999999999944e-01 7.785100000000000353e-01 6.885499999999999954e-01 3.721300000000000163e-01
1.979909547738693476e+01 1.499999999999999944e-01 7.787899999999999823e-01 6.885400000000000409e-01 3.728299999999999947e-01
1.989954773869346738e+01 1.499999999999999944e-01 7.790000000000000258e-01 6.885099999999999554e-01 3.735299999999999732e-01
2.000000000000000000e+01 1.499999999999999944e-01 7.791900000000000492e-01 6.884799999999999809e-01 3.741800000000000126e-01
