5.122613065326633297e-01 1.920000000000000040e-01 1.974000000000000060e-02 5.150099999999999678e-01 6.989999999999999686e-03
6.127135678391959495e-01 1.739999999999999880e-01 2.513999999999999915e-02 5.161799999999999722e-01 6.689999999999999766e-03
7.131658291457286802e-01 1.620000000000000051e-01 3.380999999999999978e-02 4.995499999999999940e-01 4.700000000000000185e-03
8.136180904522613000e-01 1.630000000000000060e-01 4.367000000000000048e-02 4.892299999999999982e-01 3.520000000000000125e-03
9.140703517587939197e-01 1.449999999999999900e-01 6.518000000000000183e-02 5.880999999999999561e-01 2.282999999999999960e-02
1.014522613065326651e+00 1.449999999999999900e-01 6.797000000000000264e-02 5.931600000000000206e-01 2.451000000000000054e-02
1.114974874371859270e+00 1.459999999999999909e-01 7.102999999999999592e-02 5.945399999999999574e-01 2.556999999999999898e-02
1.215427135678391890e+00 1.459999999999999909e-01 7.412000000000000532e-02 5.926500000000000101e-01 2.603000000000000105e-02
1.315879396984924510e+00 1.799999999999999933e-01 8.293999999999999984e-02 4.523699999999999943e-01 2.063999999999999863e-02
1.416331658291457352e+00 1.779999999999999916e-01 7.549000000000000155e-02 4.783999999999999919e-01 5.559999999999999838e-03
1.516783919597989971e+00 1.779999999999999916e-01 7.666000000000000592e-02 4.711799999999999877e-01 1.183000000000000024e-02
1.617236180904522591e+00 1.489999999999999936e-01 1.406199999999999950e-01 5.712800000000000100e-01 4.887999999999999984e-02
1.717688442211055211e+00 1.499999999999999944e-01 1.560300000000000020e-01 5.573599999999999666e-01 5.224000000000000171e-02
1.818140703517587831e+00 1.489999999999999936e-01 1.759799999999999975e-01 5.178099999999999925e-01 5.480000000000000149e-02
1.918592964824120672e+00 1.350000000000000089e-01 1.843500000000000139e-01 4.910999999999999810e-01 5.593000000000000055e-02
2.019045226130653070e+00 1.390000000000000124e-01 2.179099999999999926e-01 4.504900000000000015e-01 7.169999999999999984e-02
2.119497487437185690e+00 1.610000000000000042e-01 2.010000000000000120e-01 3.536799999999999944e-01 3.173999999999999738e-02
2.219949748743718310e+00 1.779999999999999916e-01 8.536000000000000532e-02 3.644999999999999907e-01 2.751999999999999932e-02
2.320402010050250929e+00 1.839999999999999969e-01 8.135000000000000564e-02 3.469300000000000161e-01 2.902000000000000066e-02
2.420854271356783549e+00 1.839999999999999969e-01 8.698000000000000176e-02 3.409099999999999908e-01 3.068999999999999853e-02
2.521306532663316169e+00 1.859999999999999987e-01 8.379000000000000337e-02 3.105899999999999772e-01 3.799999999999999906e-02
2.621758793969848789e+00 1.859999999999999987e-01 7.877000000000000668e-02 2.969999999999999862e-01 3.475000000000000311e-02
2.722211055276381853e+00 1.869999999999999996e-01 6.783999999999999753e-02 2.914800000000000169e-01 1.966000000000000039e-02
2.822663316582914472e+00 1.869999999999999996e-01 7.235999999999999377e-02 2.890099999999999891e-01 1.821000000000000049e-02
2.923115577889447092e+00 1.869999999999999996e-01 7.706000000000000349e-02 2.872000000000000108e-01 1.721999999999999920e-02
3.023567839195979712e+00 1.869999999999999996e-01 8.301999999999999658e-02 2.853999999999999870e-01 1.536000000000000039e-02
3.124020100502512332e+00 1.869999999999999996e-01 8.924999999999999600e-02 2.822100000000000164e-01 1.252999999999999947e-02
3.224472361809044951e+00 1.869999999999999996e-01 9.421999999999999820e-02 2.780500000000000194e-01 8.659999999999999296e-03
3.324924623115577571e+00 1.859999999999999987e-01 9.923999999999999488e-02 2.746799999999999797e-01 5.029999999999999749e-03
3.425376884422110191e+00 1.859999999999999987e-01 1.056900000000000062e-01 2.720600000000000240e-01 1.860000000000000108e-03
3.525829145728642811e+00 1.819999999999999951e-01 1.140599999999999947e-01 2.702200000000000157e-01 5.830000000000000113e-03
3.626281407035175430e+00 1.819999999999999951e-01 1.238999999999999962e-01 2.685899999999999954e-01 1.154999999999999950e-02
3.726733668341708050e+00 1.819999999999999951e-01 1.338999999999999913e-01 2.668300000000000116e-01 1.762999999999999984e-02
3.827185929648241114e+00 1.819999999999999951e-01 1.432700000000000085e-01 2.651000000000000023e-01 2.344999999999999862e-02
3.927638190954773734e+00 1.819999999999999951e-01 1.516899999999999915e-01 2.632099999999999995e-01 2.905999999999999903e-02
4.028090452261306353e+00 1.819999999999999951e-01 1.594500000000000084e-01 2.604799999999999893e-01 3.511000000000000232e-02
4.128542713567838973e+00 1.819999999999999951e-01 1.684900000000000009e-01 2.567099999999999937e-01 4.318000000000000310e-02
4.228994974874371593e+00 1.819999999999999951e-01 1.762799999999999923e-01 2.583300000000000041e-01 4.710999999999999910e-02
4.329447236180904213e+00 1.819999999999999951e-01 1.855799999999999950e-01 2.592300000000000160e-01 5.297999999999999932e-02
4.429899497487436832e+00 1.819999999999999951e-01 1.965200000000000002e-01 2.595899999999999874e-01 5.969000000000000000e-02
4.530351758793969452e+00 1.809999999999999942e-01 2.072900000000000020e-01 2.592400000000000260e-01 6.764000000000000568e-02
4.630804020100502072e+00 1.809999999999999942e-01 2.176299999999999901e-01 2.576999999999999846e-01 7.606999999999999873e-02
4.731256281407034692e+00 1.809999999999999942e-01 2.272500000000000075e-01 2.565299999999999803e-01 8.377999999999999337e-02
4.831708542713567311e+00 1.809999999999999942e-01 2.363899999999999890e-01 2.553400000000000114e-01 9.181999999999999884e-02
4.932160804020099931e+00 1.809999999999999942e-01 2.541399999999999770e-01 2.592400000000000260e-01 9.612999999999999323e-02
5.032613065326632551e+00 1.799999999999999933e-01 2.848499999999999921e-01 2.630600000000000160e-01 1.047899999999999943e-01
5.133065326633165171e+00 1.799999999999999933e-01 3.158199999999999896e-01 2.673800000000000066e-01 1.125700000000000034e-01
5.233517587939697790e+00 1.799999999999999933e-01 3.429099999999999926e-01 2.753900000000000237e-01 1.147900000000000031e-01
5.333969849246230410e+00 1.819999999999999951e-01 3.855799999999999783e-01 2.900499999999999745e-01 1.047000000000000014e-01
5.434422110552763918e+00 1.829999999999999960e-01 4.207400000000000029e-01 3.026900000000000146e-01 9.593000000000000138e-02
5.534874371859296538e+00 1.829999999999999960e-01 5.127899999999999681e-01 3.466500000000000137e-01 1.190400000000000069e-01
5.635326633165829158e+00 1.829999999999999960e-01 5.670600000000000085e-01 3.721400000000000263e-01 1.733200000000000018e-01
5.735778894472361777e+00 1.829999999999999960e-01 6.361799999999999677e-01 3.987800000000000233e-01 2.537300000000000111e-01
5.836231155778894397e+00 1.829999999999999960e-01 6.731399999999999606e-01 4.082799999999999763e-01 2.932400000000000007e-01
5.936683417085427017e+00 1.829999999999999960e-01 7.125599999999999712e-01 4.170099999999999918e-01 3.376199999999999757e-01
6.037135678391959637e+00 1.409999999999999865e-01 5.185899999999999954e-01 6.515499999999999625e-01 2.007500000000000118e-01
6.137587939698492256e+00 1.429999999999999882e-01 5.682599999999999874e-01 6.550899999999999501e-01 2.262099999999999944e-01
6.238040201005024876e+00 1.429999999999999882e-01 5.663300000000000001e-01 6.542000000000000037e-01 2.247999999999999998e-01
6.338492462311557496e+00 1.429999999999999882e-01 5.644000000000000128e-01 6.534900000000000153e-01 2.236899999999999999e-01
6.438944723618090116e+00 1.429999999999999882e-01 5.627400000000000180e-01 6.528100000000000014e-01 2.227699999999999958e-01
6.539396984924622735e+00 1.429999999999999882e-01 5.610600000000000032e-01 6.518500000000000405e-01 2.212300000000000100e-01
6.639849246231155355e+00 1.419999999999999873e-01 5.595599999999999463e-01 6.509200000000000541e-01 2.198799999999999921e-01
6.740301507537687975e+00 1.419999999999999873e-01 5.581800000000000095e-01 6.500399999999999512e-01 2.187099999999999878e-01
6.840753768844220595e+00 1.419999999999999873e-01 5.554000000000000048e-01 6.491299999999999848e-01 2.169599999999999862e-01
6.941206030150753215e+00 1.419999999999999873e-01 5.529699999999999616e-01 6.481999999999999984e-01 2.154200000000000004e-01
7.041658291457285834e+00 1.419999999999999873e-01 5.503599999999999604e-01 6.473200000000000065e-01 2.137999999999999901e-01
7.142110552763818454e+00 1.419999999999999873e-01 5.475299999999999612e-01 6.464800000000000546e-01 2.123099999999999987e-01
7.242562814070351074e+00 1.419999999999999873e-01 5.446499999999999675e-01 6.456699999999999662e-01 2.109199999999999964e-01
7.343015075376883694e+00 1.419999999999999873e-01 5.421000000000000263e-01 6.449099999999999833e-01 2.097600000000000020e-01
7.443467336683416313e+00 1.419999999999999873e-01 5.398800000000000265e-01 6.441599999999999548e-01 2.088200000000000056e-01
7.543919597989949821e+00 1.419999999999999873e-01 5.382400000000000517e-01 6.432499999999999885e-01 2.081000000000000072e-01
7.644371859296482441e+00 1.419999999999999873e-01 5.366600000000000259e-01 6.423799999999999510e-01 2.074300000000000033e-01
7.744824120603015061e+00 1.419999999999999873e-01 5.353299999999999725e-01 6.415399999999999991e-01 2.069400000000000128e-01
7.845276381909547680e+00 1.419999999999999873e-01 5.341700000000000337e-01 6.406899999999999817e-01 2.065800000000000136e-01
7.945728643216080300e+00 1.409999999999999865e-01 5.327600000000000113e-01 6.398700000000000498e-01 2.060599999999999932e-01
8.046180904522612920e+00 1.409999999999999865e-01 5.314900000000000180e-01 6.390700000000000269e-01 2.056399999999999895e-01
8.146633165829145540e+00 1.409999999999999865e-01 5.303900000000000281e-01 6.382999999999999785e-01 2.055299999999999905e-01
8.247085427135678160e+00 1.409999999999999865e-01 5.294299999999999562e-01 6.375699999999999701e-01 2.054900000000000060e-01
8.347537688442210779e+00 1.409999999999999865e-01 5.285100000000000353e-01 6.368599999999999817e-01 2.054799999999999960e-01
8.447989949748743399e+00 1.409999999999999865e-01 5.277699999999999614e-01 6.362200000000000077e-01 2.055299999999999905e-01
8.548442211055276019e+00 1.409999999999999865e-01 5.271799999999999820e-01 6.357099999999999973e-01 2.056699999999999917e-01
8.648894472361808639e+00 1.409999999999999865e-01 5.265800000000000480e-01 6.352499999999999813e-01 2.058099999999999929e-01
8.749346733668341258e+00 1.409999999999999865e-01 5.260399999999999521e-01 6.347300000000000164e-01 2.059999999999999887e-01
8.849798994974873878e+00 1.409999999999999865e-01 5.255900000000000016e-01 6.342299999999999605e-01 2.062400000000000067e-01
8.950251256281406498e+00 1.409999999999999865e-01 5.251700000000000257e-01 6.337800000000000100e-01 2.065099999999999991e-01
9.050703517587939118e+00 1.409999999999999865e-01 5.247699999999999587e-01 6.334400000000000031e-01 2.068300000000000138e-01
9.151155778894471737e+00 1.409999999999999865e-01 5.242200000000000193e-01 6.330000000000000071e-01 2.070599999999999941e-01
9.251608040201004357e+00 1.409999999999999865e-01 5.237699999999999578e-01 6.325399999999999912e-01 2.073399999999999965e-01
9.352060301507536977e+00 1.409999999999999865e-01 5.234100000000000419e-01 6.320299999999999807e-01 2.076399999999999912e-01
9.452512562814069597e+00 1.409999999999999865e-01 5.231700000000000239e-01 6.314300000000000468e-01 2.079900000000000082e-01
9.552964824120602216e+00 1.409999999999999865e-01 5.228000000000000425e-01 6.308000000000000274e-01 2.082600000000000007e-01
9.653417085427134836e+00 1.409999999999999865e-01 5.223799999999999555e-01 6.301600000000000534e-01 2.084900000000000087e-01
9.753869346733667456e+00 1.409999999999999865e-01 5.220000000000000195e-01 6.295399999999999885e-01 2.087499999999999911e-01
9.854321608040200076e+00 1.409999999999999865e-01 5.215999999999999526e-01 6.289599999999999635e-01 2.089699999999999891e-01
9.954773869346732695e+00 1.409999999999999865e-01 5.210299999999999931e-01 6.284199999999999786e-01 2.091300000000000103e-01
1.005522613065326532e+01 1.409999999999999865e-01 5.192799999999999638e-01 6.277599999999999847e-01 2.086300000000000099e-01
1.015567839195979793e+01 1.409999999999999865e-01 5.173699999999999966e-01 6.270700000000000163e-01 2.080400000000000027e-01
1.025613065326633055e+01 1.409999999999999865e-01 5.155499999999999527e-01 6.264199999999999768e-01 2.075100000000000000e-01
1.035658291457286317e+01 1.409999999999999865e-01 5.138200000000000545e-01 6.259200000000000319e-01 2.070099999999999996e-01
1.045703517587939579e+01 1.409999999999999865e-01 5.121299999999999741e-01 6.254300000000000415e-01 2.065400000000000014e-01
1.055748743718592841e+01 1.409999999999999865e-01 5.105600000000000138e-01 6.249500000000000055e-01 2.061399999999999899e-01
1.065793969849246103e+01 1.409999999999999865e-01 5.089900000000000535e-01 6.244899999999999896e-01 2.057700000000000085e-01
1.075839195979899543e+01 1.409999999999999865e-01 5.075199999999999712e-01 6.240099999999999536e-01 2.054600000000000037e-01
1.085884422110552805e+01 1.409999999999999865e-01 5.061700000000000088e-01 6.235199999999999632e-01 2.051999999999999935e-01
1.095929648241206067e+01 1.409999999999999865e-01 5.048599999999999755e-01 6.230499999999999927e-01 2.049499999999999933e-01
1.105974874371859329e+01 1.409999999999999865e-01 5.036399999999999766e-01 6.226000000000000423e-01 2.047400000000000053e-01
1.116020100502512591e+01 1.409999999999999865e-01 5.026100000000000012e-01 6.221200000000000063e-01 2.046900000000000108e-01
1.126065326633165853e+01 1.409999999999999865e-01 5.015500000000000513e-01 6.216599999999999904e-01 2.046399999999999886e-01
1.136110552763819115e+01 1.409999999999999865e-01 5.004199999999999759e-01 6.212299999999999489e-01 2.045500000000000096e-01
1.146155778894472377e+01 1.409999999999999865e-01 4.993600000000000261e-01 6.207799999999999985e-01 2.045099999999999973e-01
1.156201005025125639e+01 1.409999999999999865e-01 4.983799999999999897e-01 6.202499999999999680e-01 2.045800000000000118e-01
1.166246231155778901e+01 1.409999999999999865e-01 4.974000000000000088e-01 6.197500000000000231e-01 2.046600000000000086e-01
1.176291457286432163e+01 1.409999999999999865e-01 4.963899999999999979e-01 6.192600000000000326e-01 2.047499999999999876e-01
1.186336683417085425e+01 1.409999999999999865e-01 4.954799999999999760e-01 6.187899999999999512e-01 2.048999999999999988e-01
1.196381909547738687e+01 1.409999999999999865e-01 4.939799999999999747e-01 6.182499999999999662e-01 2.047599999999999976e-01
1.206427135678391949e+01 1.400000000000000133e-01 4.919399999999999884e-01 6.176300000000000123e-01 2.043899999999999884e-01
1.216472361809045211e+01 1.400000000000000133e-01 4.899899999999999811e-01 6.170299999999999674e-01 2.040399999999999991e-01
1.226517587939698473e+01 1.400000000000000133e-01 4.881499999999999728e-01 6.164600000000000080e-01 2.037499999999999867e-01
1.236562814070351735e+01 1.400000000000000133e-01 4.864600000000000035e-01 6.159200000000000230e-01 2.035299999999999887e-01
1.246608040201004997e+01 1.400000000000000133e-01 4.844999999999999862e-01 6.153499999999999526e-01 2.031900000000000095e-01
1.256653266331658259e+01 1.400000000000000133e-01 4.826900000000000079e-01 6.147899999999999476e-01 2.029499999999999915e-01
1.266698492462311521e+01 1.400000000000000133e-01 4.811300000000000021e-01 6.142400000000000082e-01 2.028600000000000125e-01
1.276743718592964782e+01 1.400000000000000133e-01 4.795200000000000018e-01 6.136800000000000033e-01 2.027599999999999958e-01
1.286788944723618044e+01 1.400000000000000133e-01 4.780900000000000150e-01 6.131199999999999983e-01 2.027799999999999880e-01
1.296834170854271306e+01 1.400000000000000133e-01 4.769200000000000106e-01 6.125199999999999534e-01 2.029799999999999938e-01
1.306879396984924568e+01 1.400000000000000133e-01 4.758899999999999797e-01 6.119599999999999485e-01 2.032200000000000117e-01
1.316924623115577830e+01 1.400000000000000133e-01 4.747100000000000208e-01 6.114800000000000235e-01 2.033099999999999907e-01
1.326969849246231092e+01 1.400000000000000133e-01 4.735699999999999910e-01 6.110200000000000076e-01 2.034199999999999897e-01
1.337015075376884354e+01 1.400000000000000133e-01 4.727700000000000236e-01 6.105599999999999916e-01 2.036999999999999922e-01
1.347060301507537616e+01 1.400000000000000133e-01 4.720599999999999796e-01 6.100999999999999757e-01 2.040500000000000091e-01
1.357105527638190878e+01 1.400000000000000133e-01 4.714800000000000102e-01 6.096599999999999797e-01 2.044799999999999951e-01
1.367150753768844140e+01 1.400000000000000133e-01 4.708899999999999753e-01 6.091600000000000348e-01 2.049400000000000110e-01
1.377195979899497402e+01 1.400000000000000133e-01 4.703999999999999848e-01 6.086899999999999533e-01 2.054300000000000015e-01
1.387241206030150664e+01 1.400000000000000133e-01 4.699300000000000144e-01 6.082300000000000484e-01 2.059100000000000097e-01
1.397286432160803926e+01 1.400000000000000133e-01 4.695199999999999929e-01 6.077700000000000324e-01 2.064199999999999924e-01
1.407331658291457188e+01 1.400000000000000133e-01 4.690500000000000225e-01 6.073100000000000165e-01 2.068800000000000083e-01
1.417376884422110450e+01 1.400000000000000133e-01 4.688300000000000245e-01 6.069099999999999495e-01 2.074799999999999978e-01
1.427422110552763712e+01 1.400000000000000133e-01 4.686400000000000010e-01 6.065199999999999481e-01 2.080899999999999972e-01
1.437467336683416974e+01 1.400000000000000133e-01 4.684499999999999775e-01 6.061499999999999666e-01 2.086800000000000044e-01
1.447512562814070236e+01 1.400000000000000133e-01 4.682899999999999840e-01 6.057900000000000507e-01 2.092799999999999938e-01
1.457557788944723498e+01 1.400000000000000133e-01 4.681000000000000161e-01 6.054399999999999782e-01 2.098599999999999910e-01
1.467603015075376760e+01 1.400000000000000133e-01 4.679499999999999771e-01 6.051499999999999657e-01 2.104100000000000137e-01
1.477648241206030022e+01 1.400000000000000133e-01 4.677299999999999791e-01 6.047500000000000098e-01 2.109999999999999931e-01
1.487693467336683284e+01 1.400000000000000133e-01 4.673499999999999877e-01 6.043600000000000083e-01 2.114499999999999991e-01
1.497738693467336546e+01 1.400000000000000133e-01 4.669800000000000062e-01 6.039900000000000269e-01 2.118899999999999950e-01
1.507783919597989986e+01 1.400000000000000133e-01 4.666699999999999737e-01 6.036299999999999999e-01 2.124099999999999877e-01
1.517829145728643248e+01 1.400000000000000133e-01 4.663499999999999868e-01 6.032800000000000384e-01 2.128899999999999959e-01
1.527874371859296510e+01 1.400000000000000133e-01 4.661199999999999788e-01 6.028999999999999915e-01 2.134300000000000086e-01
1.537919597989949771e+01 1.400000000000000133e-01 4.657100000000000128e-01 6.024899999999999700e-01 2.138799999999999868e-01
1.547964824120603033e+01 1.400000000000000133e-01 4.652999999999999914e-01 6.021199999999999886e-01 2.143200000000000105e-01
1.558010050251256295e+01 1.400000000000000133e-01 4.648499999999999854e-01 6.017299999999999871e-01 2.147499999999999964e-01
1.568055276381909557e+01 1.400000000000000133e-01 4.644199999999999995e-01 6.013500000000000512e-01 2.151700000000000002e-01
1.578100502512562819e+01 1.400000000000000133e-01 4.640199999999999880e-01 6.009999999999999787e-01 2.156000000000000139e-01
1.588145728643216081e+01 1.400000000000000133e-01 4.636100000000000221e-01 6.006299999999999972e-01 2.160400000000000098e-01
1.598190954773869343e+01 1.400000000000000133e-01 4.633200000000000096e-01 6.001999999999999558e-01 2.165400000000000102e-01
1.608236180904522783e+01 1.400000000000000133e-01 4.631299999999999861e-01 5.998400000000000398e-01 2.170999999999999874e-01
1.618281407035176045e+01 1.400000000000000133e-01 4.629900000000000126e-01 5.994800000000000129e-01 2.177300000000000069e-01
1.628326633165829307e+01 1.400000000000000133e-01 4.628900000000000237e-01 5.990799999999999459e-01 2.183900000000000008e-01
1.638371859296482569e+01 1.400000000000000133e-01 4.627899999999999792e-01 5.986599999999999699e-01 2.190999999999999892e-01
1.648417085427135831e+01 1.400000000000000133e-01 4.626500000000000057e-01 5.982199999999999740e-01 2.197900000000000131e-01
1.658462311557789093e+01 1.390000000000000124e-01 4.625500000000000167e-01 5.978200000000000180e-01 2.204599999999999893e-01
1.668507537688442355e+01 1.390000000000000124e-01 4.624699999999999922e-01 5.974199999999999511e-01 2.211299999999999932e-01
1.678552763819095617e+01 1.390000000000000124e-01 4.623900000000000232e-01 5.970299999999999496e-01 2.217999999999999972e-01
1.688597989949748879e+01 1.390000000000000124e-01 4.623300000000000187e-01 5.966399999999999482e-01 2.224599999999999911e-01
1.698643216080402141e+01 1.390000000000000124e-01 4.622999999999999887e-01 5.962600000000000122e-01 2.231200000000000128e-01
1.708688442211055403e+01 1.390000000000000124e-01 4.623999999999999777e-01 5.958400000000000363e-01 2.238799999999999957e-01
1.718733668341708665e+01 1.390000000000000124e-01 4.625699999999999812e-01 5.954399999999999693e-01 2.246799999999999908e-01
1.728778894472361927e+01 1.390000000000000124e-01 4.628099999999999992e-01 5.950299999999999478e-01 2.255500000000000005e-01
1.738824120603015189e+01 1.390000000000000124e-01 4.630600000000000271e-01 5.946299999999999919e-01 2.264200000000000101e-01
1.748869346733668451e+01 1.390000000000000124e-01 4.633700000000000041e-01 5.942399999999999904e-01 2.273199999999999943e-01
1.758914572864321713e+01 1.390000000000000124e-01 4.636299999999999866e-01 5.937999999999999945e-01 2.282299999999999884e-01
1.768959798994974975e+01 1.390000000000000124e-01 4.638599999999999945e-01 5.933399999999999785e-01 2.291700000000000126e-01
1.779005025125628237e+01 1.390000000000000124e-01 4.641100000000000225e-01 5.928799999999999626e-01 2.301199999999999912e-01
1.789050251256281499e+01 1.390000000000000124e-01 4.643800000000000150e-01 5.924500000000000322e-01 2.310399999999999954e-01
1.799095477386934760e+01 1.390000000000000124e-01 4.646799999999999820e-01 5.919900000000000162e-01 2.319700000000000095e-01
1.809140703517588022e+01 1.390000000000000124e-01 4.650000000000000244e-01 5.915599999999999747e-01 2.329199999999999882e-01
1.819185929648241284e+01 1.390000000000000124e-01 4.653900000000000259e-01 5.911499999999999533e-01 2.339199999999999890e-01
1.829231155778894546e+01 1.390000000000000124e-01 4.657200000000000228e-01 5.907499999999999973e-01 2.348999999999999977e-01
1.839276381909547808e+01 1.390000000000000124e-01 4.656899999999999928e-01 5.902699999999999614e-01 2.355099999999999971e-01
1.849321608040201070e+01 1.700000000000000122e-01 1.006240000000000023e+00 3.120800000000000241e-01 3.562100000000000266e-01
1.859366834170854332e+01 1.769999999999999907e-01 9.314000000000000057e-01 2.841299999999999937e-01 5.173400000000000221e-01
1.869412060301507594e+01 1.779999999999999916e-01 9.222799999999999887e-01 2.782499999999999973e-01 5.367199999999999749e-01
1.879457286432160856e+01 1.799999999999999933e-01 9.085800000000000542e-01 2.714900000000000091e-01 5.452500000000000124e-01
1.889502512562814118e+01 1.829999999999999960e-01 9.239000000000000545e-01 2.674500000000000210e-01 5.587499999999999689e-01
1.899547738693467380e+01 1.829999999999999960e-01 9.286200000000000010e-01 2.661600000000000077e-01 5.616700000000000026e-01
1.909592964824120642e+01 1.829999999999999960e-01 9.297800000000000509e-01 2.655699999999999728e-01 5.622800000000000020e-01
1.919638190954773904e+01 1.829999999999999960e-01 9.304099999999999593e-01 2.650899999999999923e-01 5.627299999999999525e-01
1.929683417085427166e+01 1.829999999999999960e-01 9.304900000000000393e-01 2.646800000000000264e-01 5.629300000000000415e-01
1.939728643216080428e+01 1.829999999999999960e-01 9.306799999999999518e-01 2.643099999999999894e-01 5.632000000000000339e-01
1.949773869346733690e+01 1.819999999999999951e-01 9.313500000000000112e-01 2.639099999999999779e-01 5.639999999999999458e-01
1.959819095477386952e+01 1.819999999999999951e-01 9.323799999999999866e-01 2.635500000000000065e-01 5.650100000000000122e-01
1.969864321608040214e+01 1.819999999999999951e-01 9.338800000000000434e-01 2.631700000000000150e-01 5.664599999999999635e-01
1.979909547738693476e+01 1.819999999999999951e-01 9.358699999999999797e-01 2.628599999999999826e-01 5.685000000000000053e-01
1.989954773869346738e+01 1.819999999999999951e-01 9.386900000000000244e-01 2.627700000000000036e-01 5.713599999999999790e-01
2.000000000000000000e+01 1.819999999999999951e-01 9.417499999999999760e-01 2.626700000000000146e-01 5.745299999999999851e-01
