7.131658291457286802e-01 2.079999999999999905e-01 3.638999999999999874e-02 5.833599999999999897e-01 1.183999999999999983e-02
8.136180904522613000e-01 1.970000000000000084e-01 6.162999999999999728e-02 5.922100000000000142e-01 2.222000000000000017e-02
9.140703517587939197e-01 2.069999999999999896e-01 9.510000000000000397e-02 3.709700000000000220e-01 2.324999999999999983e-02
1.014522613065326651e+00 2.079999999999999905e-01 9.618000000000000160e-02 3.766100000000000003e-01 2.217999999999999833e-02
1.114974874371859270e+00 2.109999999999999931e-01 9.983999999999999819e-02 3.807699999999999974e-01 1.801000000000000170e-02
1.215427135678391890e+00 1.859999999999999987e-01 1.555799999999999961e-01 3.617799999999999905e-01 3.941999999999999671e-02
1.315879396984924510e+00 2.030000000000000138e-01 7.810999999999999888e-02 5.259500000000000286e-01 3.506999999999999701e-02
1.416331658291457352e+00 2.030000000000000138e-01 8.350000000000000477e-02 5.066000000000000503e-01 3.846000000000000113e-02
1.516783919597989971e+00 2.069999999999999896e-01 4.129000000000000031e-02 1.435800000000000132e-01 1.208000000000000046e-02
1.617236180904522591e+00 2.000000000000000111e-01 1.683000000000000121e-02 9.563000000000000667e-02 1.158000000000000002e-02
1.717688442211055211e+00 2.010000000000000120e-01 2.562000000000000041e-02 8.466999999999999527e-02 1.891999999999999932e-02
1.818140703517587831e+00 2.000000000000000111e-01 2.929999999999999966e-02 8.480999999999999650e-02 2.200999999999999832e-02
1.918592964824120672e+00 2.000000000000000111e-01 3.355999999999999955e-02 8.971999999999999420e-02 2.563000000000000000e-02
2.019045226130653070e+00 2.000000000000000111e-01 3.486000000000000210e-02 8.798999999999999877e-02 2.749000000000000055e-02
2.119497487437185690e+00 2.000000000000000111e-01 3.228999999999999926e-02 7.928000000000000325e-02 2.619000000000000147e-02
2.219949748743718310e+00 2.000000000000000111e-01 3.084999999999999895e-02 7.678999999999999715e-02 2.511999999999999997e-02
2.320402010050250929e+00 2.000000000000000111e-01 2.917000000000000148e-02 7.982000000000000206e-02 2.307999999999999982e-02
2.420854271356783549e+00 2.010000000000000120e-01 2.648000000000000007e-02 8.167000000000000648e-02 2.018999999999999961e-02
2.521306532663316169e+00 2.010000000000000120e-01 2.397000000000000172e-02 8.927000000000000213e-02 1.655999999999999833e-02
2.621758793969848789e+00 2.010000000000000120e-01 2.497999999999999873e-02 9.621000000000000385e-02 1.495999999999999934e-02
2.722211055276381853e+00 2.010000000000000120e-01 3.207000000000000128e-02 1.035200000000000009e-01 1.294999999999999971e-02
2.822663316582914472e+00 2.020000000000000129e-01 4.988000000000000073e-02 1.082599999999999951e-01 3.820000000000000045e-03
2.923115577889447092e+00 2.020000000000000129e-01 6.966999999999999582e-02 1.113200000000000023e-01 1.397999999999999937e-02
3.023567839195979712e+00 2.020000000000000129e-01 9.825000000000000400e-02 1.148099999999999954e-01 4.431000000000000216e-02
3.124020100502512332e+00 2.020000000000000129e-01 1.346199999999999897e-01 1.188000000000000028e-01 8.601000000000000312e-02
3.224472361809044951e+00 2.020000000000000129e-01 1.674499999999999877e-01 1.217599999999999932e-01 1.273199999999999887e-01
3.324924623115577571e+00 2.020000000000000129e-01 1.912999999999999978e-01 1.233599999999999974e-01 1.592399999999999927e-01
3.425376884422110191e+00 2.020000000000000129e-01 2.029700000000000115e-01 1.236700000000000021e-01 1.744400000000000117e-01
3.525829145728642811e+00 2.020000000000000129e-01 2.190999999999999892e-01 1.243599999999999983e-01 1.933199999999999918e-01
3.626281407035175430e+00 2.030000000000000138e-01 2.364400000000000113e-01 1.251599999999999935e-01 2.138299999999999923e-01
3.726733668341708050e+00 2.030000000000000138e-01 2.533099999999999796e-01 1.258700000000000097e-01 2.340599999999999903e-01
3.827185929648241114e+00 2.030000000000000138e-01 2.696799999999999753e-01 1.265300000000000036e-01 2.536800000000000166e-01
3.927638190954773734e+00 2.030000000000000138e-01 2.861000000000000210e-01 1.270799999999999985e-01 2.735600000000000254e-01
4.028090452261306353e+00 2.030000000000000138e-01 3.043600000000000194e-01 1.277099999999999902e-01 2.961300000000000043e-01
4.128542713567838973e+00 2.030000000000000138e-01 3.230899999999999883e-01 1.284099999999999964e-01 3.195600000000000107e-01
4.228994974874371593e+00 2.030000000000000138e-01 3.362700000000000133e-01 1.284500000000000086e-01 3.356000000000000094e-01
4.329447236180904213e+00 2.069999999999999896e-01 3.490400000000000169e-01 1.286100000000000021e-01 3.507899999999999907e-01
4.429899497487436832e+00 2.069999999999999896e-01 3.617000000000000215e-01 1.289800000000000113e-01 3.658699999999999730e-01
4.530351758793969452e+00 2.069999999999999896e-01 3.748600000000000265e-01 1.294299999999999895e-01 3.817999999999999727e-01
4.630804020100502072e+00 2.069999999999999896e-01 3.880000000000000115e-01 1.300199999999999967e-01 3.974900000000000100e-01
4.731256281407034692e+00 2.069999999999999896e-01 4.004800000000000026e-01 1.305699999999999916e-01 4.122899999999999898e-01
4.831708542713567311e+00 2.069999999999999896e-01 4.122600000000000153e-01 1.310999999999999943e-01 4.262900000000000023e-01
4.932160804020099931e+00 2.069999999999999896e-01 4.234899999999999776e-01 1.316400000000000070e-01 4.395800000000000263e-01
5.032613065326632551e+00 2.069999999999999896e-01 4.341599999999999904e-01 1.321199999999999875e-01 4.519799999999999929e-01
5.133065326633165171e+00 2.069999999999999896e-01 4.445500000000000007e-01 1.325399999999999912e-01 4.639199999999999990e-01
5.233517587939697790e+00 2.069999999999999896e-01 4.540399999999999991e-01 1.329400000000000026e-01 4.747799999999999798e-01
5.333969849246230410e+00 2.059999999999999887e-01 4.630900000000000016e-01 1.333499999999999963e-01 4.850999999999999757e-01
5.434422110552763918e+00 2.059999999999999887e-01 4.712899999999999867e-01 1.337299999999999878e-01 4.942599999999999771e-01
5.534874371859296538e+00 2.059999999999999887e-01 4.781500000000000195e-01 1.340800000000000047e-01 5.014600000000000168e-01
5.635326633165829158e+00 2.059999999999999887e-01 4.831099999999999839e-01 1.343900000000000095e-01 5.063600000000000323e-01
5.735778894472361777e+00 2.059999999999999887e-01 4.881699999999999928e-01 1.346999999999999864e-01 5.115699999999999692e-01
5.836231155778894397e+00 2.059999999999999887e-01 4.937300000000000022e-01 1.350800000000000056e-01 5.175400000000000000e-01
5.936683417085427017e+00 2.059999999999999887e-01 4.982300000000000062e-01 1.354499999999999871e-01 5.221500000000000030e-01
6.037135678391959637e+00 2.020000000000000129e-01 5.016599999999999948e-01 1.357599999999999918e-01 5.254499999999999726e-01
6.137587939698492256e+00 2.020000000000000129e-01 5.060799999999999743e-01 1.360800000000000065e-01 5.301399999999999446e-01
6.238040201005024876e+00 2.020000000000000129e-01 5.103999999999999648e-01 1.364499999999999880e-01 5.346999999999999531e-01
6.338492462311557496e+00 2.020000000000000129e-01 5.173400000000000221e-01 1.368000000000000049e-01 5.423900000000000388e-01
6.438944723618090116e+00 2.020000000000000129e-01 5.284400000000000208e-01 1.371499999999999941e-01 5.550500000000000433e-01
6.539396984924622735e+00 2.020000000000000129e-01 5.381399999999999517e-01 1.374100000000000044e-01 5.660199999999999676e-01
6.639849246231155355e+00 2.020000000000000129e-01 5.477899999999999991e-01 1.376000000000000001e-01 5.772599999999999953e-01
6.740301507537687975e+00 2.020000000000000129e-01 5.598600000000000243e-01 1.380300000000000138e-01 5.916500000000000092e-01
6.840753768844220595e+00 2.020000000000000129e-01 5.720600000000000129e-01 1.384499999999999897e-01 6.060299999999999576e-01
6.941206030150753215e+00 2.020000000000000129e-01 5.834200000000000497e-01 1.387100000000000000e-01 6.193899999999999961e-01
7.041658291457285834e+00 2.020000000000000129e-01 5.967500000000000027e-01 1.386199999999999932e-01 6.360299999999999843e-01
7.142110552763818454e+00 2.020000000000000129e-01 6.105099999999999971e-01 1.385500000000000065e-01 6.532000000000000028e-01
7.242562814070351074e+00 2.020000000000000129e-01 6.189099999999999602e-01 1.383999999999999952e-01 6.638300000000000312e-01
7.343015075376883694e+00 2.020000000000000129e-01 6.264499999999999513e-01 1.382500000000000118e-01 6.734099999999999531e-01
7.443467336683416313e+00 2.010000000000000120e-01 6.346300000000000274e-01 1.380699999999999983e-01 6.838800000000000434e-01
7.543919597989949821e+00 2.010000000000000120e-01 6.426399999999999890e-01 1.378900000000000126e-01 6.942099999999999937e-01
7.644371859296482441e+00 2.010000000000000120e-01 6.503600000000000492e-01 1.377099999999999991e-01 7.043599999999999861e-01
7.744824120603015061e+00 2.010000000000000120e-01 6.577199999999999713e-01 1.375200000000000033e-01 7.140900000000000025e-01
7.845276381909547680e+00 2.010000000000000120e-01 6.650500000000000300e-01 1.373399999999999899e-01 7.238999999999999879e-01
7.945728643216080300e+00 2.010000000000000120e-01 6.726600000000000357e-01 1.371400000000000119e-01 7.342199999999999838e-01
8.046180904522612920e+00 2.010000000000000120e-01 6.799399999999999888e-01 1.369700000000000084e-01 7.442699999999999871e-01
8.146633165829145540e+00 2.010000000000000120e-01 6.861000000000000432e-01 1.367899999999999949e-01 7.528500000000000192e-01
8.247085427135678160e+00 2.010000000000000120e-01 6.889100000000000223e-01 1.364700000000000080e-01 7.569000000000000172e-01
8.347537688442210779e+00 2.010000000000000120e-01 6.921599999999999975e-01 1.361700000000000133e-01 7.615199999999999747e-01
8.447989949748743399e+00 2.010000000000000120e-01 6.955000000000000071e-01 1.358300000000000063e-01 7.660700000000000287e-01
8.548442211055276019e+00 2.010000000000000120e-01 6.989400000000000057e-01 1.354899999999999993e-01 7.710299999999999931e-01
8.648894472361808639e+00 2.010000000000000120e-01 6.972899999999999654e-01 1.350200000000000011e-01 7.696699999999999653e-01
8.749346733668341258e+00 2.000000000000000111e-01 6.955799999999999761e-01 1.344899999999999984e-01 7.681900000000000395e-01
8.849798994974873878e+00 2.000000000000000111e-01 6.983500000000000263e-01 1.338399999999999868e-01 7.732200000000000184e-01
8.950251256281406498e+00 2.000000000000000111e-01 6.989900000000000002e-01 1.330300000000000094e-01 7.759599999999999831e-01
9.050703517587939118e+00 2.000000000000000111e-01 6.978999999999999648e-01 1.322500000000000064e-01 7.763900000000000245e-01
9.151155778894471737e+00 2.000000000000000111e-01 6.972399999999999709e-01 1.316199999999999870e-01 7.775499999999999634e-01
9.251608040201004357e+00 2.000000000000000111e-01 6.957200000000000051e-01 1.310999999999999943e-01 7.771400000000000530e-01
9.352060301507536977e+00 2.000000000000000111e-01 6.936600000000000543e-01 1.305800000000000016e-01 7.760000000000000231e-01
9.452512562814069597e+00 2.000000000000000111e-01 6.927400000000000224e-01 1.301299999999999957e-01 7.761400000000000521e-01
9.552964824120602216e+00 1.990000000000000102e-01 6.924500000000000099e-01 1.297099999999999920e-01 7.770899999999999475e-01
9.653417085427134836e+00 1.990000000000000102e-01 6.912000000000000366e-01 1.292399999999999938e-01 7.767399999999999860e-01
9.753869346733667456e+00 1.990000000000000102e-01 6.906200000000000117e-01 1.288100000000000078e-01 7.772299999999999764e-01
9.854321608040200076e+00 1.990000000000000102e-01 6.899199999999999777e-01 1.283400000000000096e-01 7.775999999999999579e-01
9.954773869346732695e+00 1.990000000000000102e-01 6.899100000000000232e-01 1.279000000000000137e-01 7.788300000000000223e-01
1.005522613065326532e+01 1.950000000000000067e-01 6.908100000000000351e-01 1.274700000000000000e-01 7.811200000000000365e-01
1.015567839195979793e+01 1.940000000000000058e-01 6.841300000000000159e-01 1.268400000000000083e-01 7.731400000000000494e-01
1.025613065326633055e+01 1.940000000000000058e-01 6.794799999999999729e-01 1.262999999999999956e-01 7.678300000000000125e-01
1.035658291457286317e+01 1.940000000000000058e-01 6.747999999999999554e-01 1.257699999999999929e-01 7.625899999999999901e-01
1.045703517587939579e+01 1.940000000000000058e-01 6.719300000000000272e-01 1.253199999999999870e-01 7.599099999999999744e-01
1.055748743718592841e+01 1.940000000000000058e-01 6.708899999999999864e-01 1.249099999999999933e-01 7.589000000000000190e-01
1.065793969849246103e+01 1.940000000000000058e-01 6.712399999999999478e-01 1.245399999999999979e-01 7.595300000000000384e-01
1.075839195979899543e+01 1.940000000000000058e-01 6.723599999999999577e-01 1.241700000000000026e-01 7.611799999999999677e-01
1.085884422110552805e+01 1.930000000000000049e-01 6.741099999999999870e-01 1.238400000000000056e-01 7.636899999999999800e-01
1.095929648241206067e+01 1.930000000000000049e-01 6.760099999999999998e-01 1.235099999999999948e-01 7.664100000000000357e-01
1.105974874371859329e+01 1.930000000000000049e-01 6.779399999999999871e-01 1.231600000000000056e-01 7.691799999999999748e-01
1.116020100502512591e+01 1.930000000000000049e-01 6.839399999999999924e-01 1.228899999999999992e-01 7.772099999999999564e-01
1.126065326633165853e+01 1.930000000000000049e-01 6.922399999999999665e-01 1.226499999999999951e-01 7.879199999999999537e-01
1.136110552763819115e+01 1.930000000000000049e-01 7.011899999999999800e-01 1.224200000000000010e-01 7.993599999999999595e-01
1.146155778894472377e+01 1.920000000000000040e-01 7.101699999999999680e-01 1.222000000000000031e-01 8.109399999999999942e-01
1.156201005025125639e+01 1.920000000000000040e-01 7.191699999999999759e-01 1.219900000000000012e-01 8.224799999999999889e-01
1.166246231155778901e+01 1.920000000000000040e-01 7.278900000000000370e-01 1.217799999999999994e-01 8.334099999999999842e-01
1.176291457286432163e+01 1.920000000000000040e-01 7.373800000000000354e-01 1.215500000000000053e-01 8.450800000000000534e-01
1.186336683417085425e+01 1.920000000000000040e-01 7.469500000000000028e-01 1.213199999999999973e-01 8.568000000000000060e-01
1.196381909547738687e+01 1.910000000000000031e-01 7.569299999999999917e-01 1.211399999999999977e-01 8.689200000000000257e-01
1.206427135678391949e+01 1.910000000000000031e-01 7.673100000000000476e-01 1.209900000000000003e-01 8.814400000000000013e-01
1.216472361809045211e+01 1.910000000000000031e-01 7.775999999999999579e-01 1.208400000000000030e-01 8.938000000000000389e-01
1.226517587939698473e+01 1.910000000000000031e-01 7.886199999999999877e-01 1.207199999999999940e-01 9.071900000000000519e-01
1.236562814070351735e+01 1.880000000000000004e-01 7.999199999999999644e-01 1.205999999999999989e-01 9.210000000000000409e-01
1.246608040201004997e+01 1.880000000000000004e-01 8.110699999999999577e-01 1.204599999999999976e-01 9.346600000000000463e-01
1.256653266331658259e+01 1.880000000000000004e-01 8.215200000000000280e-01 1.203199999999999964e-01 9.473599999999999799e-01
1.266698492462311521e+01 1.880000000000000004e-01 8.317499999999999893e-01 1.201900000000000052e-01 9.598200000000000065e-01
1.276743718592964782e+01 1.880000000000000004e-01 8.421300000000000452e-01 1.200699999999999962e-01 9.724699999999999456e-01
1.286788944723618044e+01 1.880000000000000004e-01 8.524000000000000465e-01 1.199500000000000011e-01 9.850200000000000067e-01
1.296834170854271306e+01 1.880000000000000004e-01 8.619099999999999540e-01 1.198400000000000021e-01 9.966500000000000359e-01
1.306879396984924568e+01 1.880000000000000004e-01 8.709799999999999764e-01 1.197399999999999992e-01 1.007619999999999960e+00
1.316924623115577830e+01 1.880000000000000004e-01 8.790299999999999780e-01 1.196200000000000041e-01 1.016960000000000086e+00
1.326969849246231092e+01 1.880000000000000004e-01 8.866500000000000492e-01 1.194899999999999990e-01 1.025810000000000111e+00
1.337015075376884354e+01 1.880000000000000004e-01 8.940299999999999914e-01 1.193599999999999939e-01 1.034429999999999961e+00
1.347060301507537616e+01 1.880000000000000004e-01 9.012400000000000411e-01 1.192399999999999988e-01 1.042850000000000055e+00
1.357105527638190878e+01 1.880000000000000004e-01 9.081200000000000383e-01 1.190999999999999975e-01 1.050820000000000087e+00
1.367150753768844140e+01 1.880000000000000004e-01 9.152200000000000335e-01 1.189700000000000063e-01 1.059120000000000061e+00
1.377195979899497402e+01 1.880000000000000004e-01 9.218499999999999472e-01 1.188300000000000051e-01 1.066869999999999985e+00
1.387241206030150664e+01 1.880000000000000004e-01 9.284400000000000430e-01 1.186900000000000038e-01 1.074570000000000025e+00
1.397286432160803926e+01 1.880000000000000004e-01 9.348300000000000498e-01 1.185599999999999987e-01 1.082070000000000087e+00
1.407331658291457188e+01 1.880000000000000004e-01 9.410300000000000331e-01 1.184299999999999936e-01 1.089329999999999909e+00
1.417376884422110450e+01 1.880000000000000004e-01 9.468699999999999894e-01 1.183000000000000024e-01 1.096189999999999998e+00
1.427422110552763712e+01 1.880000000000000004e-01 9.526099999999999568e-01 1.181699999999999973e-01 1.102919999999999900e+00
1.437467336683416974e+01 1.880000000000000004e-01 9.583500000000000352e-01 1.180199999999999999e-01 1.109779999999999989e+00
1.447512562814070236e+01 1.880000000000000004e-01 9.643199999999999550e-01 1.178799999999999987e-01 1.117010000000000058e+00
1.457557788944723498e+01 1.869999999999999996e-01 9.701199999999999823e-01 1.177399999999999974e-01 1.124060000000000059e+00
1.467603015075376760e+01 1.869999999999999996e-01 9.755899999999999572e-01 1.175800000000000040e-01 1.130670000000000064e+00
1.477648241206030022e+01 1.869999999999999996e-01 9.809200000000000141e-01 1.174400000000000027e-01 1.137270000000000003e+00
1.487693467336683284e+01 1.869999999999999996e-01 9.859499999999999931e-01 1.173000000000000015e-01 1.143529999999999935e+00
1.497738693467336546e+01 1.869999999999999996e-01 9.905199999999999561e-01 1.171500000000000041e-01 1.149219999999999908e+00
1.507783919597989986e+01 1.869999999999999996e-01 9.949299999999999811e-01 1.170000000000000068e-01 1.154700000000000060e+00
1.517829145728643248e+01 1.869999999999999996e-01 9.994699999999999696e-01 1.169000000000000039e-01 1.160330000000000084e+00
1.527874371859296510e+01 1.869999999999999996e-01 1.003849999999999909e+00 1.168000000000000010e-01 1.165790000000000104e+00
1.537919597989949771e+01 1.869999999999999996e-01 1.008129999999999971e+00 1.166999999999999982e-01 1.171119999999999939e+00
1.547964824120603033e+01 1.869999999999999996e-01 1.012170000000000014e+00 1.165899999999999992e-01 1.176199999999999912e+00
1.558010050251256295e+01 1.869999999999999996e-01 1.016210000000000058e+00 1.164599999999999941e-01 1.181300000000000017e+00
1.568055276381909557e+01 1.869999999999999996e-01 1.019570000000000087e+00 1.163499999999999951e-01 1.185570000000000013e+00
1.578100502512562819e+01 1.869999999999999996e-01 1.022680000000000033e+00 1.162399999999999961e-01 1.189510000000000067e+00
1.588145728643216081e+01 1.869999999999999996e-01 1.025740000000000096e+00 1.161299999999999971e-01 1.193440000000000056e+00
1.598190954773869343e+01 1.869999999999999996e-01 1.028610000000000024e+00 1.160100000000000020e-01 1.197210000000000107e+00
1.608236180904522783e+01 1.869999999999999996e-01 1.027809999999999890e+00 1.157099999999999934e-01 1.195719999999999894e+00
1.618281407035176045e+01 1.869999999999999996e-01 1.027039999999999953e+00 1.153900000000000065e-01 1.194160000000000110e+00
1.628326633165829307e+01 1.869999999999999996e-01 1.026499999999999968e+00 1.150800000000000017e-01 1.193060000000000009e+00
1.638371859296482569e+01 1.869999999999999996e-01 1.026070000000000038e+00 1.147500000000000048e-01 1.192530000000000090e+00
1.648417085427135831e+01 1.869999999999999996e-01 1.025530000000000053e+00 1.144300000000000039e-01 1.191829999999999945e+00
1.658462311557789093e+01 1.869999999999999996e-01 1.024780000000000024e+00 1.141199999999999992e-01 1.190930000000000044e+00
1.668507537688442355e+01 1.869999999999999996e-01 1.022580000000000044e+00 1.138200000000000045e-01 1.188450000000000006e+00
1.678552763819095617e+01 1.869999999999999996e-01 1.020590000000000108e+00 1.135400000000000020e-01 1.186199999999999921e+00
1.688597989949748879e+01 1.869999999999999996e-01 1.017679999999999918e+00 1.132500000000000034e-01 1.183449999999999891e+00
1.698643216080402141e+01 1.869999999999999996e-01 1.015200000000000102e+00 1.129799999999999971e-01 1.181550000000000100e+00
1.708688442211055403e+01 1.869999999999999996e-01 1.012280000000000069e+00 1.126899999999999985e-01 1.179070000000000062e+00
1.718733668341708665e+01 1.869999999999999996e-01 1.009269999999999889e+00 1.124099999999999960e-01 1.176420000000000021e+00
1.728778894472361927e+01 1.869999999999999996e-01 1.005730000000000013e+00 1.121199999999999974e-01 1.173089999999999966e+00
1.738824120603015189e+01 1.869999999999999996e-01 1.002520000000000078e+00 1.118399999999999950e-01 1.170129999999999892e+00
1.748869346733668451e+01 1.869999999999999996e-01 9.993400000000000061e-01 1.115700000000000025e-01 1.167240000000000055e+00
1.758914572864321713e+01 1.869999999999999996e-01 9.964899999999999869e-01 1.113100000000000062e-01 1.164700000000000069e+00
1.768959798994974975e+01 1.869999999999999996e-01 9.929299999999999793e-01 1.110300000000000037e-01 1.161259999999999959e+00
1.779005025125628237e+01 1.869999999999999996e-01 9.881199999999999983e-01 1.107100000000000029e-01 1.156239999999999934e+00
1.789050251256281499e+01 1.869999999999999996e-01 9.836399999999999588e-01 1.104099999999999943e-01 1.151559999999999917e+00
1.799095477386934760e+01 1.869999999999999996e-01 9.786599999999999744e-01 1.100799999999999973e-01 1.146230000000000082e+00
1.809140703517588022e+01 1.880000000000000004e-01 9.734500000000000375e-01 1.097199999999999981e-01 1.140579999999999927e+00
1.819185929648241284e+01 1.880000000000000004e-01 9.680199999999999916e-01 1.093800000000000050e-01 1.134540000000000104e+00
1.829231155778894546e+01 1.880000000000000004e-01 9.628100000000000547e-01 1.090600000000000042e-01 1.128700000000000037e+00
1.839276381909547808e+01 1.880000000000000004e-01 9.569800000000000528e-01 1.087199999999999972e-01 1.122069999999999901e+00
1.849321608040201070e+01 1.880000000000000004e-01 9.512000000000000455e-01 1.083699999999999941e-01 1.115809999999999969e+00
1.859366834170854332e+01 1.880000000000000004e-01 9.454500000000000126e-01 1.080200000000000049e-01 1.109520000000000062e+00
1.869412060301507594e+01 1.880000000000000004e-01 9.401000000000000467e-01 1.077000000000000041e-01 1.103660000000000085e+00
1.879457286432160856e+01 1.880000000000000004e-01 9.355799999999999672e-01 1.074100000000000055e-01 1.098829999999999973e+00
1.889502512562814118e+01 1.880000000000000004e-01 9.317900000000000071e-01 1.071499999999999952e-01 1.094899999999999984e+00
1.899547738693467380e+01 1.880000000000000004e-01 9.281199999999999450e-01 1.068999999999999950e-01 1.091069999999999984e+00
1.909592964824120642e+01 1.880000000000000004e-01 9.240199999999999525e-01 1.066300000000000026e-01 1.086670000000000025e+00
1.919638190954773904e+01 1.880000000000000004e-01 9.199100000000000055e-01 1.063599999999999962e-01 1.082209999999999894e+00
1.929683417085427166e+01 1.880000000000000004e-01 9.157800000000000384e-01 1.060999999999999999e-01 1.077669999999999906e+00
1.939728643216080428e+01 1.880000000000000004e-01 9.117100000000000204e-01 1.058400000000000035e-01 1.073139999999999983e+00
1.949773869346733690e+01 1.880000000000000004e-01 9.075499999999999678e-01 1.055799999999999933e-01 1.068480000000000096e+00
1.959819095477386952e+01 1.880000000000000004e-01 9.033999999999999808e-01 1.053199999999999970e-01 1.063760000000000039e+00
1.969864321608040214e+01 1.880000000000000004e-01 8.993499999999999828e-01 1.050699999999999967e-01 1.059109999999999996e+00
1.979909547738693476e+01 1.880000000000000004e-01 8.949599999999999778e-01 1.048000000000000043e-01 1.054019999999999957e+00
1.989954773869346738e+01 1.880000000000000004e-01 8.903499999999999748e-01 1.045200000000000018e-01 1.048650000000000082e+00
2.000000000000000000e+01 1.880000000000000004e-01 8.857800000000000118e-01 1.042399999999999993e-01 1.043279999999999985e+00
