1.000000000000000021e-02 2.099999999999999922e-01 7.238999999999999602e-02 7.631299999999999750e-01 1.706999999999999837e-02
1.104522613065326564e-01 2.099999999999999922e-01 7.238999999999999602e-02 7.631299999999999750e-01 1.706999999999999837e-02
2.109045226130653317e-01 2.099999999999999922e-01 7.238999999999999602e-02 7.631299999999999750e-01 1.706999999999999837e-02
3.113567839195979792e-01 2.099999999999999922e-01 7.238999999999999602e-02 7.631299999999999750e-01 1.706999999999999837e-02
4.118090452261306544e-01 2.099999999999999922e-01 7.238999999999999602e-02 7.631299999999999750e-01 1.706999999999999837e-02
5.122613065326633297e-01 2.109999999999999931e-01 7.582999999999999463e-02 7.797100000000000142e-01 1.767000000000000168e-02
6.127135678391959495e-01 2.099999999999999922e-01 1.052700000000000025e-01 8.791900000000000270e-01 2.485000000000000056e-02
7.131658291457286802e-01 2.030000000000000138e-01 1.393399999999999916e-01 8.914900000000000047e-01 3.518999999999999906e-02
8.136180904522613000e-01 1.900000000000000022e-01 1.661900000000000044e-01 8.773199999999999887e-01 4.034999999999999698e-02
9.140703517587939197e-01 2.190000000000000002e-01 2.327200000000000102e-01 5.796099999999999586e-01 7.406000000000000083e-02
1.014522613065326651e+00 2.200000000000000011e-01 2.527400000000000202e-01 5.717900000000000205e-01 7.850999999999999646e-02
1.114974874371859270e+00 2.210000000000000020e-01 2.743099999999999983e-01 5.810899999999999954e-01 7.926999999999999325e-02
1.215427135678391890e+00 2.210000000000000020e-01 2.926599999999999757e-01 5.960199999999999942e-01 7.953000000000000347e-02
1.315879396984924510e+00 2.240000000000000047e-01 2.756500000000000061e-01 6.191900000000000182e-01 1.581299999999999928e-01
1.416331658291457352e+00 2.230000000000000038e-01 3.048500000000000099e-01 6.486300000000000399e-01 1.779300000000000048e-01
1.516783919597989971e+00 1.759999999999999898e-01 2.637399999999999745e-01 5.793099999999999916e-01 1.083800000000000041e-01
1.617236180904522591e+00 1.759999999999999898e-01 2.696999999999999953e-01 5.620300000000000296e-01 1.135300000000000059e-01
1.717688442211055211e+00 1.759999999999999898e-01 2.745699999999999807e-01 5.474799999999999667e-01 1.187399999999999983e-01
1.818140703517587831e+00 1.769999999999999907e-01 2.785799999999999943e-01 5.346300000000000496e-01 1.233299999999999952e-01
1.918592964824120672e+00 1.769999999999999907e-01 2.820900000000000074e-01 5.221700000000000230e-01 1.272800000000000042e-01
2.019045226130653070e+00 1.769999999999999907e-01 2.862100000000000199e-01 5.092600000000000460e-01 1.338399999999999868e-01
2.119497487437185690e+00 1.769999999999999907e-01 2.919999999999999818e-01 4.949100000000000166e-01 1.444000000000000006e-01
2.219949748743718310e+00 1.769999999999999907e-01 2.969200000000000172e-01 4.823899999999999855e-01 1.533799999999999886e-01
2.320402010050250929e+00 1.769999999999999907e-01 3.007000000000000228e-01 4.721199999999999841e-01 1.601799999999999891e-01
2.420854271356783549e+00 1.769999999999999907e-01 3.041499999999999759e-01 4.625500000000000167e-01 1.667200000000000071e-01
2.521306532663316169e+00 1.779999999999999916e-01 3.068299999999999916e-01 4.542599999999999971e-01 1.718200000000000005e-01
2.621758793969848789e+00 1.779999999999999916e-01 3.089299999999999824e-01 4.471800000000000219e-01 1.758800000000000086e-01
2.722211055276381853e+00 1.779999999999999916e-01 3.106499999999999817e-01 4.408400000000000096e-01 1.793099999999999972e-01
2.822663316582914472e+00 1.779999999999999916e-01 3.120299999999999740e-01 4.351700000000000013e-01 1.821500000000000064e-01
2.923115577889447092e+00 1.779999999999999916e-01 3.132499999999999729e-01 4.297900000000000054e-01 1.846899999999999931e-01
3.023567839195979712e+00 1.779999999999999916e-01 3.147699999999999942e-01 4.263600000000000168e-01 1.872399999999999898e-01
3.124020100502512332e+00 1.779999999999999916e-01 3.158299999999999996e-01 4.226199999999999957e-01 1.890600000000000058e-01
3.224472361809044951e+00 1.779999999999999916e-01 3.166700000000000070e-01 4.191099999999999826e-01 1.905699999999999894e-01
3.324924623115577571e+00 1.779999999999999916e-01 3.173799999999999955e-01 4.158899999999999819e-01 1.919099999999999973e-01
3.425376884422110191e+00 1.779999999999999916e-01 3.179100000000000259e-01 4.128000000000000003e-01 1.929599999999999926e-01
3.525829145728642811e+00 1.779999999999999916e-01 3.182400000000000229e-01 4.095599999999999796e-01 1.937300000000000133e-01
3.626281407035175430e+00 1.779999999999999916e-01 3.184600000000000208e-01 4.064599999999999880e-01 1.943000000000000005e-01
3.726733668341708050e+00 1.779999999999999916e-01 3.186200000000000143e-01 4.035699999999999843e-01 1.948499999999999954e-01
3.827185929648241114e+00 1.779999999999999916e-01 3.187499999999999778e-01 4.012499999999999956e-01 1.954400000000000026e-01
3.927638190954773734e+00 1.779999999999999916e-01 3.189299999999999913e-01 3.994599999999999818e-01 1.962899999999999923e-01
4.028090452261306353e+00 1.789999999999999925e-01 3.190999999999999948e-01 3.975400000000000045e-01 1.971999999999999864e-01
4.128542713567838973e+00 1.789999999999999925e-01 3.195500000000000007e-01 3.966899999999999871e-01 1.980999999999999983e-01
4.228994974874371593e+00 1.789999999999999925e-01 3.200100000000000167e-01 3.972300000000000275e-01 1.991300000000000014e-01
4.329447236180904213e+00 1.789999999999999925e-01 3.206999999999999851e-01 3.976799999999999780e-01 2.006999999999999895e-01
4.429899497487436832e+00 1.789999999999999925e-01 3.218400000000000150e-01 3.985400000000000054e-01 2.026999999999999913e-01
4.530351758793969452e+00 1.789999999999999925e-01 3.228800000000000003e-01 3.993200000000000083e-01 2.045700000000000018e-01
4.630804020100502072e+00 1.789999999999999925e-01 3.239900000000000002e-01 4.002999999999999892e-01 2.064699999999999869e-01
4.731256281407034692e+00 1.789999999999999925e-01 3.252399999999999736e-01 4.020900000000000030e-01 2.083099999999999952e-01
4.831708542713567311e+00 1.789999999999999925e-01 3.264299999999999979e-01 4.037799999999999723e-01 2.100700000000000067e-01
4.932160804020099931e+00 1.789999999999999925e-01 3.274599999999999733e-01 4.053800000000000181e-01 2.116500000000000048e-01
5.032613065326632551e+00 1.799999999999999933e-01 3.283800000000000052e-01 4.069699999999999984e-01 2.130700000000000094e-01
5.133065326633165171e+00 1.799999999999999933e-01 3.292100000000000026e-01 4.084599999999999898e-01 2.143799999999999872e-01
5.233517587939697790e+00 1.799999999999999933e-01 3.299400000000000110e-01 4.098899999999999766e-01 2.155700000000000116e-01
5.333969849246230410e+00 1.799999999999999933e-01 3.305799999999999850e-01 4.112299999999999844e-01 2.166599999999999915e-01
5.434422110552763918e+00 1.799999999999999933e-01 3.313999999999999724e-01 4.128999999999999893e-01 2.180100000000000093e-01
5.534874371859296538e+00 1.799999999999999933e-01 3.323499999999999788e-01 4.143600000000000061e-01 2.195199999999999929e-01
5.635326633165829158e+00 1.799999999999999933e-01 3.337600000000000011e-01 4.178299999999999792e-01 2.207800000000000040e-01
5.735778894472361777e+00 1.799999999999999933e-01 3.351700000000000235e-01 4.212000000000000188e-01 2.219700000000000006e-01
5.836231155778894397e+00 1.799999999999999933e-01 3.365600000000000258e-01 4.242299999999999960e-01 2.231599999999999973e-01
5.936683417085427017e+00 1.799999999999999933e-01 3.378800000000000137e-01 4.270800000000000152e-01 2.242599999999999871e-01
6.037135678391959637e+00 1.799999999999999933e-01 3.395400000000000085e-01 4.306099999999999928e-01 2.256799999999999917e-01
6.137587939698492256e+00 1.799999999999999933e-01 3.413300000000000223e-01 4.341099999999999959e-01 2.273100000000000120e-01
6.238040201005024876e+00 1.799999999999999933e-01 3.430900000000000061e-01 4.375399999999999845e-01 2.289700000000000069e-01
6.338492462311557496e+00 1.799999999999999933e-01 3.448399999999999799e-01 4.409199999999999786e-01 2.306600000000000039e-01
6.438944723618090116e+00 1.799999999999999933e-01 3.465400000000000147e-01 4.441399999999999793e-01 2.323500000000000010e-01
6.539396984924622735e+00 1.809999999999999942e-01 3.484599999999999920e-01 4.473400000000000154e-01 2.341999999999999915e-01
6.639849246231155355e+00 1.809999999999999942e-01 3.503299999999999748e-01 4.504799999999999915e-01 2.359799999999999953e-01
6.740301507537687975e+00 1.809999999999999942e-01 3.520400000000000196e-01 4.533599999999999852e-01 2.376399999999999901e-01
6.840753768844220595e+00 1.809999999999999942e-01 3.535800000000000054e-01 4.559599999999999764e-01 2.391399999999999915e-01
6.941206030150753215e+00 1.809999999999999942e-01 3.550400000000000222e-01 4.586100000000000176e-01 2.405299999999999938e-01
7.041658291457285834e+00 1.809999999999999942e-01 3.564300000000000246e-01 4.610500000000000154e-01 2.419000000000000039e-01
7.142110552763818454e+00 1.809999999999999942e-01 3.576699999999999879e-01 4.632700000000000151e-01 2.431599999999999873e-01
7.242562814070351074e+00 1.809999999999999942e-01 3.588399999999999923e-01 4.654599999999999849e-01 2.443200000000000094e-01
7.343015075376883694e+00 1.809999999999999942e-01 3.598999999999999977e-01 4.675099999999999811e-01 2.453899999999999970e-01
7.443467336683416313e+00 1.809999999999999942e-01 3.609600000000000031e-01 4.693200000000000149e-01 2.464800000000000046e-01
7.543919597989949821e+00 1.809999999999999942e-01 3.619600000000000040e-01 4.710300000000000042e-01 2.475199999999999900e-01
7.644371859296482441e+00 1.809999999999999942e-01 3.630099999999999993e-01 4.727799999999999780e-01 2.485700000000000132e-01
7.744824120603015061e+00 1.809999999999999942e-01 3.640100000000000002e-01 4.743999999999999884e-01 2.495900000000000063e-01
7.845276381909547680e+00 1.809999999999999942e-01 3.652500000000000191e-01 4.763899999999999801e-01 2.507499999999999729e-01
7.945728643216080300e+00 1.809999999999999942e-01 3.664799999999999724e-01 4.781199999999999894e-01 2.519399999999999973e-01
8.046180904522612920e+00 1.809999999999999942e-01 3.676400000000000223e-01 4.797000000000000153e-01 2.530899999999999817e-01
8.146633165829145540e+00 1.809999999999999942e-01 3.687300000000000022e-01 4.811599999999999766e-01 2.541800000000000170e-01
8.247085427135678160e+00 1.809999999999999942e-01 3.697599999999999776e-01 4.825200000000000045e-01 2.552200000000000024e-01
8.347537688442210779e+00 1.809999999999999942e-01 3.707199999999999940e-01 4.837199999999999833e-01 2.561999999999999833e-01
8.447989949748743399e+00 1.809999999999999942e-01 3.718600000000000239e-01 4.849499999999999922e-01 2.573699999999999877e-01
8.548442211055276019e+00 1.809999999999999942e-01 3.730399999999999827e-01 4.862699999999999800e-01 2.585700000000000220e-01
8.648894472361808639e+00 1.809999999999999942e-01 3.745200000000000196e-01 4.868100000000000205e-01 2.602400000000000269e-01
8.749346733668341258e+00 1.819999999999999951e-01 3.759299999999999864e-01 4.873000000000000109e-01 2.618300000000000072e-01
8.849798994974873878e+00 1.819999999999999951e-01 3.772499999999999742e-01 4.877000000000000224e-01 2.633300000000000085e-01
8.950251256281406498e+00 1.819999999999999951e-01 3.786599999999999966e-01 4.877900000000000014e-01 2.649900000000000033e-01
9.050703517587939118e+00 1.819999999999999951e-01 3.800100000000000144e-01 4.878299999999999859e-01 2.665899999999999936e-01
9.151155778894471737e+00 1.819999999999999951e-01 3.814199999999999813e-01 4.877600000000000269e-01 2.683099999999999929e-01
9.251608040201004357e+00 1.819999999999999951e-01 3.827499999999999791e-01 4.876199999999999979e-01 2.700000000000000178e-01
9.352060301507536977e+00 1.819999999999999951e-01 3.840299999999999825e-01 4.874600000000000044e-01 2.716500000000000026e-01
9.452512562814069597e+00 1.819999999999999951e-01 3.852099999999999969e-01 4.873600000000000154e-01 2.731600000000000139e-01
9.552964824120602216e+00 1.819999999999999951e-01 3.864199999999999857e-01 4.874600000000000044e-01 2.746399999999999952e-01
9.653417085427134836e+00 1.819999999999999951e-01 3.877200000000000091e-01 4.873799999999999799e-01 2.762600000000000056e-01
9.753869346733667456e+00 1.819999999999999951e-01 3.889699999999999824e-01 4.872600000000000264e-01 2.778300000000000214e-01
9.854321608040200076e+00 1.819999999999999951e-01 3.902700000000000058e-01 4.869700000000000140e-01 2.794900000000000162e-01
9.954773869346732695e+00 1.819999999999999951e-01 3.916100000000000136e-01 4.871099999999999874e-01 2.810500000000000220e-01
1.005522613065326532e+01 1.819999999999999951e-01 3.929900000000000060e-01 4.873899999999999899e-01 2.826000000000000179e-01
1.015567839195979793e+01 1.819999999999999951e-01 3.942999999999999838e-01 4.875900000000000234e-01 2.840900000000000092e-01
1.025613065326633055e+01 1.819999999999999951e-01 3.955000000000000182e-01 4.877699999999999814e-01 2.854700000000000015e-01
1.035658291457286317e+01 1.819999999999999951e-01 3.967300000000000271e-01 4.879800000000000249e-01 2.868600000000000039e-01
1.045703517587939579e+01 1.819999999999999951e-01 3.978900000000000214e-01 4.882799999999999918e-01 2.881500000000000172e-01
1.055748743718592841e+01 1.819999999999999951e-01 3.989900000000000113e-01 4.884800000000000253e-01 2.894100000000000006e-01
1.065793969849246103e+01 1.819999999999999951e-01 4.000400000000000067e-01 4.887299999999999978e-01 2.905800000000000050e-01
1.075839195979899543e+01 1.819999999999999951e-01 4.010099999999999776e-01 4.889100000000000112e-01 2.917000000000000148e-01
1.085884422110552805e+01 1.819999999999999951e-01 4.019300000000000095e-01 4.890800000000000147e-01 2.927500000000000102e-01
1.095929648241206067e+01 1.819999999999999951e-01 4.027999999999999914e-01 4.892000000000000237e-01 2.937799999999999856e-01
1.105974874371859329e+01 1.819999999999999951e-01 4.036100000000000243e-01 4.892599999999999727e-01 2.947899999999999965e-01
1.116020100502512591e+01 1.819999999999999951e-01 4.043800000000000172e-01 4.891099999999999892e-01 2.958500000000000019e-01
1.126065326633165853e+01 1.819999999999999951e-01 4.050900000000000056e-01 4.890100000000000002e-01 2.968299999999999828e-01
1.136110552763819115e+01 1.819999999999999951e-01 4.057799999999999740e-01 4.889299999999999757e-01 2.977500000000000147e-01
1.146155778894472377e+01 1.819999999999999951e-01 4.064400000000000235e-01 4.887500000000000178e-01 2.986699999999999910e-01
1.156201005025125639e+01 1.819999999999999951e-01 4.070900000000000074e-01 4.885499999999999843e-01 2.995700000000000029e-01
1.166246231155778901e+01 1.819999999999999951e-01 4.077399999999999913e-01 4.882500000000000173e-01 3.005099999999999993e-01
1.176291457286432163e+01 1.819999999999999951e-01 4.083700000000000108e-01 4.879600000000000048e-01 3.014200000000000212e-01
1.186336683417085425e+01 1.819999999999999951e-01 4.090099999999999847e-01 4.876300000000000079e-01 3.023799999999999821e-01
1.196381909547738687e+01 1.829999999999999960e-01 4.095900000000000096e-01 4.873199999999999754e-01 3.032699999999999840e-01
1.206427135678391949e+01 1.829999999999999960e-01 4.100900000000000101e-01 4.870499999999999829e-01 3.040999999999999814e-01
1.216472361809045211e+01 1.829999999999999960e-01 4.105900000000000105e-01 4.867199999999999860e-01 3.049600000000000088e-01
1.226517587939698473e+01 1.829999999999999960e-01 4.110400000000000165e-01 4.864499999999999935e-01 3.057500000000000218e-01
1.236562814070351735e+01 1.829999999999999960e-01 4.114499999999999824e-01 4.862000000000000210e-01 3.065300000000000247e-01
1.246608040201004997e+01 1.829999999999999960e-01 4.118499999999999939e-01 4.859499999999999931e-01 3.073000000000000176e-01
1.256653266331658259e+01 1.829999999999999960e-01 4.122899999999999898e-01 4.857000000000000206e-01 3.081099999999999950e-01
1.266698492462311521e+01 1.829999999999999960e-01 4.127299999999999858e-01 4.854700000000000126e-01 3.089000000000000079e-01
1.276743718592964782e+01 1.829999999999999960e-01 4.131500000000000172e-01 4.852600000000000247e-01 3.096599999999999908e-01
1.286788944723618044e+01 1.829999999999999960e-01 4.135499999999999732e-01 4.850400000000000267e-01 3.103899999999999992e-01
1.296834170854271306e+01 1.829999999999999960e-01 4.139700000000000046e-01 4.848100000000000187e-01 3.111099999999999977e-01
1.306879396984924568e+01 1.829999999999999960e-01 4.144100000000000006e-01 4.845300000000000162e-01 3.118500000000000161e-01
1.316924623115577830e+01 1.829999999999999960e-01 4.147799999999999820e-01 4.842799999999999883e-01 3.125399999999999845e-01
1.326969849246231092e+01 1.829999999999999960e-01 4.151400000000000090e-01 4.839899999999999758e-01 3.132300000000000084e-01
1.337015075376884354e+01 1.829999999999999960e-01 4.154800000000000160e-01 4.837099999999999733e-01 3.138599999999999723e-01
1.347060301507537616e+01 1.829999999999999960e-01 4.157899999999999929e-01 4.834200000000000164e-01 3.144700000000000273e-01
1.357105527638190878e+01 1.829999999999999960e-01 4.161199999999999899e-01 4.830999999999999739e-01 3.150999999999999912e-01
1.367150753768844140e+01 1.829999999999999960e-01 4.164100000000000024e-01 4.828200000000000269e-01 3.156599999999999961e-01
1.377195979899497402e+01 1.829999999999999960e-01 4.166599999999999748e-01 4.825699999999999990e-01 3.162099999999999911e-01
1.387241206030150664e+01 1.829999999999999960e-01 4.169100000000000028e-01 4.823600000000000110e-01 3.167699999999999960e-01
1.397286432160803926e+01 1.829999999999999960e-01 4.171500000000000208e-01 4.822500000000000120e-01 3.172900000000000165e-01
1.407331658291457188e+01 1.829999999999999960e-01 4.173899999999999832e-01 4.821099999999999830e-01 3.178000000000000269e-01
1.417376884422110450e+01 1.829999999999999960e-01 4.176000000000000267e-01 4.819899999999999740e-01 3.182800000000000074e-01
1.427422110552763712e+01 1.829999999999999960e-01 4.178100000000000147e-01 4.818899999999999850e-01 3.187400000000000233e-01
1.437467336683416974e+01 1.839999999999999969e-01 4.180099999999999927e-01 4.817500000000000115e-01 3.191899999999999737e-01
1.447512562814070236e+01 1.839999999999999969e-01 4.182100000000000262e-01 4.815999999999999726e-01 3.196499999999999897e-01
1.457557788944723498e+01 1.839999999999999969e-01 4.183899999999999841e-01 4.814700000000000091e-01 3.200799999999999756e-01
1.467603015075376760e+01 1.839999999999999969e-01 4.185699999999999976e-01 4.813100000000000156e-01 3.205000000000000071e-01
1.477648241206030022e+01 1.839999999999999969e-01 4.187199999999999811e-01 4.811699999999999866e-01 3.208699999999999886e-01
1.487693467336683284e+01 1.839999999999999969e-01 4.188700000000000201e-01 4.809999999999999831e-01 3.212599999999999900e-01
1.497738693467336546e+01 1.839999999999999969e-01 4.190300000000000136e-01 4.808100000000000152e-01 3.216499999999999915e-01
1.507783919597989986e+01 1.839999999999999969e-01 4.191799999999999971e-01 4.806099999999999817e-01 3.220299999999999829e-01
1.517829145728643248e+01 1.839999999999999969e-01 4.193100000000000160e-01 4.804300000000000237e-01 3.223799999999999999e-01
1.527874371859296510e+01 1.839999999999999969e-01 4.194399999999999795e-01 4.802400000000000002e-01 3.227300000000000169e-01
1.537919597989949771e+01 1.839999999999999969e-01 4.195599999999999885e-01 4.800699999999999967e-01 3.230600000000000138e-01
1.547964824120603033e+01 1.839999999999999969e-01 4.196699999999999875e-01 4.798899999999999832e-01 3.233699999999999908e-01
1.558010050251256295e+01 1.839999999999999969e-01 4.197500000000000120e-01 4.797600000000000198e-01 3.236499999999999932e-01
1.568055276381909557e+01 1.839999999999999969e-01 4.198100000000000165e-01 4.796699999999999853e-01 3.239099999999999757e-01
1.578100502512562819e+01 1.839999999999999969e-01 4.198500000000000010e-01 4.795800000000000063e-01 3.241600000000000037e-01
1.588145728643216081e+01 1.839999999999999969e-01 4.198899999999999855e-01 4.794800000000000173e-01 3.244000000000000217e-01
1.598190954773869343e+01 1.839999999999999969e-01 4.199200000000000155e-01 4.793600000000000083e-01 3.246299999999999741e-01
1.608236180904522783e+01 1.839999999999999969e-01 4.199499999999999900e-01 4.792399999999999993e-01 3.248400000000000176e-01
1.618281407035176045e+01 1.839999999999999969e-01 4.199700000000000100e-01 4.791199999999999903e-01 3.250299999999999856e-01
1.628326633165829307e+01 1.839999999999999969e-01 4.199800000000000200e-01 4.789999999999999813e-01 3.251999999999999891e-01
1.638371859296482569e+01 1.839999999999999969e-01 4.199999999999999845e-01 4.788600000000000079e-01 3.253699999999999926e-01
1.648417085427135831e+01 1.839999999999999969e-01 4.199899999999999745e-01 4.787899999999999934e-01 3.255199999999999760e-01
1.658462311557789093e+01 1.839999999999999969e-01 4.199800000000000200e-01 4.787199999999999789e-01 3.256600000000000050e-01
1.668507537688442355e+01 1.839999999999999969e-01 4.199499999999999900e-01 4.786400000000000099e-01 3.257999999999999785e-01
1.678552763819095617e+01 1.849999999999999978e-01 4.199100000000000055e-01 4.785400000000000209e-01 3.259099999999999775e-01
1.688597989949748879e+01 1.849999999999999978e-01 4.198799999999999755e-01 4.784200000000000119e-01 3.260299999999999865e-01
1.698643216080402141e+01 1.849999999999999978e-01 4.198000000000000065e-01 4.783200000000000229e-01 3.260799999999999810e-01
1.708688442211055403e+01 1.849999999999999978e-01 4.197299999999999920e-01 4.782100000000000239e-01 3.261399999999999855e-01
1.718733668341708665e+01 1.849999999999999978e-01 4.196599999999999775e-01 4.780800000000000050e-01 3.261999999999999900e-01
1.728778894472361927e+01 1.849999999999999978e-01 4.196099999999999830e-01 4.779399999999999760e-01 3.262900000000000245e-01
1.738824120603015189e+01 1.849999999999999978e-01 4.195499999999999785e-01 4.778000000000000025e-01 3.263499999999999734e-01
1.748869346733668451e+01 1.849999999999999978e-01 4.194599999999999995e-01 4.777000000000000135e-01 3.263800000000000034e-01
1.758914572864321713e+01 1.849999999999999978e-01 4.193500000000000005e-01 4.776199999999999890e-01 3.263800000000000034e-01
1.768959798994974975e+01 1.849999999999999978e-01 4.192500000000000115e-01 4.775300000000000100e-01 3.263900000000000134e-01
1.779005025125628237e+01 1.849999999999999978e-01 4.191599999999999770e-01 4.774100000000000010e-01 3.264099999999999779e-01
1.789050251256281499e+01 1.849999999999999978e-01 4.190699999999999981e-01 4.773000000000000020e-01 3.264299999999999979e-01
1.799095477386934760e+01 1.849999999999999978e-01 4.190099999999999936e-01 4.771099999999999786e-01 3.265000000000000124e-01
1.809140703517588022e+01 1.849999999999999978e-01 4.189499999999999891e-01 4.769399999999999751e-01 3.265600000000000169e-01
1.819185929648241284e+01 1.849999999999999978e-01 4.188799999999999746e-01 4.767700000000000271e-01 3.266100000000000114e-01
1.829231155778894546e+01 1.849999999999999978e-01 4.188100000000000156e-01 4.766099999999999781e-01 3.266499999999999959e-01
1.839276381909547808e+01 1.849999999999999978e-01 4.187100000000000266e-01 4.764599999999999946e-01 3.266700000000000159e-01
1.849321608040201070e+01 1.849999999999999978e-01 4.186000000000000276e-01 4.763299999999999756e-01 3.266700000000000159e-01
1.859366834170854332e+01 1.849999999999999978e-01 4.184700000000000086e-01 4.762199999999999767e-01 3.266600000000000059e-01
1.869412060301507594e+01 1.849999999999999978e-01 4.183200000000000252e-01 4.761400000000000077e-01 3.266399999999999859e-01
1.879457286432160856e+01 1.849999999999999978e-01 4.181699999999999862e-01 4.760499999999999732e-01 3.266100000000000114e-01
1.889502512562814118e+01 1.849999999999999978e-01 4.180200000000000027e-01 4.759599999999999942e-01 3.265700000000000269e-01
1.899547738693467380e+01 1.849999999999999978e-01 4.178700000000000192e-01 4.758600000000000052e-01 3.265299999999999869e-01
1.909592964824120642e+01 1.849999999999999978e-01 4.177299999999999902e-01 4.757799999999999807e-01 3.265000000000000124e-01
1.919638190954773904e+01 1.849999999999999978e-01 4.176099999999999812e-01 4.757100000000000217e-01 3.264799999999999924e-01
1.929683417085427166e+01 1.849999999999999978e-01 4.174900000000000277e-01 4.756299999999999972e-01 3.264599999999999724e-01
1.939728643216080428e+01 1.849999999999999978e-01 4.173700000000000188e-01 4.755699999999999927e-01 3.264299999999999979e-01
1.949773869346733690e+01 1.849999999999999978e-01 4.172399999999999998e-01 4.754900000000000237e-01 3.264000000000000234e-01
1.959819095477386952e+01 1.849999999999999978e-01 4.171300000000000008e-01 4.753999999999999893e-01 3.263800000000000034e-01
1.969864321608040214e+01 1.849999999999999978e-01 4.170200000000000018e-01 4.753100000000000103e-01 3.263599999999999834e-01
1.979909547738693476e+01 1.849999999999999978e-01 4.169100000000000028e-01 4.752100000000000213e-01 3.263400000000000190e-01
1.989954773869346738e+01 1.849999999999999978e-01 4.168000000000000038e-01 4.751099999999999768e-01 3.263300000000000090e-01
2.000000000000000000e+01 1.849999999999999978e-01 4.166900000000000048e-01 4.749900000000000233e-01 3.263099999999999890e-01
