1.000000000000000000e+00 1.739999999999999880e-01 6.107840000000000380e+00 2.570399999999999907e-01
2.000000000000000000e+00 1.869999999999999996e-01 7.379340000000000011e+00 7.049299999999999455e-01
3.000000000000000000e+00 1.880000000000000004e-01 7.023810000000000109e+00 6.169499999999999984e-01
4.000000000000000000e+00 1.739999999999999880e-01 6.617409999999999570e+00 5.367300000000000404e-01
5.000000000000000000e+00 1.739999999999999880e-01 6.274210000000000065e+00 4.773000000000000020e-01
6.000000000000000000e+00 1.739999999999999880e-01 6.010069999999999801e+00 4.292099999999999804e-01
7.000000000000000000e+00 1.739999999999999880e-01 5.798849999999999838e+00 3.926399999999999890e-01
8.000000000000000000e+00 1.739999999999999880e-01 5.590090000000000003e+00 3.653199999999999781e-01
9.000000000000000000e+00 -1.000000000000000000e+00 -1.000000000000000000e+00 0.000000000000000000e+00
1.000000000000000000e+01 1.809999999999999942e-01 5.238089999999999691e+00 3.304400000000000115e-01
1.100000000000000000e+01 -1.000000000000000000e+00 -1.000000000000000000e+00 0.000000000000000000e+00
1.200000000000000000e+01 -1.000000000000000000e+00 -1.000000000000000000e+00 0.000000000000000000e+00
1.300000000000000000e+01 -1.000000000000000000e+00 -1.000000000000000000e+00 0.000000000000000000e+00
1.400000000000000000e+01 1.809999999999999942e-01 4.697530000000000427e+00 2.909599999999999964e-01
1.500000000000000000e+01 -1.000000000000000000e+00 -1.000000000000000000e+00 0.000000000000000000e+00
1.600000000000000000e+01 1.809999999999999942e-01 4.503829999999999778e+00 2.787299999999999778e-01
1.700000000000000000e+01 -1.000000000000000000e+00 -1.000000000000000000e+00 0.000000000000000000e+00
1.800000000000000000e+01 -1.000000000000000000e+00 -1.000000000000000000e+00 0.000000000000000000e+00
1.900000000000000000e+01 1.809999999999999942e-01 4.301199999999999690e+00 2.682100000000000040e-01
2.000000000000000000e+01 1.809999999999999942e-01 4.247320000000000206e+00 2.656899999999999817e-01
2.100000000000000000e+01 -1.000000000000000000e+00 -1.000000000000000000e+00 0.000000000000000000e+00
2.200000000000000000e+01 -1.000000000000000000e+00 -1.000000000000000000e+00 0.000000000000000000e+00
2.300000000000000000e+01 1.809999999999999942e-01 4.147579999999999600e+00 2.623800000000000021e-01
2.400000000000000000e+01 -1.000000000000000000e+00 -1.000000000000000000e+00 0.000000000000000000e+00
2.500000000000000000e+01 -1.000000000000000000e+00 -1.000000000000000000e+00 0.000000000000000000e+00
2.600000000000000000e+01 -1.000000000000000000e+00 -1.000000000000000000e+00 0.000000000000000000e+00
2.700000000000000000e+01 1.809999999999999942e-01 4.077110000000000234e+00 2.627999999999999781e-01
2.800000000000000000e+01 1.529999999999999971e-01 8.009899999999999798e-01 1.951600000000000001e-01
2.900000000000000000e+01 1.809999999999999942e-01 4.038879999999999804e+00 2.631999999999999895e-01
3.000000000000000000e+01 1.809999999999999942e-01 4.019260000000000055e+00 2.632200000000000095e-01
3.100000000000000000e+01 1.809999999999999942e-01 3.997819999999999929e+00 2.630199999999999760e-01
3.200000000000000000e+01 1.529999999999999971e-01 8.066999999999999726e-01 2.817299999999999804e-01
3.300000000000000000e+01 1.529999999999999971e-01 7.957300000000000484e-01 2.861600000000000255e-01
3.400000000000000000e+01 1.529999999999999971e-01 7.878800000000000248e-01 2.898700000000000165e-01
3.500000000000000000e+01 1.809999999999999942e-01 3.921670000000000211e+00 2.631299999999999750e-01
3.600000000000000000e+01 1.809999999999999942e-01 3.906950000000000145e+00 2.633699999999999930e-01
3.700000000000000000e+01 1.529999999999999971e-01 7.339599999999999458e-01 3.006300000000000083e-01
3.800000000000000000e+01 1.529999999999999971e-01 7.046200000000000241e-01 3.042799999999999949e-01
3.900000000000000000e+01 1.529999999999999971e-01 6.740899999999999670e-01 3.086400000000000254e-01
4.000000000000000000e+01 1.529999999999999971e-01 6.477100000000000080e-01 3.137900000000000134e-01
4.100000000000000000e+01 1.529999999999999971e-01 6.225300000000000278e-01 3.192499999999999782e-01
4.200000000000000000e+01 1.529999999999999971e-01 5.959499999999999797e-01 3.245899999999999896e-01
4.300000000000000000e+01 1.529999999999999971e-01 5.688499999999999668e-01 3.310699999999999754e-01
4.400000000000000000e+01 1.529999999999999971e-01 5.470300000000000162e-01 3.373900000000000232e-01
4.500000000000000000e+01 1.529999999999999971e-01 5.254900000000000126e-01 3.428599999999999981e-01
4.600000000000000000e+01 1.529999999999999971e-01 5.080500000000000016e-01 3.470199999999999951e-01
4.700000000000000000e+01 1.529999999999999971e-01 4.927400000000000113e-01 3.511400000000000077e-01
4.800000000000000000e+01 1.529999999999999971e-01 4.780099999999999905e-01 3.556799999999999962e-01
4.900000000000000000e+01 1.529999999999999971e-01 4.650299999999999989e-01 3.603700000000000236e-01
5.000000000000000000e+01 1.529999999999999971e-01 4.542999999999999816e-01 3.653399999999999981e-01
5.100000000000000000e+01 1.529999999999999971e-01 4.465899999999999870e-01 3.705999999999999850e-01
5.200000000000000000e+01 1.529999999999999971e-01 4.406200000000000117e-01 3.748500000000000165e-01
5.300000000000000000e+01 1.529999999999999971e-01 4.330399999999999805e-01 3.783799999999999941e-01
5.400000000000000000e+01 1.529999999999999971e-01 4.260599999999999943e-01 3.820399999999999907e-01
5.500000000000000000e+01 1.529999999999999971e-01 4.204499999999999904e-01 3.855899999999999883e-01
5.600000000000000000e+01 1.529999999999999971e-01 4.153800000000000270e-01 3.889699999999999824e-01
5.700000000000000000e+01 1.529999999999999971e-01 4.109700000000000020e-01 3.922300000000000231e-01
5.800000000000000000e+01 1.529999999999999971e-01 4.047299999999999787e-01 3.955899999999999972e-01
5.900000000000000000e+01 1.529999999999999971e-01 3.981500000000000039e-01 3.989599999999999813e-01
6.000000000000000000e+01 1.529999999999999971e-01 3.925400000000000000e-01 4.017899999999999805e-01
6.100000000000000000e+01 1.529999999999999971e-01 3.868699999999999917e-01 4.035299999999999998e-01
6.200000000000000000e+01 1.529999999999999971e-01 3.815899999999999848e-01 4.047799999999999732e-01
6.300000000000000000e+01 1.529999999999999971e-01 3.768099999999999783e-01 4.057000000000000051e-01
6.400000000000000000e+01 1.529999999999999971e-01 3.724600000000000133e-01 4.057000000000000051e-01
6.500000000000000000e+01 1.529999999999999971e-01 3.686499999999999777e-01 4.034300000000000108e-01
6.600000000000000000e+01 1.529999999999999971e-01 3.650200000000000111e-01 3.959799999999999986e-01
6.700000000000000000e+01 1.529999999999999971e-01 3.615099999999999980e-01 3.853300000000000058e-01
6.800000000000000000e+01 1.529999999999999971e-01 3.589700000000000113e-01 3.698100000000000276e-01
6.900000000000000000e+01 1.529999999999999971e-01 3.577600000000000224e-01 3.468899999999999761e-01
7.000000000000000000e+01 1.529999999999999971e-01 3.576500000000000234e-01 3.147199999999999998e-01
7.100000000000000000e+01 1.529999999999999971e-01 3.578299999999999814e-01 2.713300000000000156e-01
7.200000000000000000e+01 1.529999999999999971e-01 3.578200000000000269e-01 2.066399999999999904e-01
7.300000000000000000e+01 1.739999999999999880e-01 3.729210000000000136e+00 2.715199999999999836e-01
7.400000000000000000e+01 -1.000000000000000000e+00 -1.000000000000000000e+00 0.000000000000000000e+00
7.500000000000000000e+01 -1.000000000000000000e+00 -1.000000000000000000e+00 0.000000000000000000e+00
7.600000000000000000e+01 -1.000000000000000000e+00 -1.000000000000000000e+00 0.000000000000000000e+00
7.700000000000000000e+01 -1.000000000000000000e+00 -1.000000000000000000e+00 0.000000000000000000e+00
7.800000000000000000e+01 -1.000000000000000000e+00 -1.000000000000000000e+00 0.000000000000000000e+00
7.900000000000000000e+01 -1.000000000000000000e+00 -1.000000000000000000e+00 0.000000000000000000e+00
8.000000000000000000e+01 -1.000000000000000000e+00 -1.000000000000000000e+00 0.000000000000000000e+00
8.100000000000000000e+01 -1.000000000000000000e+00 -1.000000000000000000e+00 0.000000000000000000e+00
8.200000000000000000e+01 -1.000000000000000000e+00 -1.000000000000000000e+00 0.000000000000000000e+00
8.300000000000000000e+01 -1.000000000000000000e+00 -1.000000000000000000e+00 0.000000000000000000e+00
8.400000000000000000e+01 -1.000000000000000000e+00 -1.000000000000000000e+00 0.000000000000000000e+00
8.500000000000000000e+01 -1.000000000000000000e+00 -1.000000000000000000e+00 0.000000000000000000e+00
8.600000000000000000e+01 -1.000000000000000000e+00 -1.000000000000000000e+00 0.000000000000000000e+00
8.700000000000000000e+01 -1.000000000000000000e+00 -1.000000000000000000e+00 0.000000000000000000e+00
8.800000000000000000e+01 -1.000000000000000000e+00 -1.000000000000000000e+00 0.000000000000000000e+00
8.900000000000000000e+01 -1.000000000000000000e+00 -1.000000000000000000e+00 0.000000000000000000e+00
9.000000000000000000e+01 -1.000000000000000000e+00 -1.000000000000000000e+00 0.000000000000000000e+00
9.100000000000000000e+01 -1.000000000000000000e+00 -1.000000000000000000e+00 0.000000000000000000e+00
9.200000000000000000e+01 -1.000000000000000000e+00 -1.000000000000000000e+00 0.000000000000000000e+00
9.300000000000000000e+01 -1.000000000000000000e+00 -1.000000000000000000e+00 0.000000000000000000e+00
9.400000000000000000e+01 -1.000000000000000000e+00 -1.000000000000000000e+00 0.000000000000000000e+00
9.500000000000000000e+01 -1.000000000000000000e+00 -1.000000000000000000e+00 0.000000000000000000e+00
9.600000000000000000e+01 -1.000000000000000000e+00 -1.000000000000000000e+00 0.000000000000000000e+00
9.700000000000000000e+01 -1.000000000000000000e+00 -1.000000000000000000e+00 0.000000000000000000e+00
9.800000000000000000e+01 -1.000000000000000000e+00 -1.000000000000000000e+00 0.000000000000000000e+00
9.900000000000000000e+01 -1.000000000000000000e+00 -1.000000000000000000e+00 0.000000000000000000e+00
1.000000000000000000e+02 -1.000000000000000000e+00 -1.000000000000000000e+00 0.000000000000000000e+00
1.010000000000000000e+02 -1.000000000000000000e+00 -1.000000000000000000e+00 0.000000000000000000e+00
1.020000000000000000e+02 -1.000000000000000000e+00 -1.000000000000000000e+00 0.000000000000000000e+00
1.030000000000000000e+02 -1.000000000000000000e+00 -1.000000000000000000e+00 0.000000000000000000e+00
1.040000000000000000e+02 -1.000000000000000000e+00 -1.000000000000000000e+00 0.000000000000000000e+00
1.050000000000000000e+02 -1.000000000000000000e+00 -1.000000000000000000e+00 0.000000000000000000e+00
1.060000000000000000e+02 -1.000000000000000000e+00 -1.000000000000000000e+00 0.000000000000000000e+00
1.070000000000000000e+02 -1.000000000000000000e+00 -1.000000000000000000e+00 0.000000000000000000e+00
1.080000000000000000e+02 -1.000000000000000000e+00 -1.000000000000000000e+00 0.000000000000000000e+00
1.090000000000000000e+02 1.529999999999999971e-01 8.471199999999999841e-01 3.743199999999999861e-01
1.100000000000000000e+02 1.529999999999999971e-01 8.716000000000000414e-01 5.520300000000000207e-01
1.110000000000000000e+02 1.529999999999999971e-01 8.959599999999999786e-01 6.280999999999999917e-01
1.120000000000000000e+02 1.529999999999999971e-01 9.198899999999999855e-01 6.474499999999999700e-01
1.130000000000000000e+02 1.529999999999999971e-01 9.442599999999999882e-01 6.359799999999999898e-01
1.140000000000000000e+02 1.529999999999999971e-01 9.723600000000000021e-01 6.031199999999999894e-01
1.150000000000000000e+02 1.529999999999999971e-01 1.001880000000000104e+00 5.648100000000000342e-01
1.160000000000000000e+02 1.529999999999999971e-01 1.029460000000000042e+00 5.321799999999999864e-01
1.170000000000000000e+02 1.529999999999999971e-01 1.057649999999999979e+00 5.030000000000000027e-01
1.180000000000000000e+02 1.529999999999999971e-01 1.085790000000000033e+00 4.773200000000000220e-01
1.190000000000000000e+02 1.529999999999999971e-01 1.113990000000000036e+00 4.540899999999999936e-01
1.200000000000000000e+02 1.529999999999999971e-01 1.140989999999999949e+00 4.340600000000000014e-01
