1.000000000000000000e+00 1.600000000000000033e-01 8.016099999999999781e+00 6.639899999999999691e-01
2.000000000000000000e+00 1.529999999999999971e-01 4.404860000000000220e+00 6.311400000000000343e-01
3.000000000000000000e+00 1.529999999999999971e-01 4.472019999999999662e+00 6.433600000000000430e-01
4.000000000000000000e+00 1.600000000000000033e-01 4.540160000000000196e+00 6.501700000000000257e-01
5.000000000000000000e+00 1.600000000000000033e-01 4.594920000000000115e+00 6.594700000000000006e-01
6.000000000000000000e+00 1.600000000000000033e-01 4.638899999999999579e+00 6.752099999999999769e-01
7.000000000000000000e+00 1.600000000000000033e-01 4.680119999999999614e+00 6.891399999999999748e-01
8.000000000000000000e+00 1.600000000000000033e-01 4.706430000000000113e+00 7.002899999999999681e-01
9.000000000000000000e+00 1.600000000000000033e-01 4.713910000000000267e+00 7.100400000000000045e-01
1.000000000000000000e+01 1.600000000000000033e-01 4.722310000000000230e+00 7.175000000000000266e-01
1.100000000000000000e+01 2.079999999999999905e-01 9.028980000000000672e+00 5.772899999999999698e-01
1.200000000000000000e+01 2.079999999999999905e-01 9.041000000000000369e+00 5.769800000000000484e-01
1.300000000000000000e+01 1.600000000000000033e-01 4.751870000000000260e+00 7.288799999999999724e-01
1.400000000000000000e+01 2.079999999999999905e-01 9.075309999999999988e+00 5.731000000000000538e-01
1.500000000000000000e+01 2.079999999999999905e-01 9.093609999999999971e+00 5.712500000000000355e-01
1.600000000000000000e+01 2.079999999999999905e-01 9.111850000000000449e+00 5.665200000000000236e-01
1.700000000000000000e+01 2.079999999999999905e-01 9.128890000000000171e+00 5.593900000000000539e-01
1.800000000000000000e+01 2.079999999999999905e-01 9.143679999999999808e+00 5.519800000000000262e-01
1.900000000000000000e+01 2.079999999999999905e-01 9.157299999999999329e+00 5.456100000000000394e-01
2.000000000000000000e+01 2.079999999999999905e-01 9.169169999999999376e+00 5.395799999999999486e-01
2.100000000000000000e+01 2.079999999999999905e-01 9.179410000000000736e+00 5.337800000000000322e-01
2.200000000000000000e+01 2.079999999999999905e-01 9.186059999999999448e+00 5.290799999999999947e-01
2.300000000000000000e+01 2.079999999999999905e-01 9.191530000000000200e+00 5.244900000000000118e-01
2.400000000000000000e+01 2.079999999999999905e-01 9.193189999999999529e+00 5.206399999999999917e-01
2.500000000000000000e+01 2.079999999999999905e-01 9.191169999999999618e+00 5.177800000000000180e-01
2.600000000000000000e+01 2.079999999999999905e-01 9.188650000000000873e+00 5.148399999999999643e-01
2.700000000000000000e+01 2.079999999999999905e-01 9.185940000000000438e+00 5.123299999999999521e-01
2.800000000000000000e+01 2.079999999999999905e-01 9.179470000000000240e+00 5.111700000000000133e-01
2.900000000000000000e+01 2.079999999999999905e-01 9.170759999999999579e+00 5.105800000000000338e-01
3.000000000000000000e+01 2.079999999999999905e-01 9.163399999999999324e+00 5.102900000000000214e-01
3.100000000000000000e+01 2.079999999999999905e-01 9.156729999999999592e+00 5.104800000000000448e-01
3.200000000000000000e+01 2.079999999999999905e-01 9.145129999999999981e+00 5.109700000000000353e-01
3.300000000000000000e+01 2.010000000000000120e-01 9.131619999999999848e+00 5.111999999999999877e-01
3.400000000000000000e+01 2.010000000000000120e-01 9.118320000000000647e+00 5.114300000000000512e-01
3.500000000000000000e+01 1.940000000000000058e-01 9.105270000000000863e+00 5.117599999999999927e-01
3.600000000000000000e+01 1.940000000000000058e-01 9.092710000000000292e+00 5.120999999999999996e-01
3.700000000000000000e+01 1.940000000000000058e-01 9.080220000000000624e+00 5.120599999999999596e-01
3.800000000000000000e+01 1.940000000000000058e-01 9.068170000000000286e+00 5.119599999999999707e-01
3.900000000000000000e+01 1.940000000000000058e-01 9.056710000000000704e+00 5.117199999999999527e-01
4.000000000000000000e+01 1.940000000000000058e-01 9.045949999999999491e+00 5.116100000000000092e-01
4.100000000000000000e+01 1.869999999999999996e-01 9.036009999999999209e+00 5.115800000000000347e-01
4.200000000000000000e+01 1.869999999999999996e-01 9.026920000000000499e+00 5.115199999999999747e-01
4.300000000000000000e+01 1.869999999999999996e-01 9.017620000000000857e+00 5.115300000000000402e-01
4.400000000000000000e+01 1.869999999999999996e-01 9.009339999999999904e+00 5.114600000000000257e-01
4.500000000000000000e+01 1.869999999999999996e-01 9.001219999999999999e+00 5.113699999999999912e-01
4.600000000000000000e+01 1.869999999999999996e-01 8.995599999999999596e+00 5.114300000000000512e-01
4.700000000000000000e+01 1.869999999999999996e-01 8.990529999999999688e+00 5.115699999999999692e-01
4.800000000000000000e+01 1.869999999999999996e-01 8.986100000000000421e+00 5.116699999999999582e-01
4.900000000000000000e+01 1.940000000000000058e-01 8.981189999999999785e+00 5.119500000000000162e-01
5.000000000000000000e+01 1.940000000000000058e-01 8.973750000000000782e+00 5.123499999999999721e-01
5.100000000000000000e+01 1.940000000000000058e-01 8.967169999999999419e+00 5.128200000000000536e-01
5.200000000000000000e+01 1.940000000000000058e-01 8.961790000000000589e+00 5.131299999999999750e-01
5.300000000000000000e+01 1.940000000000000058e-01 8.955769999999999342e+00 5.133900000000000130e-01
5.400000000000000000e+01 2.010000000000000120e-01 8.949949999999999406e+00 5.136500000000000510e-01
5.500000000000000000e+01 2.010000000000000120e-01 8.944279999999999120e+00 5.139000000000000234e-01
5.600000000000000000e+01 2.010000000000000120e-01 8.938929999999999154e+00 5.142200000000000104e-01
5.700000000000000000e+01 2.010000000000000120e-01 8.933980000000000032e+00 5.145199999999999774e-01
5.800000000000000000e+01 1.940000000000000058e-01 8.929579999999999629e+00 5.148700000000000498e-01
5.900000000000000000e+01 1.940000000000000058e-01 8.926379999999999981e+00 5.153200000000000003e-01
6.000000000000000000e+01 1.940000000000000058e-01 8.924080000000000013e+00 5.158099999999999907e-01
6.100000000000000000e+01 1.940000000000000058e-01 8.921739999999999782e+00 5.162799999999999612e-01
6.200000000000000000e+01 1.940000000000000058e-01 8.919769999999999754e+00 5.167399999999999771e-01
6.300000000000000000e+01 1.940000000000000058e-01 8.917329999999999757e+00 5.171999999999999931e-01
6.400000000000000000e+01 1.940000000000000058e-01 8.915010000000000545e+00 5.176399999999999890e-01
6.500000000000000000e+01 1.940000000000000058e-01 8.911809999999999121e+00 5.180599999999999650e-01
6.600000000000000000e+01 1.940000000000000058e-01 8.908139999999999503e+00 5.184499999999999664e-01
6.700000000000000000e+01 1.940000000000000058e-01 8.903679999999999595e+00 5.187100000000000044e-01
6.800000000000000000e+01 1.940000000000000058e-01 8.898479999999999279e+00 5.189899999999999514e-01
6.900000000000000000e+01 1.940000000000000058e-01 8.893150000000000333e+00 5.192200000000000149e-01
7.000000000000000000e+01 1.940000000000000058e-01 8.887900000000000134e+00 5.194800000000000528e-01
7.100000000000000000e+01 1.940000000000000058e-01 8.881019999999999470e+00 5.197199999999999598e-01
7.200000000000000000e+01 1.940000000000000058e-01 8.874209999999999710e+00 5.199700000000000433e-01
7.300000000000000000e+01 1.940000000000000058e-01 8.867779999999999774e+00 5.202200000000000157e-01
7.400000000000000000e+01 1.940000000000000058e-01 8.861879999999999313e+00 5.204800000000000537e-01
7.500000000000000000e+01 1.940000000000000058e-01 8.856780000000000541e+00 5.207699999999999552e-01
7.600000000000000000e+01 1.940000000000000058e-01 8.852489999999999526e+00 5.210700000000000331e-01
7.700000000000000000e+01 1.940000000000000058e-01 8.849320000000000519e+00 5.214299999999999491e-01
7.800000000000000000e+01 1.940000000000000058e-01 8.847080000000000055e+00 5.218500000000000361e-01
7.900000000000000000e+01 1.940000000000000058e-01 8.844829999999999970e+00 5.222400000000000375e-01
8.000000000000000000e+01 2.010000000000000120e-01 8.842029999999999390e+00 5.227600000000000025e-01
8.100000000000000000e+01 2.010000000000000120e-01 8.839859999999999829e+00 5.233299999999999619e-01
8.200000000000000000e+01 2.010000000000000120e-01 8.837400000000000588e+00 5.238699999999999468e-01
8.300000000000000000e+01 2.010000000000000120e-01 8.835399999999999920e+00 5.244299999999999518e-01
8.400000000000000000e+01 2.010000000000000120e-01 8.832679999999999865e+00 5.250200000000000422e-01
8.500000000000000000e+01 2.010000000000000120e-01 8.829430000000000334e+00 5.255499999999999616e-01
8.600000000000000000e+01 2.010000000000000120e-01 8.826240000000000308e+00 5.261099999999999666e-01
8.700000000000000000e+01 2.010000000000000120e-01 8.822530000000000427e+00 5.266600000000000170e-01
8.800000000000000000e+01 2.010000000000000120e-01 8.819140000000000867e+00 5.272000000000000020e-01
8.900000000000000000e+01 2.010000000000000120e-01 8.815830000000000055e+00 5.277300000000000324e-01
9.000000000000000000e+01 2.010000000000000120e-01 8.812820000000000320e+00 5.282599999999999518e-01
9.100000000000000000e+01 2.010000000000000120e-01 8.809699999999999420e+00 5.287699999999999623e-01
9.200000000000000000e+01 2.010000000000000120e-01 8.807079999999999131e+00 5.293099999999999472e-01
9.300000000000000000e+01 2.010000000000000120e-01 8.804380000000000095e+00 5.298699999999999521e-01
9.400000000000000000e+01 2.010000000000000120e-01 8.802630000000000621e+00 5.304799999999999516e-01
9.500000000000000000e+01 2.010000000000000120e-01 8.800969999999999516e+00 5.310700000000000420e-01
9.600000000000000000e+01 2.010000000000000120e-01 8.799149999999999139e+00 5.316600000000000215e-01
9.700000000000000000e+01 2.010000000000000120e-01 8.798329999999999984e+00 5.323299999999999699e-01
9.800000000000000000e+01 2.010000000000000120e-01 8.798439999999999372e+00 5.330899999999999528e-01
9.900000000000000000e+01 2.010000000000000120e-01 8.798429999999999751e+00 5.338300000000000267e-01
1.000000000000000000e+02 2.010000000000000120e-01 8.797760000000000247e+00 5.345499999999999696e-01
1.010000000000000000e+02 2.010000000000000120e-01 8.798030000000000683e+00 5.353200000000000180e-01
1.020000000000000000e+02 2.010000000000000120e-01 8.797940000000000538e+00 5.360500000000000265e-01
1.030000000000000000e+02 2.010000000000000120e-01 8.798479999999999634e+00 5.368399999999999839e-01
1.040000000000000000e+02 2.010000000000000120e-01 8.799329999999999430e+00 5.376400000000000068e-01
1.050000000000000000e+02 2.010000000000000120e-01 8.800950000000000273e+00 5.384799999999999587e-01
1.060000000000000000e+02 2.010000000000000120e-01 8.803250000000000242e+00 5.393299999999999761e-01
1.070000000000000000e+02 2.010000000000000120e-01 8.805509999999999948e+00 5.401799999999999935e-01
1.080000000000000000e+02 2.010000000000000120e-01 8.807079999999999131e+00 5.410000000000000364e-01
1.090000000000000000e+02 2.010000000000000120e-01 8.808870000000000644e+00 5.418100000000000138e-01
1.100000000000000000e+02 2.010000000000000120e-01 8.810679999999999623e+00 5.426299999999999457e-01
1.110000000000000000e+02 1.880000000000000004e-01 9.374480000000000146e+00 6.242299999999999516e-01
1.120000000000000000e+02 2.010000000000000120e-01 8.814090000000000202e+00 5.442299999999999915e-01
1.130000000000000000e+02 2.010000000000000120e-01 8.815640000000000143e+00 5.450300000000000145e-01
1.140000000000000000e+02 2.010000000000000120e-01 8.817159999999999442e+00 5.458300000000000374e-01
1.150000000000000000e+02 2.010000000000000120e-01 8.818720000000000780e+00 5.465999999999999748e-01
1.160000000000000000e+02 1.880000000000000004e-01 9.393309999999999604e+00 6.281700000000000061e-01
1.170000000000000000e+02 1.880000000000000004e-01 9.397140000000000271e+00 6.289000000000000146e-01
1.180000000000000000e+02 2.010000000000000120e-01 8.823740000000000805e+00 5.488499999999999490e-01
1.190000000000000000e+02 1.880000000000000004e-01 9.404519999999999769e+00 6.303199999999999914e-01
1.200000000000000000e+02 1.880000000000000004e-01 9.408149999999999125e+00 6.309500000000000108e-01
