1.000000000000000000e+00 1.529999999999999971e-01 6.800220000000000375e+00 6.691999999999999338e-02
2.000000000000000000e+00 1.390000000000000124e-01 4.655059999999999754e+00 1.221399999999999986e-01
3.000000000000000000e+00 1.670000000000000095e-01 4.778900000000000148e+00 5.607999999999999791e-02
4.000000000000000000e+00 1.670000000000000095e-01 4.483489999999999753e+00 5.822000000000000092e-02
5.000000000000000000e+00 1.670000000000000095e-01 4.435450000000000337e+00 6.171000000000000096e-02
6.000000000000000000e+00 1.670000000000000095e-01 4.335720000000000240e+00 6.417000000000000481e-02
7.000000000000000000e+00 1.529999999999999971e-01 2.715609999999999857e+00 1.261700000000000044e-01
8.000000000000000000e+00 1.529999999999999971e-01 2.736940000000000150e+00 1.407499999999999862e-01
9.000000000000000000e+00 -1.000000000000000000e+00 -1.000000000000000000e+00 0.000000000000000000e+00
1.000000000000000000e+01 -1.000000000000000000e+00 -1.000000000000000000e+00 0.000000000000000000e+00
1.100000000000000000e+01 -1.000000000000000000e+00 -1.000000000000000000e+00 0.000000000000000000e+00
1.200000000000000000e+01 -1.000000000000000000e+00 -1.000000000000000000e+00 0.000000000000000000e+00
1.300000000000000000e+01 -1.000000000000000000e+00 -1.000000000000000000e+00 0.000000000000000000e+00
1.400000000000000000e+01 -1.000000000000000000e+00 -1.000000000000000000e+00 0.000000000000000000e+00
1.500000000000000000e+01 -1.000000000000000000e+00 -1.000000000000000000e+00 0.000000000000000000e+00
1.600000000000000000e+01 -1.000000000000000000e+00 -1.000000000000000000e+00 0.000000000000000000e+00
1.700000000000000000e+01 -1.000000000000000000e+00 -1.000000000000000000e+00 0.000000000000000000e+00
1.800000000000000000e+01 -1.000000000000000000e+00 -1.000000000000000000e+00 0.000000000000000000e+00
1.900000000000000000e+01 -1.000000000000000000e+00 -1.000000000000000000e+00 0.000000000000000000e+00
2.000000000000000000e+01 -1.000000000000000000e+00 -1.000000000000000000e+00 0.000000000000000000e+00
2.100000000000000000e+01 -1.000000000000000000e+00 -1.000000000000000000e+00 0.000000000000000000e+00
2.200000000000000000e+01 -1.000000000000000000e+00 -1.000000000000000000e+00 0.000000000000000000e+00
2.300000000000000000e+01 -1.000000000000000000e+00 -1.000000000000000000e+00 0.000000000000000000e+00
2.400000000000000000e+01 -1.000000000000000000e+00 -1.000000000000000000e+00 0.000000000000000000e+00
2.500000000000000000e+01 1.320000000000000062e-01 3.911800000000000277e-01 2.404499999999999971e-01
2.600000000000000000e+01 1.320000000000000062e-01 3.958099999999999952e-01 3.048100000000000254e-01
2.700000000000000000e+01 1.320000000000000062e-01 4.094599999999999906e-01 3.274799999999999933e-01
2.800000000000000000e+01 1.320000000000000062e-01 4.318600000000000216e-01 3.431299999999999906e-01
2.900000000000000000e+01 1.320000000000000062e-01 4.547700000000000076e-01 3.547299999999999898e-01
3.000000000000000000e+01 1.320000000000000062e-01 4.766900000000000026e-01 3.631599999999999828e-01
3.100000000000000000e+01 1.320000000000000062e-01 4.937099999999999822e-01 3.738299999999999956e-01
3.200000000000000000e+01 1.320000000000000062e-01 5.092900000000000205e-01 3.821599999999999997e-01
3.300000000000000000e+01 1.320000000000000062e-01 5.236300000000000399e-01 3.896399999999999864e-01
3.400000000000000000e+01 1.320000000000000062e-01 5.370300000000000074e-01 3.953400000000000247e-01
3.500000000000000000e+01 1.320000000000000062e-01 5.455100000000000504e-01 4.020099999999999785e-01
3.600000000000000000e+01 1.320000000000000062e-01 5.530800000000000161e-01 4.074900000000000189e-01
3.700000000000000000e+01 1.320000000000000062e-01 5.600199999999999623e-01 4.145800000000000041e-01
3.800000000000000000e+01 1.320000000000000062e-01 5.667400000000000215e-01 4.226900000000000102e-01
3.900000000000000000e+01 1.320000000000000062e-01 5.738799999999999457e-01 4.320499999999999896e-01
4.000000000000000000e+01 1.320000000000000062e-01 5.802899999999999725e-01 4.417400000000000215e-01
4.100000000000000000e+01 1.320000000000000062e-01 5.864200000000000523e-01 4.516800000000000259e-01
4.200000000000000000e+01 1.320000000000000062e-01 5.920900000000000052e-01 4.607899999999999774e-01
4.300000000000000000e+01 1.320000000000000062e-01 5.983399999999999830e-01 4.702899999999999858e-01
4.400000000000000000e+01 1.320000000000000062e-01 6.079900000000000304e-01 4.803799999999999737e-01
4.500000000000000000e+01 1.320000000000000062e-01 6.079799999999999649e-01 4.861400000000000166e-01
4.600000000000000000e+01 1.320000000000000062e-01 6.065000000000000391e-01 4.920399999999999774e-01
4.700000000000000000e+01 1.320000000000000062e-01 6.051499999999999657e-01 4.977300000000000058e-01
4.800000000000000000e+01 1.320000000000000062e-01 6.030200000000000005e-01 5.014999999999999458e-01
4.900000000000000000e+01 1.320000000000000062e-01 6.001600000000000268e-01 5.046699999999999520e-01
5.000000000000000000e+01 1.320000000000000062e-01 5.966000000000000192e-01 5.068899999999999517e-01
5.100000000000000000e+01 1.320000000000000062e-01 5.927999999999999936e-01 5.085699999999999665e-01
5.200000000000000000e+01 1.320000000000000062e-01 5.885599999999999721e-01 5.097099999999999964e-01
5.300000000000000000e+01 1.320000000000000062e-01 5.839199999999999946e-01 5.113100000000000422e-01
5.400000000000000000e+01 1.320000000000000062e-01 5.796099999999999586e-01 5.134699999999999820e-01
5.500000000000000000e+01 1.320000000000000062e-01 5.757499999999999840e-01 5.155300000000000438e-01
5.600000000000000000e+01 1.320000000000000062e-01 5.720800000000000329e-01 5.167800000000000171e-01
5.700000000000000000e+01 1.320000000000000062e-01 5.681100000000000039e-01 5.176500000000000545e-01
5.800000000000000000e+01 1.320000000000000062e-01 5.642099999999999893e-01 5.184800000000000519e-01
5.900000000000000000e+01 1.320000000000000062e-01 5.600600000000000023e-01 5.203100000000000502e-01
6.000000000000000000e+01 1.320000000000000062e-01 5.564799999999999747e-01 5.242900000000000338e-01
6.100000000000000000e+01 1.320000000000000062e-01 5.547900000000000054e-01 5.286300000000000443e-01
6.200000000000000000e+01 1.320000000000000062e-01 5.535299999999999665e-01 5.335999999999999632e-01
6.300000000000000000e+01 1.320000000000000062e-01 5.524400000000000421e-01 5.388199999999999656e-01
6.400000000000000000e+01 1.320000000000000062e-01 5.516499999999999737e-01 5.437999999999999501e-01
6.500000000000000000e+01 1.320000000000000062e-01 5.520500000000000407e-01 5.488499999999999490e-01
6.600000000000000000e+01 1.320000000000000062e-01 5.530800000000000161e-01 5.554299999999999793e-01
6.700000000000000000e+01 1.320000000000000062e-01 5.548600000000000199e-01 5.630699999999999594e-01
6.800000000000000000e+01 1.320000000000000062e-01 5.563000000000000167e-01 5.704200000000000381e-01
6.900000000000000000e+01 1.320000000000000062e-01 5.566200000000000037e-01 5.773599999999999843e-01
7.000000000000000000e+01 1.320000000000000062e-01 5.562700000000000422e-01 5.847999999999999865e-01
7.100000000000000000e+01 1.320000000000000062e-01 5.536499999999999755e-01 5.930400000000000116e-01
7.200000000000000000e+01 1.320000000000000062e-01 5.502099999999999769e-01 6.002199999999999758e-01
7.300000000000000000e+01 1.320000000000000062e-01 5.467999999999999527e-01 6.068599999999999550e-01
7.400000000000000000e+01 1.320000000000000062e-01 5.436499999999999666e-01 6.120999999999999774e-01
7.500000000000000000e+01 1.320000000000000062e-01 5.366400000000000059e-01 6.165399999999999769e-01
7.600000000000000000e+01 1.320000000000000062e-01 5.296899999999999942e-01 6.199799999999999756e-01
7.700000000000000000e+01 1.320000000000000062e-01 5.230700000000000349e-01 6.222400000000000153e-01
7.800000000000000000e+01 1.320000000000000062e-01 5.162799999999999612e-01 6.227599999999999802e-01
7.900000000000000000e+01 1.320000000000000062e-01 5.092400000000000260e-01 6.217399999999999594e-01
8.000000000000000000e+01 1.320000000000000062e-01 5.021900000000000253e-01 6.189400000000000457e-01
8.100000000000000000e+01 1.320000000000000062e-01 4.950899999999999745e-01 6.151900000000000146e-01
8.200000000000000000e+01 1.320000000000000062e-01 4.880099999999999993e-01 6.073300000000000365e-01
8.300000000000000000e+01 1.320000000000000062e-01 4.808299999999999796e-01 5.898600000000000509e-01
8.400000000000000000e+01 1.320000000000000062e-01 4.725400000000000156e-01 5.543900000000000494e-01
8.500000000000000000e+01 1.320000000000000062e-01 4.640500000000000180e-01 4.954700000000000215e-01
8.600000000000000000e+01 1.320000000000000062e-01 4.548300000000000121e-01 4.133399999999999852e-01
8.700000000000000000e+01 1.320000000000000062e-01 4.440799999999999748e-01 3.167300000000000115e-01
8.800000000000000000e+01 1.320000000000000062e-01 4.346300000000000163e-01 1.179400000000000032e-01
8.900000000000000000e+01 -1.000000000000000000e+00 -1.000000000000000000e+00 0.000000000000000000e+00
9.000000000000000000e+01 -1.000000000000000000e+00 -1.000000000000000000e+00 0.000000000000000000e+00
9.100000000000000000e+01 -1.000000000000000000e+00 -1.000000000000000000e+00 0.000000000000000000e+00
9.200000000000000000e+01 -1.000000000000000000e+00 -1.000000000000000000e+00 0.000000000000000000e+00
9.300000000000000000e+01 -1.000000000000000000e+00 -1.000000000000000000e+00 0.000000000000000000e+00
9.400000000000000000e+01 -1.000000000000000000e+00 -1.000000000000000000e+00 0.000000000000000000e+00
9.500000000000000000e+01 -1.000000000000000000e+00 -1.000000000000000000e+00 0.000000000000000000e+00
9.600000000000000000e+01 -1.000000000000000000e+00 -1.000000000000000000e+00 0.000000000000000000e+00
9.700000000000000000e+01 -1.000000000000000000e+00 -1.000000000000000000e+00 0.000000000000000000e+00
9.800000000000000000e+01 -1.000000000000000000e+00 -1.000000000000000000e+00 0.000000000000000000e+00
9.900000000000000000e+01 -1.000000000000000000e+00 -1.000000000000000000e+00 0.000000000000000000e+00
1.000000000000000000e+02 -1.000000000000000000e+00 -1.000000000000000000e+00 0.000000000000000000e+00
1.010000000000000000e+02 -1.000000000000000000e+00 -1.000000000000000000e+00 0.000000000000000000e+00
1.020000000000000000e+02 -1.000000000000000000e+00 -1.000000000000000000e+00 0.000000000000000000e+00
1.030000000000000000e+02 -1.000000000000000000e+00 -1.000000000000000000e+00 0.000000000000000000e+00
1.040000000000000000e+02 -1.000000000000000000e+00 -1.000000000000000000e+00 0.000000000000000000e+00
1.050000000000000000e+02 -1.000000000000000000e+00 -1.000000000000000000e+00 0.000000000000000000e+00
1.060000000000000000e+02 -1.000000000000000000e+00 -1.000000000000000000e+00 0.000000000000000000e+00
1.070000000000000000e+02 -1.000000000000000000e+00 -1.000000000000000000e+00 0.000000000000000000e+00
1.080000000000000000e+02 -1.000000000000000000e+00 -1.000000000000000000e+00 0.000000000000000000e+00
1.090000000000000000e+02 -1.000000000000000000e+00 -1.000000000000000000e+00 0.000000000000000000e+00
1.100000000000000000e+02 -1.000000000000000000e+00 -1.000000000000000000e+00 0.000000000000000000e+00
1.110000000000000000e+02 -1.000000000000000000e+00 -1.000000000000000000e+00 0.000000000000000000e+00
1.120000000000000000e+02 -1.000000000000000000e+00 -1.000000000000000000e+00 0.000000000000000000e+00
1.130000000000000000e+02 -1.000000000000000000e+00 -1.000000000000000000e+00 0.000000000000000000e+00
1.140000000000000000e+02 -1.000000000000000000e+00 -1.000000000000000000e+00 0.000000000000000000e+00
1.150000000000000000e+02 -1.000000000000000000e+00 -1.000000000000000000e+00 0.000000000000000000e+00
1.160000000000000000e+02 -1.000000000000000000e+00 -1.000000000000000000e+00 0.000000000000000000e+00
1.170000000000000000e+02 -1.000000000000000000e+00 -1.000000000000000000e+00 0.000000000000000000e+00
1.180000000000000000e+02 -1.000000000000000000e+00 -1.000000000000000000e+00 0.000000000000000000e+00
1.190000000000000000e+02 -1.000000000000000000e+00 -1.000000000000000000e+00 0.000000000000000000e+00
1.200000000000000000e+02 -1.000000000000000000e+00 -1.000000000000000000e+00 0.000000000000000000e+00
