1.000000000000000000e+00 1.809999999999999942e-01 6.635799999999999699e+00 7.454300000000000370e-01
2.000000000000000000e+00 1.739999999999999880e-01 6.043829999999999814e+00 7.363399999999999945e-01
3.000000000000000000e+00 1.940000000000000058e-01 7.187829999999999941e+00 1.299099999999999977e-01
4.000000000000000000e+00 1.940000000000000058e-01 4.685690000000000133e+00 3.975099999999999745e-01
5.000000000000000000e+00 1.940000000000000058e-01 4.753669999999999618e+00 3.724999999999999978e-01
6.000000000000000000e+00 2.079999999999999905e-01 4.777219999999999800e+00 3.699700000000000211e-01
7.000000000000000000e+00 2.079999999999999905e-01 4.782130000000000436e+00 3.740200000000000191e-01
8.000000000000000000e+00 2.079999999999999905e-01 4.788289999999999935e+00 3.774500000000000077e-01
9.000000000000000000e+00 2.079999999999999905e-01 4.794760000000000133e+00 3.806499999999999884e-01
1.000000000000000000e+01 2.079999999999999905e-01 4.810629999999999740e+00 3.844799999999999884e-01
1.100000000000000000e+01 2.079999999999999905e-01 4.831529999999999880e+00 3.875899999999999901e-01
1.200000000000000000e+01 2.079999999999999905e-01 4.857590000000000074e+00 3.926899999999999835e-01
1.300000000000000000e+01 2.079999999999999905e-01 4.883840000000000181e+00 3.975099999999999745e-01
1.400000000000000000e+01 2.010000000000000120e-01 4.911940000000000417e+00 4.030799999999999939e-01
1.500000000000000000e+01 2.010000000000000120e-01 4.939070000000000071e+00 4.079800000000000093e-01
1.600000000000000000e+01 1.940000000000000058e-01 4.964649999999999785e+00 4.125499999999999723e-01
1.700000000000000000e+01 1.940000000000000058e-01 4.990669999999999717e+00 4.168399999999999883e-01
1.800000000000000000e+01 1.940000000000000058e-01 5.017000000000000348e+00 4.210099999999999953e-01
1.900000000000000000e+01 1.940000000000000058e-01 5.038719999999999644e+00 4.305999999999999828e-01
2.000000000000000000e+01 1.940000000000000058e-01 5.065760000000000041e+00 4.353600000000000247e-01
2.100000000000000000e+01 1.940000000000000058e-01 5.089430000000000121e+00 4.400600000000000067e-01
2.200000000000000000e+01 1.940000000000000058e-01 5.111530000000000129e+00 4.443799999999999972e-01
2.300000000000000000e+01 1.940000000000000058e-01 5.132430000000000270e+00 4.484299999999999953e-01
2.400000000000000000e+01 1.940000000000000058e-01 5.157210000000000072e+00 4.523699999999999943e-01
2.500000000000000000e+01 1.880000000000000004e-01 5.191620000000000346e+00 4.573099999999999943e-01
2.600000000000000000e+01 1.880000000000000004e-01 5.230979999999999741e+00 4.624599999999999822e-01
2.700000000000000000e+01 1.880000000000000004e-01 5.265939999999999621e+00 4.671699999999999742e-01
2.800000000000000000e+01 1.880000000000000004e-01 5.304310000000000080e+00 4.707000000000000073e-01
2.900000000000000000e+01 1.880000000000000004e-01 5.344719999999999693e+00 4.742799999999999794e-01
3.000000000000000000e+01 1.880000000000000004e-01 5.384000000000000341e+00 4.777299999999999880e-01
3.100000000000000000e+01 1.880000000000000004e-01 5.424719999999999764e+00 4.814300000000000246e-01
3.200000000000000000e+01 1.809999999999999942e-01 5.461780000000000079e+00 4.849700000000000122e-01
3.300000000000000000e+01 1.809999999999999942e-01 5.497880000000000322e+00 4.883799999999999808e-01
3.400000000000000000e+01 1.809999999999999942e-01 5.530219999999999914e+00 4.914999999999999925e-01
3.500000000000000000e+01 1.809999999999999942e-01 5.560950000000000060e+00 4.945599999999999996e-01
3.600000000000000000e+01 1.809999999999999942e-01 5.597419999999999618e+00 4.980499999999999927e-01
3.700000000000000000e+01 1.809999999999999942e-01 5.636849999999999916e+00 5.016500000000000403e-01
3.800000000000000000e+01 1.809999999999999942e-01 5.673919999999999852e+00 5.049000000000000155e-01
3.900000000000000000e+01 1.739999999999999880e-01 5.711229999999999585e+00 5.076100000000000056e-01
4.000000000000000000e+01 1.739999999999999880e-01 5.751350000000000406e+00 5.102499999999999813e-01
4.100000000000000000e+01 1.739999999999999880e-01 5.786900000000000155e+00 5.130200000000000315e-01
4.200000000000000000e+01 1.739999999999999880e-01 5.819119999999999848e+00 5.159200000000000452e-01
4.300000000000000000e+01 1.739999999999999880e-01 5.848980000000000068e+00 5.190700000000000314e-01
4.400000000000000000e+01 1.739999999999999880e-01 5.878560000000000230e+00 5.221900000000000430e-01
4.500000000000000000e+01 1.739999999999999880e-01 5.905840000000000423e+00 5.252400000000000402e-01
4.600000000000000000e+01 1.739999999999999880e-01 5.931149999999999700e+00 5.282099999999999573e-01
4.700000000000000000e+01 1.739999999999999880e-01 5.956540000000000390e+00 5.309000000000000385e-01
4.800000000000000000e+01 1.739999999999999880e-01 5.980339999999999989e+00 5.333400000000000363e-01
4.900000000000000000e+01 1.739999999999999880e-01 6.003919999999999924e+00 5.355900000000000105e-01
5.000000000000000000e+01 1.739999999999999880e-01 6.027479999999999727e+00 5.376199999999999868e-01
5.100000000000000000e+01 1.670000000000000095e-01 6.048670000000000435e+00 5.399000000000000465e-01
5.200000000000000000e+01 1.739999999999999880e-01 6.067000000000000171e+00 5.421899999999999498e-01
5.300000000000000000e+01 1.739999999999999880e-01 6.084380000000000344e+00 5.442399999999999460e-01
5.400000000000000000e+01 1.739999999999999880e-01 6.099560000000000315e+00 5.464299999999999713e-01
5.500000000000000000e+01 1.739999999999999880e-01 6.113780000000000214e+00 5.485200000000000076e-01
5.600000000000000000e+01 1.739999999999999880e-01 6.126019999999999577e+00 5.507499999999999618e-01
5.700000000000000000e+01 1.739999999999999880e-01 6.138679999999999914e+00 5.529199999999999671e-01
5.800000000000000000e+01 1.739999999999999880e-01 6.149659999999999904e+00 5.552500000000000213e-01
5.900000000000000000e+01 1.739999999999999880e-01 6.161800000000000388e+00 5.572899999999999521e-01
6.000000000000000000e+01 1.739999999999999880e-01 6.175569999999999560e+00 5.591199999999999504e-01
6.100000000000000000e+01 1.739999999999999880e-01 6.183379999999999654e+00 5.572099999999999831e-01
6.200000000000000000e+01 1.739999999999999880e-01 6.197110000000000340e+00 5.543700000000000294e-01
6.300000000000000000e+01 1.739999999999999880e-01 6.211409999999999876e+00 5.518199999999999772e-01
6.400000000000000000e+01 1.739999999999999880e-01 6.220209999999999795e+00 5.497999999999999554e-01
6.500000000000000000e+01 1.739999999999999880e-01 6.225660000000000416e+00 5.472500000000000142e-01
6.600000000000000000e+01 1.739999999999999880e-01 6.234729999999999883e+00 5.439100000000000046e-01
6.700000000000000000e+01 1.739999999999999880e-01 6.244720000000000049e+00 5.406400000000000095e-01
6.800000000000000000e+01 1.739999999999999880e-01 6.254850000000000243e+00 5.374700000000000033e-01
6.900000000000000000e+01 1.739999999999999880e-01 6.266510000000000247e+00 5.345499999999999696e-01
7.000000000000000000e+01 1.739999999999999880e-01 6.278360000000000163e+00 5.317699999999999649e-01
7.100000000000000000e+01 1.739999999999999880e-01 6.290910000000000224e+00 5.288899999999999713e-01
7.200000000000000000e+01 1.739999999999999880e-01 6.304999999999999716e+00 5.257600000000000051e-01
7.300000000000000000e+01 1.739999999999999880e-01 6.328789999999999694e+00 5.214999999999999636e-01
7.400000000000000000e+01 1.670000000000000095e-01 6.350369999999999848e+00 5.170500000000000096e-01
7.500000000000000000e+01 1.670000000000000095e-01 6.375759999999999650e+00 5.121799999999999686e-01
7.600000000000000000e+01 1.529999999999999971e-01 6.399589999999999890e+00 5.076500000000000457e-01
7.700000000000000000e+01 1.529999999999999971e-01 6.426859999999999573e+00 5.028000000000000247e-01
7.800000000000000000e+01 1.529999999999999971e-01 6.453149999999999942e+00 4.981400000000000272e-01
7.900000000000000000e+01 1.529999999999999971e-01 6.476810000000000400e+00 4.939100000000000157e-01
8.000000000000000000e+01 1.529999999999999971e-01 6.497220000000000439e+00 4.902400000000000091e-01
8.100000000000000000e+01 1.529999999999999971e-01 6.517070000000000363e+00 4.866599999999999815e-01
8.200000000000000000e+01 1.459999999999999909e-01 6.536990000000000300e+00 4.830099999999999949e-01
8.300000000000000000e+01 1.459999999999999909e-01 6.559650000000000425e+00 4.791699999999999848e-01
8.400000000000000000e+01 1.459999999999999909e-01 6.583339999999999748e+00 4.752199999999999758e-01
8.500000000000000000e+01 1.529999999999999971e-01 6.623969999999999914e+00 4.685400000000000120e-01
8.600000000000000000e+01 1.529999999999999971e-01 6.668029999999999902e+00 4.605400000000000049e-01
8.700000000000000000e+01 1.529999999999999971e-01 6.709679999999999644e+00 4.525799999999999823e-01
8.800000000000000000e+01 1.529999999999999971e-01 6.753499999999999837e+00 4.436499999999999888e-01
8.900000000000000000e+01 1.529999999999999971e-01 6.792069999999999830e+00 4.348500000000000143e-01
9.000000000000000000e+01 1.529999999999999971e-01 6.827420000000000044e+00 4.262299999999999978e-01
9.100000000000000000e+01 1.529999999999999971e-01 6.863730000000000331e+00 4.162500000000000089e-01
9.200000000000000000e+01 1.529999999999999971e-01 6.895599999999999952e+00 4.052399999999999891e-01
9.300000000000000000e+01 1.529999999999999971e-01 6.923090000000000188e+00 3.930299999999999905e-01
9.400000000000000000e+01 1.459999999999999909e-01 6.940210000000000434e+00 3.835799999999999765e-01
9.500000000000000000e+01 1.529999999999999971e-01 6.948699999999999655e+00 3.773500000000000187e-01
9.600000000000000000e+01 1.529999999999999971e-01 6.954390000000000072e+00 3.732699999999999907e-01
9.700000000000000000e+01 1.739999999999999880e-01 6.957290000000000418e+00 3.689700000000000202e-01
9.800000000000000000e+01 1.600000000000000033e-01 6.959570000000000256e+00 3.656400000000000206e-01
9.900000000000000000e+01 1.600000000000000033e-01 6.961470000000000269e+00 3.629600000000000048e-01
1.000000000000000000e+02 1.600000000000000033e-01 6.963059999999999583e+00 3.602199999999999847e-01
1.010000000000000000e+02 1.600000000000000033e-01 6.965250000000000163e+00 3.582699999999999774e-01
1.020000000000000000e+02 1.600000000000000033e-01 6.967830000000000190e+00 3.566300000000000026e-01
1.030000000000000000e+02 1.459999999999999909e-01 6.967369999999999841e+00 3.547199999999999798e-01
1.040000000000000000e+02 1.459999999999999909e-01 6.968270000000000408e+00 3.536099999999999799e-01
1.050000000000000000e+02 1.459999999999999909e-01 6.971510000000000318e+00 3.532699999999999729e-01
1.060000000000000000e+02 1.459999999999999909e-01 6.978390000000000093e+00 3.537899999999999934e-01
1.070000000000000000e+02 1.529999999999999971e-01 6.986049999999999649e+00 3.543000000000000038e-01
1.080000000000000000e+02 1.529999999999999971e-01 6.997349999999999959e+00 3.554499999999999882e-01
1.090000000000000000e+02 1.529999999999999971e-01 7.008189999999999920e+00 3.564200000000000146e-01
1.100000000000000000e+02 1.529999999999999971e-01 7.020229999999999748e+00 3.577099999999999724e-01
1.110000000000000000e+02 1.529999999999999971e-01 7.036819999999999631e+00 3.597400000000000042e-01
1.120000000000000000e+02 1.529999999999999971e-01 7.059470000000000134e+00 3.630499999999999838e-01
1.130000000000000000e+02 1.529999999999999971e-01 7.081999999999999851e+00 3.664899999999999824e-01
1.140000000000000000e+02 1.529999999999999971e-01 7.104750000000000121e+00 3.703699999999999770e-01
1.150000000000000000e+02 1.529999999999999971e-01 7.125770000000000159e+00 3.741900000000000226e-01
1.160000000000000000e+02 1.459999999999999909e-01 7.149160000000000181e+00 3.789500000000000091e-01
1.170000000000000000e+02 1.459999999999999909e-01 7.172760000000000247e+00 3.840899999999999870e-01
1.180000000000000000e+02 1.459999999999999909e-01 7.198739999999999917e+00 3.898699999999999943e-01
1.190000000000000000e+02 1.459999999999999909e-01 7.223830000000000418e+00 3.958699999999999997e-01
1.200000000000000000e+02 1.459999999999999909e-01 7.247720000000000162e+00 4.018999999999999795e-01
