1.000000000000000000e+00 1.739999999999999880e-01 5.786480000000000068e+00 4.333099999999999730e-01
2.000000000000000000e+00 1.739999999999999880e-01 5.865509999999999557e+00 5.116000000000000547e-01
3.000000000000000000e+00 1.739999999999999880e-01 5.907759999999999678e+00 5.486400000000000166e-01
4.000000000000000000e+00 1.739999999999999880e-01 5.930690000000000239e+00 5.669800000000000395e-01
5.000000000000000000e+00 1.739999999999999880e-01 5.945039999999999658e+00 5.756099999999999550e-01
6.000000000000000000e+00 1.739999999999999880e-01 5.954850000000000421e+00 5.801800000000000290e-01
7.000000000000000000e+00 1.739999999999999880e-01 5.946310000000000429e+00 5.844599999999999795e-01
8.000000000000000000e+00 1.739999999999999880e-01 5.952250000000000263e+00 5.854099999999999859e-01
9.000000000000000000e+00 1.739999999999999880e-01 5.965340000000000309e+00 5.856299999999999839e-01
1.000000000000000000e+01 1.739999999999999880e-01 5.997630000000000017e+00 5.900499999999999634e-01
1.100000000000000000e+01 1.739999999999999880e-01 6.080940000000000012e+00 5.953300000000000258e-01
1.200000000000000000e+01 1.739999999999999880e-01 6.231209999999999916e+00 6.021900000000000031e-01
1.300000000000000000e+01 1.739999999999999880e-01 6.419190000000000396e+00 6.095300000000000162e-01
1.400000000000000000e+01 1.739999999999999880e-01 6.580110000000000348e+00 6.157799999999999940e-01
1.500000000000000000e+01 1.739999999999999880e-01 6.734099999999999753e+00 6.475400000000000045e-01
1.600000000000000000e+01 1.739999999999999880e-01 6.705709999999999837e+00 6.430599999999999650e-01
1.700000000000000000e+01 1.739999999999999880e-01 6.686350000000000016e+00 6.399099999999999788e-01
1.800000000000000000e+01 1.739999999999999880e-01 6.682150000000000034e+00 6.390400000000000524e-01
1.900000000000000000e+01 1.739999999999999880e-01 6.680530000000000079e+00 6.395800000000000374e-01
2.000000000000000000e+01 1.739999999999999880e-01 6.681720000000000326e+00 6.412700000000000067e-01
2.100000000000000000e+01 1.739999999999999880e-01 6.682509999999999728e+00 6.422299999999999676e-01
2.200000000000000000e+01 1.739999999999999880e-01 6.678659999999999819e+00 6.422799999999999621e-01
2.300000000000000000e+01 1.739999999999999880e-01 6.676879999999999704e+00 6.427399999999999780e-01
2.400000000000000000e+01 1.739999999999999880e-01 6.674459999999999837e+00 6.429500000000000215e-01
2.500000000000000000e+01 1.739999999999999880e-01 6.672719999999999985e+00 6.433900000000000174e-01
2.600000000000000000e+01 1.739999999999999880e-01 6.667709999999999582e+00 6.433299999999999574e-01
2.700000000000000000e+01 1.739999999999999880e-01 6.665449999999999875e+00 6.432400000000000340e-01
2.800000000000000000e+01 1.739999999999999880e-01 6.669780000000000264e+00 6.441599999999999548e-01
2.900000000000000000e+01 1.739999999999999880e-01 6.677080000000000126e+00 6.435699999999999754e-01
3.000000000000000000e+01 1.739999999999999880e-01 6.682590000000000252e+00 6.420700000000000296e-01
3.100000000000000000e+01 1.739999999999999880e-01 6.684169999999999945e+00 6.409000000000000252e-01
3.200000000000000000e+01 1.739999999999999880e-01 6.684319999999999595e+00 6.398500000000000298e-01
3.300000000000000000e+01 1.739999999999999880e-01 6.682430000000000092e+00 6.387800000000000145e-01
3.400000000000000000e+01 1.739999999999999880e-01 6.678650000000000198e+00 6.379899999999999460e-01
3.500000000000000000e+01 1.739999999999999880e-01 6.673169999999999824e+00 6.371200000000000196e-01
3.600000000000000000e+01 1.739999999999999880e-01 6.663400000000000212e+00 6.356500000000000483e-01
3.700000000000000000e+01 1.739999999999999880e-01 6.655700000000000394e+00 6.344499999999999584e-01
3.800000000000000000e+01 1.739999999999999880e-01 6.652470000000000105e+00 6.326699999999999546e-01
3.900000000000000000e+01 1.739999999999999880e-01 6.651099999999999568e+00 6.308000000000000274e-01
4.000000000000000000e+01 1.739999999999999880e-01 6.651830000000000354e+00 6.290799999999999725e-01
4.100000000000000000e+01 1.739999999999999880e-01 6.654609999999999914e+00 6.279299999999999882e-01
4.200000000000000000e+01 1.739999999999999880e-01 6.659309999999999619e+00 6.267300000000000093e-01
4.300000000000000000e+01 1.739999999999999880e-01 6.664990000000000414e+00 6.258099999999999774e-01
4.400000000000000000e+01 1.739999999999999880e-01 6.670829999999999593e+00 6.253499999999999615e-01
4.500000000000000000e+01 1.739999999999999880e-01 6.678099999999999703e+00 6.251799999999999580e-01
4.600000000000000000e+01 1.739999999999999880e-01 6.681739999999999569e+00 6.250200000000000200e-01
4.700000000000000000e+01 1.739999999999999880e-01 6.685699999999999754e+00 6.251400000000000290e-01
4.800000000000000000e+01 1.739999999999999880e-01 6.689180000000000348e+00 6.254199999999999759e-01
4.900000000000000000e+01 1.739999999999999880e-01 6.690699999999999648e+00 6.253699999999999815e-01
5.000000000000000000e+01 1.739999999999999880e-01 6.693329999999999558e+00 6.253400000000000070e-01
5.100000000000000000e+01 1.739999999999999880e-01 6.696299999999999919e+00 6.252999999999999670e-01
5.200000000000000000e+01 1.739999999999999880e-01 6.699160000000000004e+00 6.253199999999999870e-01
5.300000000000000000e+01 1.739999999999999880e-01 6.703800000000000203e+00 6.254100000000000215e-01
5.400000000000000000e+01 1.739999999999999880e-01 6.709419999999999717e+00 6.255500000000000504e-01
5.500000000000000000e+01 1.809999999999999942e-01 7.652449999999999974e+00 5.451899999999999524e-01
5.600000000000000000e+01 1.739999999999999880e-01 6.720659999999999634e+00 6.254199999999999759e-01
5.700000000000000000e+01 1.739999999999999880e-01 6.723860000000000170e+00 6.250099999999999545e-01
5.800000000000000000e+01 1.739999999999999880e-01 6.727780000000000094e+00 6.246399999999999730e-01
5.900000000000000000e+01 1.739999999999999880e-01 6.733039999999999914e+00 6.243900000000000006e-01
6.000000000000000000e+01 1.739999999999999880e-01 6.737260000000000026e+00 6.239700000000000246e-01
6.100000000000000000e+01 1.739999999999999880e-01 6.740789999999999615e+00 6.233699999999999797e-01
6.200000000000000000e+01 1.739999999999999880e-01 6.744740000000000180e+00 6.227899999999999547e-01
6.300000000000000000e+01 1.739999999999999880e-01 6.748999999999999666e+00 6.221900000000000208e-01
6.400000000000000000e+01 1.809999999999999942e-01 6.907169999999999810e+00 4.112000000000000099e-01
6.500000000000000000e+01 1.739999999999999880e-01 6.760030000000000427e+00 6.214699999999999669e-01
6.600000000000000000e+01 1.739999999999999880e-01 6.766329999999999956e+00 6.212299999999999489e-01
6.700000000000000000e+01 1.739999999999999880e-01 6.773119999999999585e+00 6.209599999999999564e-01
6.800000000000000000e+01 1.739999999999999880e-01 6.781439999999999912e+00 6.205500000000000460e-01
6.900000000000000000e+01 1.739999999999999880e-01 6.790580000000000283e+00 6.201400000000000245e-01
7.000000000000000000e+01 1.739999999999999880e-01 6.799070000000000391e+00 6.197099999999999831e-01
7.100000000000000000e+01 1.739999999999999880e-01 6.808220000000000383e+00 6.193899999999999961e-01
7.200000000000000000e+01 1.739999999999999880e-01 6.817779999999999951e+00 6.191299999999999581e-01
7.300000000000000000e+01 1.739999999999999880e-01 6.826920000000000321e+00 6.188599999999999657e-01
7.400000000000000000e+01 1.739999999999999880e-01 6.836389999999999745e+00 6.186399999999999677e-01
7.500000000000000000e+01 1.739999999999999880e-01 6.845900000000000318e+00 6.183899999999999952e-01
7.600000000000000000e+01 1.739999999999999880e-01 6.855249999999999844e+00 6.182299999999999462e-01
7.700000000000000000e+01 1.739999999999999880e-01 6.864749999999999908e+00 6.181699999999999973e-01
7.800000000000000000e+01 1.739999999999999880e-01 6.874500000000000277e+00 6.182499999999999662e-01
7.900000000000000000e+01 1.739999999999999880e-01 6.883860000000000312e+00 6.183999999999999497e-01
8.000000000000000000e+01 1.739999999999999880e-01 6.893979999999999997e+00 6.185899999999999732e-01
8.100000000000000000e+01 1.739999999999999880e-01 6.903400000000000425e+00 6.187300000000000022e-01
8.200000000000000000e+01 1.739999999999999880e-01 6.912440000000000140e+00 6.188599999999999657e-01
8.300000000000000000e+01 1.739999999999999880e-01 6.921850000000000058e+00 6.190400000000000347e-01
8.400000000000000000e+01 1.739999999999999880e-01 6.931350000000000122e+00 6.193400000000000016e-01
8.500000000000000000e+01 1.739999999999999880e-01 6.941139999999999866e+00 6.197200000000000486e-01
8.600000000000000000e+01 1.739999999999999880e-01 6.950599999999999667e+00 6.200700000000000101e-01
8.700000000000000000e+01 1.739999999999999880e-01 6.959850000000000314e+00 6.204300000000000370e-01
8.800000000000000000e+01 1.739999999999999880e-01 6.969549999999999912e+00 6.207799999999999985e-01
8.900000000000000000e+01 1.739999999999999880e-01 6.979919999999999902e+00 6.211699999999999999e-01
9.000000000000000000e+01 1.739999999999999880e-01 6.990470000000000184e+00 6.216000000000000414e-01
9.100000000000000000e+01 1.739999999999999880e-01 7.001050000000000217e+00 6.220200000000000173e-01
9.200000000000000000e+01 1.739999999999999880e-01 7.011409999999999698e+00 6.224399999999999933e-01
9.300000000000000000e+01 1.739999999999999880e-01 7.021989999999999732e+00 6.229400000000000492e-01
9.400000000000000000e+01 1.739999999999999880e-01 7.032610000000000028e+00 6.234600000000000142e-01
9.500000000000000000e+01 1.739999999999999880e-01 7.043169999999999931e+00 6.240200000000000191e-01
9.600000000000000000e+01 1.739999999999999880e-01 7.053790000000000227e+00 6.245600000000000041e-01
9.700000000000000000e+01 1.739999999999999880e-01 7.064390000000000391e+00 6.251100000000000545e-01
9.800000000000000000e+01 1.739999999999999880e-01 7.075190000000000090e+00 6.256800000000000139e-01
9.900000000000000000e+01 1.739999999999999880e-01 7.085799999999999876e+00 6.262699999999999934e-01
1.000000000000000000e+02 1.739999999999999880e-01 7.096000000000000085e+00 6.269099999999999673e-01
1.010000000000000000e+02 1.739999999999999880e-01 7.106519999999999726e+00 6.275500000000000522e-01
1.020000000000000000e+02 1.739999999999999880e-01 7.117219999999999658e+00 6.281600000000000517e-01
1.030000000000000000e+02 1.739999999999999880e-01 7.128020000000000245e+00 6.287800000000000056e-01
1.040000000000000000e+02 1.739999999999999880e-01 7.138950000000000351e+00 6.293699999999999850e-01
1.050000000000000000e+02 1.739999999999999880e-01 7.149689999999999657e+00 6.300200000000000244e-01
1.060000000000000000e+02 1.739999999999999880e-01 7.160940000000000083e+00 6.307500000000000329e-01
1.070000000000000000e+02 1.739999999999999880e-01 7.172270000000000145e+00 6.315199999999999703e-01
1.080000000000000000e+02 1.739999999999999880e-01 7.183440000000000047e+00 6.322499999999999787e-01
1.090000000000000000e+02 1.739999999999999880e-01 7.194379999999999775e+00 6.329399999999999471e-01
1.100000000000000000e+02 1.739999999999999880e-01 7.205849999999999866e+00 6.336300000000000265e-01
1.110000000000000000e+02 1.739999999999999880e-01 7.217380000000000351e+00 6.343800000000000550e-01
1.120000000000000000e+02 1.739999999999999880e-01 7.229140000000000121e+00 6.351400000000000379e-01
1.130000000000000000e+02 1.670000000000000095e-01 7.240960000000000285e+00 6.359299999999999953e-01
1.140000000000000000e+02 1.670000000000000095e-01 7.252530000000000143e+00 6.366800000000000237e-01
1.150000000000000000e+02 1.670000000000000095e-01 7.263819999999999943e+00 6.374199999999999866e-01
1.160000000000000000e+02 1.670000000000000095e-01 7.275280000000000413e+00 6.381499999999999950e-01
1.170000000000000000e+02 1.670000000000000095e-01 7.286719999999999864e+00 6.388700000000000490e-01
1.180000000000000000e+02 1.670000000000000095e-01 7.298169999999999824e+00 6.396100000000000119e-01
1.190000000000000000e+02 1.670000000000000095e-01 7.309689999999999799e+00 6.403900000000000148e-01
1.200000000000000000e+02 1.670000000000000095e-01 7.321200000000000152e+00 6.411799999999999722e-01
