1.000000000000000000e+00 1.739999999999999880e-01 1.087654999999999994e+01 7.230199999999999960e-01
2.000000000000000000e+00 2.010000000000000120e-01 1.037710000000000043e+01 2.914300000000000224e-01
3.000000000000000000e+00 2.010000000000000120e-01 1.019726999999999961e+01 5.784999999999999865e-02
4.000000000000000000e+00 -1.000000000000000000e+00 -1.000000000000000000e+00 0.000000000000000000e+00
5.000000000000000000e+00 -1.000000000000000000e+00 -1.000000000000000000e+00 0.000000000000000000e+00
6.000000000000000000e+00 1.869999999999999996e-01 3.290230000000000210e+00 1.077499999999999986e-01
7.000000000000000000e+00 1.809999999999999942e-01 3.076080000000000148e+00 1.134799999999999975e-01
8.000000000000000000e+00 1.809999999999999942e-01 2.925289999999999946e+00 1.297000000000000097e-01
9.000000000000000000e+00 1.880000000000000004e-01 2.366130000000000067e+00 1.625199999999999978e-01
1.000000000000000000e+01 1.880000000000000004e-01 2.091509999999999980e+00 1.995000000000000107e-01
1.100000000000000000e+01 1.880000000000000004e-01 2.104150000000000187e+00 2.301900000000000057e-01
1.200000000000000000e+01 1.809999999999999942e-01 2.939519999999999911e+00 2.707999999999999852e-01
1.300000000000000000e+01 1.809999999999999942e-01 3.665399999999999991e+00 3.077799999999999980e-01
1.400000000000000000e+01 1.809999999999999942e-01 4.321049999999999613e+00 3.458999999999999853e-01
1.500000000000000000e+01 1.809999999999999942e-01 4.610159999999999592e+00 3.672500000000000209e-01
1.600000000000000000e+01 1.809999999999999942e-01 4.764000000000000234e+00 3.793300000000000005e-01
1.700000000000000000e+01 1.809999999999999942e-01 4.852369999999999628e+00 3.869099999999999762e-01
1.800000000000000000e+01 1.809999999999999942e-01 4.894370000000000331e+00 3.920399999999999996e-01
1.900000000000000000e+01 1.809999999999999942e-01 4.912810000000000343e+00 3.953099999999999947e-01
2.000000000000000000e+01 1.809999999999999942e-01 4.914749999999999730e+00 3.973400000000000265e-01
2.100000000000000000e+01 1.809999999999999942e-01 4.897230000000000416e+00 3.984400000000000164e-01
2.200000000000000000e+01 1.809999999999999942e-01 4.980719999999999814e+00 4.066799999999999859e-01
2.300000000000000000e+01 1.809999999999999942e-01 5.040689999999999671e+00 4.129599999999999937e-01
2.400000000000000000e+01 1.809999999999999942e-01 5.082760000000000389e+00 4.178000000000000047e-01
2.500000000000000000e+01 1.809999999999999942e-01 5.123260000000000147e+00 4.226800000000000002e-01
2.600000000000000000e+01 1.809999999999999942e-01 5.150549999999999962e+00 4.267599999999999727e-01
2.700000000000000000e+01 1.809999999999999942e-01 5.255060000000000286e+00 4.334399999999999920e-01
2.800000000000000000e+01 1.809999999999999942e-01 5.328560000000000407e+00 4.383500000000000174e-01
2.900000000000000000e+01 1.880000000000000004e-01 5.379970000000000141e+00 4.423699999999999855e-01
3.000000000000000000e+01 1.880000000000000004e-01 5.408629999999999605e+00 4.457099999999999951e-01
3.100000000000000000e+01 1.880000000000000004e-01 5.427130000000000010e+00 4.484000000000000208e-01
3.200000000000000000e+01 1.880000000000000004e-01 5.438920000000000421e+00 4.507099999999999995e-01
3.300000000000000000e+01 1.880000000000000004e-01 5.453560000000000407e+00 4.529000000000000248e-01
3.400000000000000000e+01 1.880000000000000004e-01 5.465040000000000120e+00 4.548800000000000066e-01
3.500000000000000000e+01 1.880000000000000004e-01 5.474370000000000402e+00 4.567399999999999793e-01
3.600000000000000000e+01 1.880000000000000004e-01 5.482730000000000103e+00 4.584900000000000087e-01
3.700000000000000000e+01 1.880000000000000004e-01 5.490140000000000242e+00 4.601799999999999780e-01
3.800000000000000000e+01 1.809999999999999942e-01 5.493999999999999773e+00 4.616899999999999893e-01
3.900000000000000000e+01 1.809999999999999942e-01 5.501240000000000130e+00 4.630799999999999916e-01
4.000000000000000000e+01 1.809999999999999942e-01 5.509689999999999976e+00 4.642600000000000060e-01
4.100000000000000000e+01 1.809999999999999942e-01 5.536830000000000140e+00 4.658999999999999808e-01
4.200000000000000000e+01 1.809999999999999942e-01 5.567960000000000242e+00 4.677000000000000046e-01
4.300000000000000000e+01 1.809999999999999942e-01 5.606169999999999654e+00 4.697000000000000064e-01
4.400000000000000000e+01 1.739999999999999880e-01 5.651200000000000223e+00 4.722299999999999831e-01
4.500000000000000000e+01 1.179999999999999938e-01 6.502559999999999896e+00 3.633199999999999763e-01
4.600000000000000000e+01 1.179999999999999938e-01 6.499080000000000190e+00 3.640399999999999747e-01
4.700000000000000000e+01 1.179999999999999938e-01 6.494309999999999583e+00 3.647000000000000242e-01
4.800000000000000000e+01 1.179999999999999938e-01 6.492490000000000094e+00 3.649299999999999766e-01
4.900000000000000000e+01 1.179999999999999938e-01 6.493500000000000050e+00 3.651499999999999746e-01
5.000000000000000000e+01 1.179999999999999938e-01 6.493909999999999627e+00 3.655100000000000016e-01
5.100000000000000000e+01 1.179999999999999938e-01 6.494419999999999860e+00 3.658500000000000085e-01
5.200000000000000000e+01 1.179999999999999938e-01 6.495289999999999786e+00 3.662300000000000000e-01
5.300000000000000000e+01 1.179999999999999938e-01 6.495750000000000135e+00 3.666499999999999759e-01
5.400000000000000000e+01 1.179999999999999938e-01 6.497569999999999624e+00 3.671599999999999864e-01
5.500000000000000000e+01 1.179999999999999938e-01 6.499810000000000088e+00 3.674200000000000244e-01
5.600000000000000000e+01 1.179999999999999938e-01 6.504120000000000346e+00 3.675399999999999778e-01
5.700000000000000000e+01 1.179999999999999938e-01 6.510589999999999655e+00 3.677599999999999758e-01
5.800000000000000000e+01 1.179999999999999938e-01 6.516490000000000116e+00 3.679799999999999738e-01
5.900000000000000000e+01 1.179999999999999938e-01 6.521670000000000300e+00 3.682000000000000273e-01
6.000000000000000000e+01 1.179999999999999938e-01 6.526060000000000194e+00 3.684899999999999842e-01
6.100000000000000000e+01 1.179999999999999938e-01 6.529420000000000002e+00 3.688500000000000112e-01
6.200000000000000000e+01 1.179999999999999938e-01 6.534419999999999895e+00 3.689500000000000002e-01
6.300000000000000000e+01 1.179999999999999938e-01 6.538949999999999818e+00 3.690300000000000247e-01
6.400000000000000000e+01 1.179999999999999938e-01 6.543899999999999828e+00 3.691400000000000237e-01
6.500000000000000000e+01 1.179999999999999938e-01 6.548790000000000333e+00 3.693199999999999816e-01
6.600000000000000000e+01 1.179999999999999938e-01 6.553989999999999760e+00 3.694399999999999906e-01
6.700000000000000000e+01 1.179999999999999938e-01 6.558799999999999741e+00 3.694700000000000206e-01
6.800000000000000000e+01 1.179999999999999938e-01 6.564580000000000304e+00 3.695700000000000096e-01
6.900000000000000000e+01 1.179999999999999938e-01 6.571390000000000065e+00 3.696699999999999986e-01
7.000000000000000000e+01 1.739999999999999880e-01 9.555400000000000560e+00 4.790699999999999958e-01
7.100000000000000000e+01 1.739999999999999880e-01 9.560700000000000642e+00 4.773200000000000220e-01
7.200000000000000000e+01 1.179999999999999938e-01 6.591940000000000133e+00 3.696599999999999886e-01
7.300000000000000000e+01 1.739999999999999880e-01 9.575699999999999434e+00 4.727000000000000091e-01
7.400000000000000000e+01 1.739999999999999880e-01 9.581569999999999254e+00 4.706699999999999773e-01
7.500000000000000000e+01 1.739999999999999880e-01 9.588279999999999248e+00 4.685000000000000275e-01
7.600000000000000000e+01 1.739999999999999880e-01 9.593220000000000525e+00 4.663900000000000268e-01
7.700000000000000000e+01 1.739999999999999880e-01 9.597519999999999385e+00 4.643700000000000050e-01
7.800000000000000000e+01 1.739999999999999880e-01 9.602220000000000866e+00 4.623300000000000187e-01
7.900000000000000000e+01 1.739999999999999880e-01 9.606629999999999114e+00 4.603900000000000214e-01
8.000000000000000000e+01 1.739999999999999880e-01 9.611200000000000188e+00 4.582300000000000262e-01
8.100000000000000000e+01 1.739999999999999880e-01 9.615899999999999892e+00 4.560500000000000109e-01
8.200000000000000000e+01 1.739999999999999880e-01 9.618690000000000850e+00 4.539599999999999747e-01
8.300000000000000000e+01 1.739999999999999880e-01 9.621900000000000119e+00 4.518599999999999839e-01
8.400000000000000000e+01 1.739999999999999880e-01 9.625569999999999737e+00 4.497499999999999831e-01
8.500000000000000000e+01 1.739999999999999880e-01 9.628000000000000114e+00 4.478300000000000058e-01
8.600000000000000000e+01 1.739999999999999880e-01 9.631349999999999412e+00 4.458199999999999941e-01
8.700000000000000000e+01 1.739999999999999880e-01 9.635669999999999291e+00 4.436800000000000188e-01
8.800000000000000000e+01 1.739999999999999880e-01 9.637679999999999580e+00 4.418300000000000005e-01
8.900000000000000000e+01 1.739999999999999880e-01 9.639969999999999928e+00 4.398599999999999732e-01
9.000000000000000000e+01 1.739999999999999880e-01 9.642010000000000858e+00 4.379500000000000060e-01
9.100000000000000000e+01 1.739999999999999880e-01 9.644130000000000535e+00 4.359899999999999887e-01
9.200000000000000000e+01 1.739999999999999880e-01 9.644989999999999952e+00 4.341400000000000259e-01
9.300000000000000000e+01 1.739999999999999880e-01 9.646200000000000330e+00 4.322599999999999776e-01
9.400000000000000000e+01 1.739999999999999880e-01 9.647360000000000824e+00 4.303600000000000203e-01
9.500000000000000000e+01 1.739999999999999880e-01 9.648239999999999483e+00 4.284899999999999820e-01
9.600000000000000000e+01 1.739999999999999880e-01 9.649399999999999977e+00 4.265599999999999947e-01
9.700000000000000000e+01 1.739999999999999880e-01 9.650840000000000529e+00 4.246900000000000119e-01
9.800000000000000000e+01 1.739999999999999880e-01 9.652169999999999916e+00 4.228500000000000036e-01
9.900000000000000000e+01 1.739999999999999880e-01 9.652630000000000265e+00 4.211400000000000143e-01
1.000000000000000000e+02 1.739999999999999880e-01 9.653109999999999857e+00 4.194499999999999895e-01
1.010000000000000000e+02 1.739999999999999880e-01 9.654019999999999158e+00 4.177299999999999902e-01
1.020000000000000000e+02 1.739999999999999880e-01 9.654389999999999361e+00 4.160599999999999854e-01
1.030000000000000000e+02 1.739999999999999880e-01 9.654329999999999856e+00 4.144900000000000251e-01
1.040000000000000000e+02 1.739999999999999880e-01 9.653729999999999478e+00 4.130400000000000182e-01
1.050000000000000000e+02 1.739999999999999880e-01 9.653460000000000818e+00 4.115500000000000269e-01
1.060000000000000000e+02 1.739999999999999880e-01 9.653299999999999770e+00 4.100400000000000156e-01
1.070000000000000000e+02 1.739999999999999880e-01 9.652160000000000295e+00 4.086799999999999877e-01
1.080000000000000000e+02 1.739999999999999880e-01 9.651849999999999596e+00 4.072000000000000064e-01
1.090000000000000000e+02 1.739999999999999880e-01 9.650629999999999598e+00 4.058399999999999785e-01
1.100000000000000000e+02 1.739999999999999880e-01 9.649490000000000123e+00 4.044200000000000017e-01
1.110000000000000000e+02 1.739999999999999880e-01 9.647819999999999396e+00 4.031000000000000139e-01
1.120000000000000000e+02 1.739999999999999880e-01 9.645989999999999398e+00 4.018100000000000005e-01
1.130000000000000000e+02 1.739999999999999880e-01 9.644650000000000389e+00 4.004300000000000082e-01
1.140000000000000000e+02 1.739999999999999880e-01 9.642709999999999226e+00 3.991399999999999948e-01
1.150000000000000000e+02 1.739999999999999880e-01 9.641479999999999606e+00 3.977899999999999769e-01
1.160000000000000000e+02 1.739999999999999880e-01 9.639279999999999404e+00 3.966799999999999771e-01
1.170000000000000000e+02 1.739999999999999880e-01 9.637869999999999493e+00 3.954699999999999882e-01
1.180000000000000000e+02 1.739999999999999880e-01 9.636329999999999174e+00 3.942999999999999838e-01
1.190000000000000000e+02 1.739999999999999880e-01 9.634320000000000661e+00 3.931899999999999840e-01
1.200000000000000000e+02 1.739999999999999880e-01 9.632139999999999702e+00 3.921299999999999786e-01
