1.000000000000000000e+00 1.039999999999999952e-01 2.696260000000000101e+00 3.651599999999999846e-01
2.000000000000000000e+00 1.039999999999999952e-01 2.696260000000000101e+00 3.651599999999999846e-01
3.000000000000000000e+00 1.039999999999999952e-01 2.696260000000000101e+00 3.651599999999999846e-01
4.000000000000000000e+00 1.039999999999999952e-01 2.696260000000000101e+00 3.651599999999999846e-01
5.000000000000000000e+00 1.039999999999999952e-01 2.696260000000000101e+00 3.651599999999999846e-01
6.000000000000000000e+00 1.039999999999999952e-01 2.696260000000000101e+00 3.651599999999999846e-01
7.000000000000000000e+00 1.039999999999999952e-01 2.696260000000000101e+00 3.651599999999999846e-01
8.000000000000000000e+00 1.039999999999999952e-01 2.696260000000000101e+00 3.651599999999999846e-01
9.000000000000000000e+00 1.039999999999999952e-01 2.696260000000000101e+00 3.651599999999999846e-01
1.000000000000000000e+01 1.039999999999999952e-01 2.696260000000000101e+00 3.651599999999999846e-01
1.100000000000000000e+01 1.039999999999999952e-01 2.696260000000000101e+00 3.651599999999999846e-01
1.200000000000000000e+01 1.039999999999999952e-01 2.696260000000000101e+00 3.651599999999999846e-01
1.300000000000000000e+01 1.039999999999999952e-01 2.696260000000000101e+00 3.651599999999999846e-01
1.400000000000000000e+01 1.039999999999999952e-01 2.696260000000000101e+00 3.651599999999999846e-01
1.500000000000000000e+01 1.039999999999999952e-01 2.696260000000000101e+00 3.651599999999999846e-01
1.600000000000000000e+01 1.039999999999999952e-01 2.696260000000000101e+00 3.651599999999999846e-01
1.700000000000000000e+01 1.039999999999999952e-01 2.696260000000000101e+00 3.651599999999999846e-01
1.800000000000000000e+01 1.039999999999999952e-01 2.696260000000000101e+00 3.651599999999999846e-01
1.900000000000000000e+01 1.039999999999999952e-01 2.696260000000000101e+00 3.651599999999999846e-01
2.000000000000000000e+01 1.039999999999999952e-01 2.696260000000000101e+00 3.651599999999999846e-01
2.100000000000000000e+01 1.039999999999999952e-01 2.696260000000000101e+00 3.651599999999999846e-01
2.200000000000000000e+01 1.039999999999999952e-01 2.696260000000000101e+00 3.651599999999999846e-01
2.300000000000000000e+01 1.039999999999999952e-01 2.696260000000000101e+00 3.651599999999999846e-01
2.400000000000000000e+01 1.039999999999999952e-01 2.696260000000000101e+00 3.651599999999999846e-01
2.500000000000000000e+01 1.039999999999999952e-01 2.696260000000000101e+00 3.651599999999999846e-01
2.600000000000000000e+01 1.039999999999999952e-01 2.696260000000000101e+00 3.651599999999999846e-01
2.700000000000000000e+01 1.039999999999999952e-01 2.696260000000000101e+00 3.651599999999999846e-01
2.800000000000000000e+01 1.039999999999999952e-01 2.696260000000000101e+00 3.651599999999999846e-01
2.900000000000000000e+01 1.039999999999999952e-01 2.696260000000000101e+00 3.651599999999999846e-01
3.000000000000000000e+01 1.039999999999999952e-01 2.696260000000000101e+00 3.651599999999999846e-01
3.100000000000000000e+01 1.039999999999999952e-01 2.696260000000000101e+00 3.651599999999999846e-01
3.200000000000000000e+01 1.039999999999999952e-01 2.696260000000000101e+00 3.651599999999999846e-01
3.300000000000000000e+01 1.039999999999999952e-01 2.696260000000000101e+00 3.651599999999999846e-01
3.400000000000000000e+01 1.039999999999999952e-01 2.696260000000000101e+00 3.651599999999999846e-01
3.500000000000000000e+01 1.039999999999999952e-01 2.696260000000000101e+00 3.651599999999999846e-01
3.600000000000000000e+01 1.039999999999999952e-01 2.696260000000000101e+00 3.651599999999999846e-01
3.700000000000000000e+01 1.039999999999999952e-01 2.696260000000000101e+00 3.651599999999999846e-01
3.800000000000000000e+01 1.039999999999999952e-01 2.696260000000000101e+00 3.651599999999999846e-01
3.900000000000000000e+01 1.039999999999999952e-01 2.696260000000000101e+00 3.651599999999999846e-01
4.000000000000000000e+01 1.039999999999999952e-01 2.696260000000000101e+00 3.651599999999999846e-01
4.100000000000000000e+01 1.039999999999999952e-01 2.696260000000000101e+00 3.651599999999999846e-01
4.200000000000000000e+01 1.039999999999999952e-01 2.696260000000000101e+00 3.651599999999999846e-01
4.300000000000000000e+01 1.039999999999999952e-01 2.696260000000000101e+00 3.651599999999999846e-01
4.400000000000000000e+01 1.039999999999999952e-01 2.696260000000000101e+00 3.651599999999999846e-01
4.500000000000000000e+01 1.039999999999999952e-01 2.696260000000000101e+00 3.651599999999999846e-01
4.600000000000000000e+01 1.039999999999999952e-01 2.696260000000000101e+00 3.651599999999999846e-01
4.700000000000000000e+01 1.039999999999999952e-01 2.696260000000000101e+00 3.651599999999999846e-01
4.800000000000000000e+01 1.039999999999999952e-01 2.696260000000000101e+00 3.651599999999999846e-01
4.900000000000000000e+01 1.039999999999999952e-01 2.696260000000000101e+00 3.651599999999999846e-01
5.000000000000000000e+01 1.039999999999999952e-01 2.696260000000000101e+00 3.651599999999999846e-01
5.100000000000000000e+01 1.039999999999999952e-01 2.696260000000000101e+00 3.651599999999999846e-01
5.200000000000000000e+01 1.039999999999999952e-01 2.696260000000000101e+00 3.651599999999999846e-01
5.300000000000000000e+01 1.039999999999999952e-01 2.696260000000000101e+00 3.651599999999999846e-01
5.400000000000000000e+01 1.039999999999999952e-01 2.696260000000000101e+00 3.651599999999999846e-01
5.500000000000000000e+01 1.039999999999999952e-01 2.696260000000000101e+00 3.651599999999999846e-01
5.600000000000000000e+01 1.039999999999999952e-01 2.696260000000000101e+00 3.651599999999999846e-01
5.700000000000000000e+01 1.039999999999999952e-01 2.696260000000000101e+00 3.651599999999999846e-01
5.800000000000000000e+01 1.039999999999999952e-01 2.696260000000000101e+00 3.651599999999999846e-01
5.900000000000000000e+01 1.039999999999999952e-01 2.696260000000000101e+00 3.651599999999999846e-01
6.000000000000000000e+01 1.039999999999999952e-01 2.696260000000000101e+00 3.651599999999999846e-01
6.100000000000000000e+01 1.039999999999999952e-01 2.696260000000000101e+00 3.651599999999999846e-01
6.200000000000000000e+01 1.039999999999999952e-01 2.696260000000000101e+00 3.651599999999999846e-01
6.300000000000000000e+01 1.039999999999999952e-01 2.696260000000000101e+00 3.651599999999999846e-01
6.400000000000000000e+01 1.039999999999999952e-01 2.696260000000000101e+00 3.651599999999999846e-01
6.500000000000000000e+01 1.039999999999999952e-01 2.696260000000000101e+00 3.651599999999999846e-01
6.600000000000000000e+01 1.039999999999999952e-01 2.696260000000000101e+00 3.651599999999999846e-01
6.700000000000000000e+01 1.039999999999999952e-01 2.696260000000000101e+00 3.651599999999999846e-01
6.800000000000000000e+01 1.039999999999999952e-01 2.696260000000000101e+00 3.651599999999999846e-01
6.900000000000000000e+01 1.039999999999999952e-01 2.696260000000000101e+00 3.651599999999999846e-01
7.000000000000000000e+01 1.039999999999999952e-01 2.696260000000000101e+00 3.651599999999999846e-01
7.100000000000000000e+01 1.039999999999999952e-01 2.696260000000000101e+00 3.651599999999999846e-01
7.200000000000000000e+01 1.039999999999999952e-01 2.696260000000000101e+00 3.651599999999999846e-01
7.300000000000000000e+01 1.039999999999999952e-01 2.696260000000000101e+00 3.651599999999999846e-01
7.400000000000000000e+01 1.039999999999999952e-01 2.696260000000000101e+00 3.651599999999999846e-01
7.500000000000000000e+01 1.039999999999999952e-01 2.696260000000000101e+00 3.651599999999999846e-01
7.600000000000000000e+01 1.880000000000000004e-01 2.949040000000000106e+00 3.714799999999999769e-01
7.700000000000000000e+01 1.880000000000000004e-01 2.949040000000000106e+00 3.714799999999999769e-01
7.800000000000000000e+01 1.880000000000000004e-01 2.949040000000000106e+00 3.714799999999999769e-01
7.900000000000000000e+01 4.900000000000000189e-02 2.619790000000000063e+00 3.600499999999999812e-01
8.000000000000000000e+01 4.900000000000000189e-02 2.619790000000000063e+00 3.600499999999999812e-01
8.100000000000000000e+01 4.900000000000000189e-02 2.619790000000000063e+00 3.600499999999999812e-01
8.200000000000000000e+01 4.900000000000000189e-02 2.619790000000000063e+00 3.600499999999999812e-01
8.300000000000000000e+01 4.900000000000000189e-02 2.619790000000000063e+00 3.600499999999999812e-01
8.400000000000000000e+01 4.900000000000000189e-02 2.619790000000000063e+00 3.600499999999999812e-01
8.500000000000000000e+01 4.900000000000000189e-02 2.619790000000000063e+00 3.600499999999999812e-01
8.600000000000000000e+01 4.900000000000000189e-02 2.619790000000000063e+00 3.600499999999999812e-01
8.700000000000000000e+01 4.900000000000000189e-02 2.619790000000000063e+00 3.600499999999999812e-01
8.800000000000000000e+01 1.529999999999999971e-01 2.923970000000000180e+00 3.996600000000000152e-01
8.900000000000000000e+01 1.529999999999999971e-01 2.923970000000000180e+00 3.996600000000000152e-01
9.000000000000000000e+01 6.199999999999999956e-02 2.116000000000000103e+00 3.054999999999999938e-01
9.100000000000000000e+01 4.200000000000000261e-02 1.199969999999999981e+00 3.388599999999999945e-01
9.200000000000000000e+01 4.200000000000000261e-02 1.199969999999999981e+00 3.388599999999999945e-01
9.300000000000000000e+01 4.200000000000000261e-02 1.199969999999999981e+00 3.388599999999999945e-01
9.400000000000000000e+01 1.110000000000000014e-01 2.323280000000000012e+00 4.008300000000000196e-01
9.500000000000000000e+01 1.110000000000000014e-01 2.323280000000000012e+00 4.008300000000000196e-01
9.600000000000000000e+01 4.200000000000000261e-02 1.199969999999999981e+00 3.388599999999999945e-01
9.700000000000000000e+01 1.110000000000000014e-01 2.323280000000000012e+00 4.008300000000000196e-01
9.800000000000000000e+01 1.110000000000000014e-01 2.323280000000000012e+00 4.008300000000000196e-01
9.900000000000000000e+01 4.200000000000000261e-02 1.199969999999999981e+00 3.388599999999999945e-01
1.000000000000000000e+02 1.110000000000000014e-01 2.323280000000000012e+00 4.008300000000000196e-01
1.010000000000000000e+02 4.200000000000000261e-02 1.199969999999999981e+00 3.388599999999999945e-01
1.020000000000000000e+02 1.110000000000000014e-01 2.323280000000000012e+00 4.008300000000000196e-01
1.030000000000000000e+02 1.110000000000000014e-01 2.323280000000000012e+00 4.008300000000000196e-01
1.040000000000000000e+02 1.110000000000000014e-01 2.323280000000000012e+00 4.008300000000000196e-01
1.050000000000000000e+02 1.110000000000000014e-01 2.323280000000000012e+00 4.008300000000000196e-01
1.060000000000000000e+02 1.110000000000000014e-01 2.323280000000000012e+00 4.008300000000000196e-01
1.070000000000000000e+02 1.110000000000000014e-01 2.323280000000000012e+00 4.008300000000000196e-01
1.080000000000000000e+02 1.110000000000000014e-01 2.323280000000000012e+00 4.008300000000000196e-01
1.090000000000000000e+02 1.110000000000000014e-01 2.323280000000000012e+00 4.008300000000000196e-01
1.100000000000000000e+02 1.110000000000000014e-01 2.323280000000000012e+00 4.008300000000000196e-01
1.110000000000000000e+02 1.110000000000000014e-01 2.323280000000000012e+00 4.008300000000000196e-01
1.120000000000000000e+02 1.110000000000000014e-01 2.323280000000000012e+00 4.008300000000000196e-01
1.130000000000000000e+02 1.110000000000000014e-01 2.323280000000000012e+00 4.008300000000000196e-01
1.140000000000000000e+02 1.110000000000000014e-01 2.323280000000000012e+00 4.008300000000000196e-01
1.150000000000000000e+02 1.110000000000000014e-01 2.323280000000000012e+00 4.008300000000000196e-01
1.160000000000000000e+02 1.110000000000000014e-01 2.323280000000000012e+00 4.008300000000000196e-01
1.170000000000000000e+02 1.110000000000000014e-01 2.323280000000000012e+00 4.008300000000000196e-01
1.180000000000000000e+02 1.110000000000000014e-01 2.323280000000000012e+00 4.008300000000000196e-01
1.190000000000000000e+02 1.110000000000000014e-01 2.323280000000000012e+00 4.008300000000000196e-01
1.200000000000000000e+02 6.900000000000000577e-02 2.084509999999999863e+00 3.419099999999999917e-01
