1.000000000000000000e+00 1.940000000000000058e-01 7.696380000000000443e+00 5.534000000000000030e-01
2.000000000000000000e+00 -1.000000000000000000e+00 -1.000000000000000000e+00 0.000000000000000000e+00
3.000000000000000000e+00 -1.000000000000000000e+00 -1.000000000000000000e+00 0.000000000000000000e+00
4.000000000000000000e+00 -1.000000000000000000e+00 -1.000000000000000000e+00 0.000000000000000000e+00
5.000000000000000000e+00 -1.000000000000000000e+00 -1.000000000000000000e+00 0.000000000000000000e+00
6.000000000000000000e+00 -1.000000000000000000e+00 -1.000000000000000000e+00 0.000000000000000000e+00
7.000000000000000000e+00 -1.000000000000000000e+00 -1.000000000000000000e+00 0.000000000000000000e+00
8.000000000000000000e+00 -1.000000000000000000e+00 -1.000000000000000000e+00 0.000000000000000000e+00
9.000000000000000000e+00 -1.000000000000000000e+00 -1.000000000000000000e+00 0.000000000000000000e+00
1.000000000000000000e+01 2.079999999999999905e-01 6.792390000000000150e+00 9.910000000000000406e-03
1.100000000000000000e+01 1.940000000000000058e-01 6.689040000000000319e+00 1.078299999999999953e-01
1.200000000000000000e+01 1.809999999999999942e-01 6.627100000000000435e+00 1.448699999999999988e-01
1.300000000000000000e+01 1.809999999999999942e-01 6.572840000000000238e+00 1.668600000000000083e-01
1.400000000000000000e+01 1.739999999999999880e-01 6.480349999999999611e+00 2.005800000000000083e-01
1.500000000000000000e+01 1.739999999999999880e-01 6.415300000000000225e+00 2.228499999999999925e-01
1.600000000000000000e+01 1.670000000000000095e-01 6.345749999999999780e+00 2.529100000000000237e-01
1.700000000000000000e+01 1.600000000000000033e-01 6.287510000000000154e+00 2.826799999999999868e-01
1.800000000000000000e+01 1.670000000000000095e-01 6.266840000000000188e+00 2.982899999999999996e-01
1.900000000000000000e+01 1.739999999999999880e-01 6.254979999999999762e+00 3.095700000000000118e-01
2.000000000000000000e+01 1.809999999999999942e-01 6.239799999999999791e+00 3.144100000000000228e-01
2.100000000000000000e+01 1.809999999999999942e-01 6.223090000000000011e+00 3.162200000000000011e-01
2.200000000000000000e+01 1.880000000000000004e-01 6.209159999999999791e+00 3.164100000000000246e-01
2.300000000000000000e+01 1.880000000000000004e-01 6.215270000000000294e+00 3.176100000000000034e-01
2.400000000000000000e+01 1.880000000000000004e-01 6.219000000000000306e+00 3.174000000000000155e-01
2.500000000000000000e+01 1.869999999999999996e-01 6.220060000000000144e+00 3.170600000000000085e-01
2.600000000000000000e+01 1.880000000000000004e-01 6.224099999999999966e+00 3.173699999999999855e-01
2.700000000000000000e+01 1.880000000000000004e-01 6.228570000000000384e+00 3.167800000000000060e-01
2.800000000000000000e+01 1.880000000000000004e-01 6.236180000000000057e+00 3.161999999999999811e-01
2.900000000000000000e+01 1.880000000000000004e-01 6.245940000000000047e+00 3.150000000000000022e-01
3.000000000000000000e+01 1.869999999999999996e-01 6.260740000000000194e+00 3.140200000000000213e-01
3.100000000000000000e+01 1.869999999999999996e-01 6.277890000000000192e+00 3.132300000000000084e-01
3.200000000000000000e+01 1.869999999999999996e-01 6.305469999999999686e+00 3.133199999999999874e-01
3.300000000000000000e+01 1.869999999999999996e-01 6.329279999999999795e+00 3.131499999999999839e-01
3.400000000000000000e+01 1.869999999999999996e-01 6.356489999999999974e+00 3.125899999999999790e-01
3.500000000000000000e+01 1.869999999999999996e-01 6.383180000000000298e+00 3.115200000000000191e-01
3.600000000000000000e+01 1.869999999999999996e-01 6.401469999999999771e+00 3.090700000000000114e-01
3.700000000000000000e+01 1.809999999999999942e-01 6.416859999999999786e+00 3.059999999999999942e-01
3.800000000000000000e+01 1.809999999999999942e-01 6.430920000000000414e+00 3.026300000000000101e-01
3.900000000000000000e+01 1.739999999999999880e-01 6.450249999999999595e+00 2.992500000000000160e-01
4.000000000000000000e+01 1.739999999999999880e-01 6.767940000000000289e+00 3.052400000000000113e-01
4.100000000000000000e+01 1.600000000000000033e-01 9.118539999999999424e+00 3.121200000000000085e-01
4.200000000000000000e+01 1.459999999999999909e-01 9.189999999999999503e+00 3.106999999999999762e-01
4.300000000000000000e+01 1.600000000000000033e-01 9.125069999999999126e+00 3.091599999999999904e-01
4.400000000000000000e+01 1.670000000000000095e-01 9.044340000000000046e+00 3.077799999999999980e-01
4.500000000000000000e+01 1.670000000000000095e-01 8.977909999999999613e+00 3.065200000000000147e-01
4.600000000000000000e+01 1.670000000000000095e-01 8.932629999999999626e+00 3.056200000000000028e-01
4.700000000000000000e+01 1.670000000000000095e-01 8.915300000000000225e+00 3.051200000000000023e-01
4.800000000000000000e+01 1.670000000000000095e-01 8.933600000000000207e+00 3.047500000000000209e-01
4.900000000000000000e+01 1.670000000000000095e-01 8.941150000000000375e+00 3.041800000000000059e-01
5.000000000000000000e+01 1.670000000000000095e-01 8.940480000000000871e+00 3.032400000000000095e-01
5.100000000000000000e+01 1.670000000000000095e-01 8.927929999999999922e+00 3.025100000000000011e-01
5.200000000000000000e+01 1.670000000000000095e-01 8.910299999999999443e+00 3.019399999999999862e-01
5.300000000000000000e+01 1.670000000000000095e-01 8.893819999999999837e+00 3.014200000000000212e-01
5.400000000000000000e+01 1.600000000000000033e-01 8.892810000000000770e+00 3.013299999999999867e-01
5.500000000000000000e+01 1.600000000000000033e-01 8.887100000000000222e+00 3.012699999999999823e-01
5.600000000000000000e+01 1.600000000000000033e-01 8.880639999999999645e+00 3.012400000000000078e-01
5.700000000000000000e+01 1.600000000000000033e-01 8.871109999999999829e+00 3.012099999999999778e-01
5.800000000000000000e+01 1.600000000000000033e-01 8.867800000000000793e+00 3.010999999999999788e-01
5.900000000000000000e+01 1.600000000000000033e-01 8.867530000000000356e+00 3.009100000000000108e-01
6.000000000000000000e+01 1.600000000000000033e-01 8.867720000000000269e+00 3.007000000000000228e-01
6.100000000000000000e+01 1.600000000000000033e-01 8.867739999999999512e+00 3.004499999999999948e-01
6.200000000000000000e+01 1.600000000000000033e-01 8.865830000000000766e+00 3.001300000000000079e-01
6.300000000000000000e+01 1.600000000000000033e-01 8.860970000000000013e+00 2.997799999999999909e-01
6.400000000000000000e+01 1.600000000000000033e-01 8.856690000000000396e+00 2.992699999999999805e-01
6.500000000000000000e+01 1.600000000000000033e-01 8.852119999999999322e+00 2.987299999999999955e-01
6.600000000000000000e+01 1.600000000000000033e-01 8.846819999999999240e+00 2.982699999999999796e-01
6.700000000000000000e+01 1.600000000000000033e-01 8.844279999999999475e+00 2.975800000000000112e-01
6.800000000000000000e+01 1.600000000000000033e-01 8.842599999999999127e+00 2.968000000000000083e-01
6.900000000000000000e+01 1.600000000000000033e-01 8.840210000000000790e+00 2.960200000000000053e-01
7.000000000000000000e+01 1.600000000000000033e-01 8.837780000000000413e+00 2.951699999999999879e-01
7.100000000000000000e+01 1.600000000000000033e-01 8.836750000000000327e+00 2.942799999999999860e-01
7.200000000000000000e+01 1.600000000000000033e-01 8.834110000000000795e+00 2.933999999999999941e-01
7.300000000000000000e+01 1.600000000000000033e-01 8.833069999999999311e+00 2.924800000000000177e-01
7.400000000000000000e+01 1.600000000000000033e-01 8.835660000000000736e+00 2.915300000000000114e-01
7.500000000000000000e+01 1.600000000000000033e-01 8.843809999999999505e+00 2.903800000000000270e-01
7.600000000000000000e+01 1.600000000000000033e-01 8.852230000000000487e+00 2.890499999999999736e-01
7.700000000000000000e+01 1.600000000000000033e-01 8.859420000000000073e+00 2.877600000000000158e-01
7.800000000000000000e+01 1.600000000000000033e-01 8.866529999999999134e+00 2.865500000000000269e-01
7.900000000000000000e+01 1.600000000000000033e-01 8.873549999999999827e+00 2.853700000000000125e-01
8.000000000000000000e+01 1.600000000000000033e-01 8.882270000000000110e+00 2.842899999999999872e-01
8.100000000000000000e+01 1.600000000000000033e-01 8.896779999999999688e+00 2.833899999999999753e-01
8.200000000000000000e+01 1.600000000000000033e-01 8.914300000000000779e+00 2.825799999999999979e-01
8.300000000000000000e+01 1.600000000000000033e-01 8.932800000000000296e+00 2.817600000000000104e-01
8.400000000000000000e+01 1.600000000000000033e-01 8.949389999999999290e+00 2.809599999999999875e-01
8.500000000000000000e+01 1.600000000000000033e-01 8.965279999999999916e+00 2.801799999999999846e-01
8.600000000000000000e+01 1.600000000000000033e-01 8.989480000000000359e+00 2.795099999999999807e-01
8.700000000000000000e+01 1.600000000000000033e-01 9.032569999999999766e+00 2.791699999999999737e-01
8.800000000000000000e+01 1.600000000000000033e-01 9.075400000000000134e+00 2.788200000000000123e-01
8.900000000000000000e+01 1.600000000000000033e-01 9.117139999999999134e+00 2.785500000000000198e-01
9.000000000000000000e+01 1.600000000000000033e-01 9.156879999999999242e+00 2.784300000000000108e-01
9.100000000000000000e+01 1.600000000000000033e-01 9.197660000000000835e+00 2.783900000000000263e-01
9.200000000000000000e+01 1.600000000000000033e-01 9.237330000000000041e+00 2.783800000000000163e-01
9.300000000000000000e+01 1.600000000000000033e-01 9.264979999999999549e+00 2.786600000000000188e-01
9.400000000000000000e+01 1.600000000000000033e-01 9.289080000000000226e+00 2.791399999999999992e-01
9.500000000000000000e+01 1.600000000000000033e-01 9.314659999999999940e+00 2.796699999999999742e-01
9.600000000000000000e+01 1.600000000000000033e-01 9.340989999999999682e+00 2.802000000000000046e-01
9.700000000000000000e+01 1.600000000000000033e-01 9.369329999999999714e+00 2.807299999999999796e-01
9.800000000000000000e+01 1.600000000000000033e-01 9.398110000000000852e+00 2.812399999999999900e-01
9.900000000000000000e+01 1.600000000000000033e-01 9.429209999999999425e+00 2.816899999999999959e-01
1.000000000000000000e+02 1.600000000000000033e-01 9.462120000000000530e+00 2.822100000000000164e-01
1.010000000000000000e+02 1.600000000000000033e-01 9.493650000000000588e+00 2.827100000000000168e-01
1.020000000000000000e+02 1.600000000000000033e-01 9.524670000000000414e+00 2.831899999999999973e-01
1.030000000000000000e+02 1.600000000000000033e-01 9.555669999999999220e+00 2.836799999999999877e-01
1.040000000000000000e+02 1.600000000000000033e-01 9.587920000000000442e+00 2.841600000000000237e-01
1.050000000000000000e+02 1.600000000000000033e-01 9.623649999999999594e+00 2.847799999999999776e-01
1.060000000000000000e+02 1.600000000000000033e-01 9.659499999999999531e+00 2.853700000000000125e-01
1.070000000000000000e+02 1.600000000000000033e-01 9.701679999999999637e+00 2.860900000000000110e-01
1.080000000000000000e+02 1.600000000000000033e-01 9.749299999999999855e+00 2.869399999999999729e-01
1.090000000000000000e+02 1.600000000000000033e-01 9.801589999999999137e+00 2.879200000000000093e-01
1.100000000000000000e+02 1.600000000000000033e-01 9.853650000000000020e+00 2.889200000000000101e-01
1.110000000000000000e+02 1.600000000000000033e-01 9.907740000000000435e+00 2.899499999999999855e-01
1.120000000000000000e+02 1.600000000000000033e-01 9.966070000000000206e+00 2.912799999999999834e-01
1.130000000000000000e+02 1.600000000000000033e-01 1.002665000000000006e+01 2.926799999999999957e-01
1.140000000000000000e+02 1.600000000000000033e-01 1.008726000000000056e+01 2.941199999999999926e-01
1.150000000000000000e+02 -1.000000000000000000e+00 -1.000000000000000000e+00 0.000000000000000000e+00
1.160000000000000000e+02 -1.000000000000000000e+00 -1.000000000000000000e+00 0.000000000000000000e+00
1.170000000000000000e+02 -1.000000000000000000e+00 -1.000000000000000000e+00 0.000000000000000000e+00
1.180000000000000000e+02 -1.000000000000000000e+00 -1.000000000000000000e+00 0.000000000000000000e+00
1.190000000000000000e+02 -1.000000000000000000e+00 -1.000000000000000000e+00 0.000000000000000000e+00
1.200000000000000000e+02 -1.000000000000000000e+00 -1.000000000000000000e+00 0.000000000000000000e+00
