1.000000000000000000e+00 1.250000000000000000e-01 5.188830000000000275e+00 6.646900000000000031e-01
2.000000000000000000e+00 1.320000000000000062e-01 4.967010000000000147e+00 7.325500000000000345e-01
3.000000000000000000e+00 1.390000000000000124e-01 4.864600000000000257e+00 7.680700000000000305e-01
4.000000000000000000e+00 1.390000000000000124e-01 4.824139999999999873e+00 7.673499999999999766e-01
5.000000000000000000e+00 1.390000000000000124e-01 4.797690000000000232e+00 7.564100000000000268e-01
6.000000000000000000e+00 1.390000000000000124e-01 4.781460000000000043e+00 7.469500000000000028e-01
7.000000000000000000e+00 1.459999999999999909e-01 4.770529999999999937e+00 7.403100000000000236e-01
8.000000000000000000e+00 1.529999999999999971e-01 7.072289999999999743e+00 2.681999999999999940e-01
9.000000000000000000e+00 1.529999999999999971e-01 6.982450000000000045e+00 2.773499999999999854e-01
1.000000000000000000e+01 1.529999999999999971e-01 6.866460000000000008e+00 2.921900000000000053e-01
1.100000000000000000e+01 1.529999999999999971e-01 6.770529999999999937e+00 3.009399999999999853e-01
1.200000000000000000e+01 1.600000000000000033e-01 6.684660000000000046e+00 3.055200000000000138e-01
1.300000000000000000e+01 1.529999999999999971e-01 6.593840000000000146e+00 3.106200000000000072e-01
1.400000000000000000e+01 1.459999999999999909e-01 6.520489999999999675e+00 3.167699999999999960e-01
1.500000000000000000e+01 1.459999999999999909e-01 6.478749999999999787e+00 3.262700000000000045e-01
1.600000000000000000e+01 1.459999999999999909e-01 6.474809999999999732e+00 3.374900000000000122e-01
1.700000000000000000e+01 1.459999999999999909e-01 6.514459999999999695e+00 3.511000000000000232e-01
1.800000000000000000e+01 1.390000000000000124e-01 6.574989999999999668e+00 3.652699999999999836e-01
1.900000000000000000e+01 1.459999999999999909e-01 6.726840000000000153e+00 3.876200000000000201e-01
2.000000000000000000e+01 1.390000000000000124e-01 6.880270000000000330e+00 4.089700000000000002e-01
2.100000000000000000e+01 1.390000000000000124e-01 7.035569999999999879e+00 4.296800000000000064e-01
2.200000000000000000e+01 1.390000000000000124e-01 7.168949999999999712e+00 4.469799999999999884e-01
2.300000000000000000e+01 1.110000000000000014e-01 4.525610000000000355e+00 6.800199999999999578e-01
2.400000000000000000e+01 1.110000000000000014e-01 4.597719999999999807e+00 6.877199999999999980e-01
2.500000000000000000e+01 1.670000000000000095e-01 5.245269999999999655e+00 7.919699999999999518e-01
2.600000000000000000e+01 1.670000000000000095e-01 5.308819999999999872e+00 7.894999999999999796e-01
2.700000000000000000e+01 1.670000000000000095e-01 5.340600000000000236e+00 7.886499999999999622e-01
2.800000000000000000e+01 1.670000000000000095e-01 5.360339999999999883e+00 7.890500000000000291e-01
2.900000000000000000e+01 1.670000000000000095e-01 5.371819999999999595e+00 7.901899999999999480e-01
3.000000000000000000e+01 1.670000000000000095e-01 5.377250000000000085e+00 7.917100000000000248e-01
3.100000000000000000e+01 1.390000000000000124e-01 8.042540000000000688e+00 5.669899999999999940e-01
3.200000000000000000e+01 1.390000000000000124e-01 8.037280000000000868e+00 5.690600000000000103e-01
3.300000000000000000e+01 1.390000000000000124e-01 8.031349999999999767e+00 5.712000000000000410e-01
3.400000000000000000e+01 1.390000000000000124e-01 8.025850000000000151e+00 5.732699999999999463e-01
3.500000000000000000e+01 1.390000000000000124e-01 8.019009999999999749e+00 5.750899999999999901e-01
3.600000000000000000e+01 1.390000000000000124e-01 8.013469999999999871e+00 5.767700000000000049e-01
3.700000000000000000e+01 1.390000000000000124e-01 8.006669999999999732e+00 5.784799999999999942e-01
3.800000000000000000e+01 1.390000000000000124e-01 8.000899999999999679e+00 5.803000000000000380e-01
3.900000000000000000e+01 1.390000000000000124e-01 7.995589999999999975e+00 5.821100000000000163e-01
4.000000000000000000e+01 1.390000000000000124e-01 7.989449999999999719e+00 5.838299999999999601e-01
4.100000000000000000e+01 1.390000000000000124e-01 7.987650000000000361e+00 5.855599999999999694e-01
4.200000000000000000e+01 1.390000000000000124e-01 7.986209999999999809e+00 5.871699999999999697e-01
4.300000000000000000e+01 1.320000000000000062e-01 7.981930000000000192e+00 5.887799999999999701e-01
4.400000000000000000e+01 1.320000000000000062e-01 7.978329999999999700e+00 5.902800000000000269e-01
4.500000000000000000e+01 1.600000000000000033e-01 7.267089999999999606e+00 6.179900000000000393e-01
4.600000000000000000e+01 1.320000000000000062e-01 7.970030000000000392e+00 5.930100000000000371e-01
4.700000000000000000e+01 1.600000000000000033e-01 7.204349999999999810e+00 6.125699999999999479e-01
4.800000000000000000e+01 1.320000000000000062e-01 7.973950000000000315e+00 5.955399999999999583e-01
4.900000000000000000e+01 1.600000000000000033e-01 7.118210000000000370e+00 6.016799999999999926e-01
5.000000000000000000e+01 1.600000000000000033e-01 7.082930000000000170e+00 5.969100000000000517e-01
5.100000000000000000e+01 1.600000000000000033e-01 7.043870000000000076e+00 5.913100000000000023e-01
5.200000000000000000e+01 1.600000000000000033e-01 6.996430000000000149e+00 5.840199999999999836e-01
5.300000000000000000e+01 1.600000000000000033e-01 6.953090000000000437e+00 5.766999999999999904e-01
5.400000000000000000e+01 1.600000000000000033e-01 6.913700000000000401e+00 5.697200000000000042e-01
5.500000000000000000e+01 1.600000000000000033e-01 6.870870000000000033e+00 5.626200000000000090e-01
5.600000000000000000e+01 1.670000000000000095e-01 6.831640000000000157e+00 5.565099999999999492e-01
5.700000000000000000e+01 1.670000000000000095e-01 6.798729999999999940e+00 5.516299999999999537e-01
5.800000000000000000e+01 1.670000000000000095e-01 6.775570000000000093e+00 5.489899999999999780e-01
5.900000000000000000e+01 1.670000000000000095e-01 6.757489999999999775e+00 5.476299999999999502e-01
6.000000000000000000e+01 1.670000000000000095e-01 6.741609999999999658e+00 5.467600000000000238e-01
6.100000000000000000e+01 1.670000000000000095e-01 6.728159999999999918e+00 5.465100000000000513e-01
6.200000000000000000e+01 1.670000000000000095e-01 6.716969999999999885e+00 5.467499999999999583e-01
6.300000000000000000e+01 1.670000000000000095e-01 6.708339999999999748e+00 5.478499999999999481e-01
6.400000000000000000e+01 1.670000000000000095e-01 6.700409999999999755e+00 5.493299999999999850e-01
6.500000000000000000e+01 1.670000000000000095e-01 6.693369999999999820e+00 5.513000000000000123e-01
6.600000000000000000e+01 1.739999999999999880e-01 6.686890000000000001e+00 5.538800000000000390e-01
6.700000000000000000e+01 1.739999999999999880e-01 6.681199999999999584e+00 5.565400000000000347e-01
6.800000000000000000e+01 1.739999999999999880e-01 6.676179999999999559e+00 5.592899999999999539e-01
6.900000000000000000e+01 1.739999999999999880e-01 6.671909999999999563e+00 5.621199999999999530e-01
7.000000000000000000e+01 1.739999999999999880e-01 6.668619999999999770e+00 5.650500000000000522e-01
7.100000000000000000e+01 1.739999999999999880e-01 6.665849999999999831e+00 5.681500000000000439e-01
7.200000000000000000e+01 1.739999999999999880e-01 6.663619999999999877e+00 5.712699999999999445e-01
7.300000000000000000e+01 1.739999999999999880e-01 6.661590000000000344e+00 5.744000000000000217e-01
7.400000000000000000e+01 1.739999999999999880e-01 6.660000000000000142e+00 5.775000000000000133e-01
7.500000000000000000e+01 1.739999999999999880e-01 6.658739999999999881e+00 5.806499999999999995e-01
7.600000000000000000e+01 1.739999999999999880e-01 6.658280000000000420e+00 5.837900000000000311e-01
7.700000000000000000e+01 1.739999999999999880e-01 6.658459999999999823e+00 5.868999999999999773e-01
7.800000000000000000e+01 1.739999999999999880e-01 6.659360000000000390e+00 5.899799999999999489e-01
7.900000000000000000e+01 1.739999999999999880e-01 6.660300000000000331e+00 5.929900000000000171e-01
8.000000000000000000e+01 1.809999999999999942e-01 6.661800000000000388e+00 5.958900000000000308e-01
8.100000000000000000e+01 1.809999999999999942e-01 6.663569999999999993e+00 5.982699999999999685e-01
8.200000000000000000e+01 1.809999999999999942e-01 6.665440000000000254e+00 5.999900000000000233e-01
8.300000000000000000e+01 1.809999999999999942e-01 6.667440000000000033e+00 6.016599999999999726e-01
8.400000000000000000e+01 1.809999999999999942e-01 6.669699999999999740e+00 6.032899999999999929e-01
8.500000000000000000e+01 1.809999999999999942e-01 6.672089999999999854e+00 6.048599999999999532e-01
8.600000000000000000e+01 1.809999999999999942e-01 6.674719999999999764e+00 6.063399999999999901e-01
8.700000000000000000e+01 1.809999999999999942e-01 6.677150000000000141e+00 6.078000000000000069e-01
8.800000000000000000e+01 1.809999999999999942e-01 6.679949999999999832e+00 6.091999999999999638e-01
8.900000000000000000e+01 1.809999999999999942e-01 6.683559999999999945e+00 6.106899999999999551e-01
9.000000000000000000e+01 1.739999999999999880e-01 6.618820000000000370e+00 6.168500000000000094e-01
9.100000000000000000e+01 1.809999999999999942e-01 6.692090000000000316e+00 6.132100000000000328e-01
9.200000000000000000e+01 1.809999999999999942e-01 6.696839999999999904e+00 6.143100000000000227e-01
9.300000000000000000e+01 1.809999999999999942e-01 6.699379999999999669e+00 6.156399999999999650e-01
9.400000000000000000e+01 1.809999999999999942e-01 6.700020000000000309e+00 6.171400000000000219e-01
9.500000000000000000e+01 1.809999999999999942e-01 6.694149999999999601e+00 6.187300000000000022e-01
9.600000000000000000e+01 1.809999999999999942e-01 6.687030000000000030e+00 6.202400000000000135e-01
9.700000000000000000e+01 1.809999999999999942e-01 6.680209999999999759e+00 6.215800000000000214e-01
9.800000000000000000e+01 1.809999999999999942e-01 6.671509999999999607e+00 6.227500000000000258e-01
9.900000000000000000e+01 1.809999999999999942e-01 6.662079999999999558e+00 6.238200000000000411e-01
1.000000000000000000e+02 1.739999999999999880e-01 6.652330000000000076e+00 6.247399999999999620e-01
1.010000000000000000e+02 1.809999999999999942e-01 6.565739999999999910e+00 6.218799999999999883e-01
1.020000000000000000e+02 1.739999999999999880e-01 6.633429999999999715e+00 6.257399999999999629e-01
1.030000000000000000e+02 1.809999999999999942e-01 6.558209999999999873e+00 6.224600000000000133e-01
1.040000000000000000e+02 1.739999999999999880e-01 6.614959999999999951e+00 6.259799999999999809e-01
1.050000000000000000e+02 1.739999999999999880e-01 6.606099999999999639e+00 6.258000000000000229e-01
1.060000000000000000e+02 1.739999999999999880e-01 6.597500000000000142e+00 6.254499999999999504e-01
1.070000000000000000e+02 1.739999999999999880e-01 6.589100000000000179e+00 6.249099999999999655e-01
1.080000000000000000e+02 1.809999999999999942e-01 6.541830000000000034e+00 6.238599999999999701e-01
1.090000000000000000e+02 1.809999999999999942e-01 6.538929999999999687e+00 6.241100000000000536e-01
1.100000000000000000e+02 1.739999999999999880e-01 6.564820000000000100e+00 6.227899999999999547e-01
1.110000000000000000e+02 1.739999999999999880e-01 6.557199999999999918e+00 6.219799999999999773e-01
1.120000000000000000e+02 1.739999999999999880e-01 6.549470000000000347e+00 6.210499999999999909e-01
1.130000000000000000e+02 1.739999999999999880e-01 6.541990000000000194e+00 6.201699999999999990e-01
1.140000000000000000e+02 1.809999999999999942e-01 6.524949999999999584e+00 6.251499999999999835e-01
1.150000000000000000e+02 1.739999999999999880e-01 6.527739999999999654e+00 6.187799999999999967e-01
1.160000000000000000e+02 1.809999999999999942e-01 6.519319999999999560e+00 6.254499999999999504e-01
1.170000000000000000e+02 1.809999999999999942e-01 6.516440000000000232e+00 6.256099999999999994e-01
1.180000000000000000e+02 1.670000000000000095e-01 6.506619999999999848e+00 6.181200000000000028e-01
1.190000000000000000e+02 1.809999999999999942e-01 6.511079999999999757e+00 6.259299999999999864e-01
1.200000000000000000e+02 1.809999999999999942e-01 6.508210000000000051e+00 6.260900000000000354e-01
