1.000000000000000000e+00 1.459999999999999909e-01 5.409010000000000318e+00 3.327200000000000157e-01
2.000000000000000000e+00 1.880000000000000004e-01 1.162823000000000029e+01 1.484000000000000076e-02
3.000000000000000000e+00 1.739999999999999880e-01 9.052659999999999485e+00 3.973999999999999755e-02
4.000000000000000000e+00 1.739999999999999880e-01 8.665190000000000836e+00 4.197000000000000036e-02
5.000000000000000000e+00 1.739999999999999880e-01 8.412150000000000460e+00 4.261999999999999816e-02
6.000000000000000000e+00 1.739999999999999880e-01 8.445759999999999934e+00 4.431999999999999829e-02
7.000000000000000000e+00 1.670000000000000095e-01 9.070159999999999556e+00 6.697999999999999787e-02
8.000000000000000000e+00 1.670000000000000095e-01 9.271440000000000126e+00 6.907000000000000639e-02
9.000000000000000000e+00 1.670000000000000095e-01 9.426119999999999166e+00 7.034999999999999587e-02
1.000000000000000000e+01 1.670000000000000095e-01 9.749259999999999593e+00 7.049999999999999323e-02
1.100000000000000000e+01 1.670000000000000095e-01 1.016188999999999965e+01 7.785000000000000253e-02
1.200000000000000000e+01 1.670000000000000095e-01 1.014260999999999946e+01 7.494000000000000661e-02
1.300000000000000000e+01 1.670000000000000095e-01 1.013594999999999935e+01 7.277999999999999747e-02
1.400000000000000000e+01 1.670000000000000095e-01 1.015507999999999988e+01 7.185999999999999333e-02
1.500000000000000000e+01 1.670000000000000095e-01 1.018009999999999948e+01 7.111000000000000654e-02
1.600000000000000000e+01 1.670000000000000095e-01 1.020167000000000002e+01 7.000000000000000666e-02
1.700000000000000000e+01 1.670000000000000095e-01 1.022516000000000069e+01 6.912000000000000088e-02
1.800000000000000000e+01 1.670000000000000095e-01 1.024684000000000061e+01 6.832000000000000572e-02
1.900000000000000000e+01 1.670000000000000095e-01 1.042774000000000001e+01 6.913999999999999313e-02
2.000000000000000000e+01 1.600000000000000033e-01 1.078814000000000028e+01 7.313000000000000056e-02
2.100000000000000000e+01 1.600000000000000033e-01 1.106670000000000087e+01 7.575999999999999401e-02
2.200000000000000000e+01 1.529999999999999971e-01 1.122001999999999988e+01 7.625999999999999446e-02
2.300000000000000000e+01 1.529999999999999971e-01 1.132188000000000017e+01 7.600999999999999424e-02
2.400000000000000000e+01 1.529999999999999971e-01 1.153547999999999973e+01 7.759000000000000619e-02
2.500000000000000000e+01 1.529999999999999971e-01 1.175529000000000046e+01 7.854999999999999483e-02
2.600000000000000000e+01 1.529999999999999971e-01 1.194641999999999982e+01 7.918000000000000038e-02
2.700000000000000000e+01 1.529999999999999971e-01 1.211130999999999958e+01 8.305999999999999495e-02
2.800000000000000000e+01 1.529999999999999971e-01 1.224693000000000076e+01 8.708000000000000462e-02
2.900000000000000000e+01 1.670000000000000095e-01 1.236646999999999963e+01 9.135000000000000064e-02
3.000000000000000000e+01 1.670000000000000095e-01 1.246019000000000077e+01 9.464999999999999802e-02
3.100000000000000000e+01 1.739999999999999880e-01 1.254013999999999918e+01 9.769999999999999518e-02
3.200000000000000000e+01 1.739999999999999880e-01 1.261294999999999966e+01 1.010299999999999948e-01
3.300000000000000000e+01 1.739999999999999880e-01 1.269529999999999959e+01 1.043800000000000006e-01
3.400000000000000000e+01 1.739999999999999880e-01 1.274516000000000027e+01 1.056799999999999962e-01
3.500000000000000000e+01 1.670000000000000095e-01 1.278309999999999924e+01 1.067799999999999999e-01
3.600000000000000000e+01 1.600000000000000033e-01 1.283455999999999975e+01 1.089100000000000068e-01
3.700000000000000000e+01 1.670000000000000095e-01 1.291020999999999930e+01 1.123900000000000038e-01
3.800000000000000000e+01 1.600000000000000033e-01 1.299263999999999974e+01 1.161999999999999977e-01
3.900000000000000000e+01 1.670000000000000095e-01 1.310829999999999984e+01 1.211399999999999977e-01
4.000000000000000000e+01 1.670000000000000095e-01 1.329205999999999932e+01 1.289299999999999891e-01
4.100000000000000000e+01 1.600000000000000033e-01 1.344786000000000037e+01 1.378900000000000126e-01
4.200000000000000000e+01 1.529999999999999971e-01 1.357332000000000072e+01 1.470100000000000018e-01
4.300000000000000000e+01 1.459999999999999909e-01 1.368332000000000015e+01 1.564699999999999980e-01
4.400000000000000000e+01 1.459999999999999909e-01 1.377050000000000018e+01 1.655399999999999927e-01
4.500000000000000000e+01 1.459999999999999909e-01 1.383873999999999960e+01 1.740599999999999925e-01
4.600000000000000000e+01 1.459999999999999909e-01 1.389648000000000039e+01 1.822400000000000131e-01
4.700000000000000000e+01 1.529999999999999971e-01 1.394058000000000064e+01 1.897000000000000075e-01
4.800000000000000000e+01 1.459999999999999909e-01 1.397818000000000005e+01 1.966600000000000015e-01
4.900000000000000000e+01 1.459999999999999909e-01 1.401197999999999944e+01 2.030500000000000083e-01
5.000000000000000000e+01 1.529999999999999971e-01 1.404068000000000005e+01 2.078899999999999915e-01
5.100000000000000000e+01 1.529999999999999971e-01 1.406226999999999983e+01 2.107799999999999951e-01
5.200000000000000000e+01 1.529999999999999971e-01 1.407952000000000048e+01 2.126599999999999879e-01
5.300000000000000000e+01 1.529999999999999971e-01 1.409195000000000064e+01 2.136800000000000088e-01
5.400000000000000000e+01 1.529999999999999971e-01 1.410027000000000008e+01 2.139300000000000090e-01
5.500000000000000000e+01 1.529999999999999971e-01 1.410918999999999990e+01 2.137199999999999933e-01
5.600000000000000000e+01 1.600000000000000033e-01 1.411566999999999972e+01 2.130299999999999971e-01
5.700000000000000000e+01 1.600000000000000033e-01 1.411561999999999983e+01 2.118899999999999950e-01
5.800000000000000000e+01 1.600000000000000033e-01 1.411378999999999984e+01 2.104199999999999959e-01
5.900000000000000000e+01 1.529999999999999971e-01 1.411158000000000001e+01 2.087199999999999889e-01
6.000000000000000000e+01 1.459999999999999909e-01 1.410773000000000010e+01 2.068899999999999906e-01
6.100000000000000000e+01 1.459999999999999909e-01 1.410237000000000052e+01 2.049600000000000033e-01
6.200000000000000000e+01 1.459999999999999909e-01 1.409543999999999997e+01 2.029199999999999893e-01
6.300000000000000000e+01 1.459999999999999909e-01 1.408585000000000065e+01 2.007899999999999963e-01
6.400000000000000000e+01 1.459999999999999909e-01 1.407521000000000022e+01 1.985699999999999965e-01
6.500000000000000000e+01 1.459999999999999909e-01 1.406441000000000052e+01 1.964200000000000113e-01
6.600000000000000000e+01 1.459999999999999909e-01 1.405319000000000074e+01 1.945099999999999885e-01
6.700000000000000000e+01 1.459999999999999909e-01 1.404029000000000060e+01 1.926900000000000002e-01
6.800000000000000000e+01 1.459999999999999909e-01 1.402510999999999974e+01 1.909399999999999986e-01
6.900000000000000000e+01 1.459999999999999909e-01 1.400905000000000022e+01 1.892300000000000093e-01
7.000000000000000000e+01 1.459999999999999909e-01 1.399327000000000076e+01 1.875400000000000122e-01
7.100000000000000000e+01 1.459999999999999909e-01 1.397760000000000069e+01 1.859099999999999919e-01
7.200000000000000000e+01 1.459999999999999909e-01 1.396194000000000024e+01 1.842999999999999916e-01
7.300000000000000000e+01 1.529999999999999971e-01 1.394590999999999958e+01 1.827100000000000113e-01
7.400000000000000000e+01 1.529999999999999971e-01 1.393069999999999986e+01 1.811699999999999977e-01
7.500000000000000000e+01 1.529999999999999971e-01 1.391681999999999952e+01 1.796099999999999919e-01
7.600000000000000000e+01 1.529999999999999971e-01 1.390290000000000070e+01 1.780599999999999961e-01
7.700000000000000000e+01 1.529999999999999971e-01 1.388899999999999935e+01 1.765299999999999925e-01
7.800000000000000000e+01 1.529999999999999971e-01 1.387506999999999913e+01 1.751000000000000056e-01
7.900000000000000000e+01 1.529999999999999971e-01 1.386126999999999931e+01 1.738200000000000023e-01
8.000000000000000000e+01 1.529999999999999971e-01 1.384778000000000020e+01 1.725899999999999934e-01
8.100000000000000000e+01 1.529999999999999971e-01 1.383440000000000047e+01 1.713899999999999868e-01
8.200000000000000000e+01 1.529999999999999971e-01 1.382089999999999996e+01 1.701799999999999979e-01
8.300000000000000000e+01 1.529999999999999971e-01 1.381024000000000029e+01 1.691799999999999971e-01
8.400000000000000000e+01 1.529999999999999971e-01 1.380171999999999954e+01 1.683399999999999896e-01
8.500000000000000000e+01 1.529999999999999971e-01 1.379317999999999955e+01 1.674900000000000000e-01
8.600000000000000000e+01 1.529999999999999971e-01 1.378492999999999924e+01 1.666799999999999948e-01
8.700000000000000000e+01 1.459999999999999909e-01 1.377678000000000047e+01 1.658900000000000097e-01
8.800000000000000000e+01 1.459999999999999909e-01 1.376795000000000080e+01 1.651299999999999990e-01
8.900000000000000000e+01 1.459999999999999909e-01 1.375707000000000058e+01 1.643300000000000038e-01
9.000000000000000000e+01 1.459999999999999909e-01 1.374666999999999994e+01 1.635900000000000132e-01
9.100000000000000000e+01 1.459999999999999909e-01 1.373752999999999957e+01 1.629200000000000093e-01
9.200000000000000000e+01 1.459999999999999909e-01 1.372857999999999912e+01 1.622699999999999976e-01
9.300000000000000000e+01 1.459999999999999909e-01 1.371982000000000035e+01 1.616400000000000059e-01
9.400000000000000000e+01 1.459999999999999909e-01 1.371124999999999972e+01 1.610199999999999965e-01
9.500000000000000000e+01 1.459999999999999909e-01 1.370283000000000051e+01 1.604200000000000070e-01
9.600000000000000000e+01 1.459999999999999909e-01 1.369459999999999944e+01 1.598199999999999898e-01
9.700000000000000000e+01 1.459999999999999909e-01 1.368650000000000055e+01 1.592399999999999927e-01
9.800000000000000000e+01 1.459999999999999909e-01 1.367956000000000039e+01 1.587099999999999900e-01
9.900000000000000000e+01 1.459999999999999909e-01 1.367286000000000001e+01 1.582000000000000073e-01
1.000000000000000000e+02 1.459999999999999909e-01 1.366602999999999923e+01 1.576200000000000101e-01
1.010000000000000000e+02 1.390000000000000124e-01 1.365907999999999944e+01 1.570600000000000052e-01
1.020000000000000000e+02 1.390000000000000124e-01 1.365225000000000044e+01 1.565199999999999925e-01
1.030000000000000000e+02 1.390000000000000124e-01 1.364555999999999969e+01 1.559999999999999998e-01
1.040000000000000000e+02 1.390000000000000124e-01 1.363898999999999972e+01 1.554800000000000071e-01
1.050000000000000000e+02 1.390000000000000124e-01 1.363244000000000078e+01 1.549699999999999966e-01
1.060000000000000000e+02 1.459999999999999909e-01 1.362603999999999971e+01 1.544699999999999962e-01
1.070000000000000000e+02 1.459999999999999909e-01 1.361969999999999992e+01 1.539800000000000058e-01
1.080000000000000000e+02 1.459999999999999909e-01 1.361334000000000088e+01 1.535100000000000076e-01
1.090000000000000000e+02 1.459999999999999909e-01 1.360722999999999949e+01 1.530299999999999994e-01
1.100000000000000000e+02 1.459999999999999909e-01 1.360125000000000028e+01 1.525700000000000112e-01
1.110000000000000000e+02 1.459999999999999909e-01 1.359551000000000087e+01 1.521699999999999997e-01
1.120000000000000000e+02 1.459999999999999909e-01 1.358988000000000085e+01 1.517699999999999882e-01
1.130000000000000000e+02 1.459999999999999909e-01 1.358435000000000059e+01 1.513799999999999868e-01
1.140000000000000000e+02 1.459999999999999909e-01 1.357890000000000086e+01 1.509999999999999953e-01
1.150000000000000000e+02 1.459999999999999909e-01 1.357351000000000063e+01 1.506200000000000039e-01
1.160000000000000000e+02 1.459999999999999909e-01 1.356818999999999953e+01 1.502499999999999947e-01
1.170000000000000000e+02 1.459999999999999909e-01 1.356292000000000009e+01 1.499000000000000055e-01
1.180000000000000000e+02 1.459999999999999909e-01 1.355838999999999928e+01 1.495700000000000085e-01
1.190000000000000000e+02 1.459999999999999909e-01 1.355395000000000039e+01 1.492600000000000038e-01
1.200000000000000000e+02 1.459999999999999909e-01 1.354956999999999923e+01 1.489499999999999991e-01
