1.000000000000000000e+00 1.940000000000000058e-01 1.276193999999999917e+01 4.261000000000000204e-02
2.000000000000000000e+00 1.110000000000000014e-01 6.461610000000000298e+00 3.468300000000000272e-01
3.000000000000000000e+00 1.459999999999999909e-01 6.452300000000000146e+00 2.646800000000000264e-01
4.000000000000000000e+00 1.459999999999999909e-01 6.360870000000000246e+00 2.005000000000000115e-01
5.000000000000000000e+00 1.529999999999999971e-01 6.249740000000000073e+00 1.068500000000000005e-01
6.000000000000000000e+00 -1.000000000000000000e+00 -1.000000000000000000e+00 0.000000000000000000e+00
7.000000000000000000e+00 -1.000000000000000000e+00 -1.000000000000000000e+00 0.000000000000000000e+00
8.000000000000000000e+00 -1.000000000000000000e+00 -1.000000000000000000e+00 0.000000000000000000e+00
9.000000000000000000e+00 -1.000000000000000000e+00 -1.000000000000000000e+00 0.000000000000000000e+00
1.000000000000000000e+01 2.010000000000000120e-01 5.875659999999999883e+00 7.587599999999999900e-01
1.100000000000000000e+01 -1.000000000000000000e+00 -1.000000000000000000e+00 0.000000000000000000e+00
1.200000000000000000e+01 -1.000000000000000000e+00 -1.000000000000000000e+00 0.000000000000000000e+00
1.300000000000000000e+01 -1.000000000000000000e+00 -1.000000000000000000e+00 0.000000000000000000e+00
1.400000000000000000e+01 -1.000000000000000000e+00 -1.000000000000000000e+00 0.000000000000000000e+00
1.500000000000000000e+01 2.010000000000000120e-01 5.909410000000000274e+00 7.551600000000000534e-01
1.600000000000000000e+01 2.010000000000000120e-01 5.915250000000000341e+00 7.569500000000000117e-01
1.700000000000000000e+01 -1.000000000000000000e+00 -1.000000000000000000e+00 0.000000000000000000e+00
1.800000000000000000e+01 -1.000000000000000000e+00 -1.000000000000000000e+00 0.000000000000000000e+00
1.900000000000000000e+01 2.010000000000000120e-01 5.927859999999999907e+00 7.629200000000000426e-01
2.000000000000000000e+01 2.010000000000000120e-01 5.929829999999999934e+00 7.653699999999999948e-01
2.100000000000000000e+01 2.010000000000000120e-01 5.914410000000000167e+00 7.697899999999999743e-01
2.200000000000000000e+01 2.010000000000000120e-01 5.868310000000000137e+00 7.793499999999999872e-01
2.300000000000000000e+01 2.010000000000000120e-01 5.819300000000000139e+00 7.903400000000000425e-01
2.400000000000000000e+01 2.010000000000000120e-01 5.775970000000000049e+00 8.017900000000000027e-01
2.500000000000000000e+01 2.010000000000000120e-01 5.744030000000000413e+00 8.138900000000000023e-01
2.600000000000000000e+01 1.250000000000000000e-01 3.577030000000000154e+00 4.446300000000000252e-01
2.700000000000000000e+01 2.010000000000000120e-01 5.724420000000000286e+00 8.417700000000000182e-01
2.800000000000000000e+01 1.250000000000000000e-01 3.622009999999999952e+00 4.479299999999999948e-01
2.900000000000000000e+01 1.250000000000000000e-01 3.644080000000000208e+00 4.490799999999999792e-01
3.000000000000000000e+01 1.250000000000000000e-01 3.666090000000000071e+00 4.501999999999999891e-01
3.100000000000000000e+01 1.250000000000000000e-01 3.688579999999999970e+00 4.512800000000000145e-01
3.200000000000000000e+01 1.250000000000000000e-01 3.713060000000000027e+00 4.524000000000000243e-01
3.300000000000000000e+01 1.250000000000000000e-01 3.737200000000000077e+00 4.534199999999999897e-01
3.400000000000000000e+01 1.250000000000000000e-01 3.760800000000000143e+00 4.546799999999999731e-01
3.500000000000000000e+01 1.250000000000000000e-01 3.783599999999999852e+00 4.559300000000000019e-01
3.600000000000000000e+01 1.250000000000000000e-01 3.805629999999999846e+00 4.571100000000000163e-01
3.700000000000000000e+01 1.250000000000000000e-01 3.827580000000000204e+00 4.582300000000000262e-01
3.800000000000000000e+01 1.250000000000000000e-01 3.848479999999999901e+00 4.594799999999999995e-01
3.900000000000000000e+01 1.250000000000000000e-01 3.868559999999999999e+00 4.607999999999999874e-01
4.000000000000000000e+01 1.250000000000000000e-01 3.887620000000000076e+00 4.621500000000000052e-01
4.100000000000000000e+01 1.880000000000000004e-01 8.522940000000000182e+00 5.029900000000000482e-01
4.200000000000000000e+01 1.179999999999999938e-01 3.924879999999999924e+00 4.648100000000000009e-01
4.300000000000000000e+01 1.179999999999999938e-01 3.944259999999999877e+00 4.658300000000000218e-01
4.400000000000000000e+01 1.179999999999999938e-01 3.962860000000000049e+00 4.668200000000000127e-01
4.500000000000000000e+01 1.179999999999999938e-01 3.981440000000000090e+00 4.679300000000000126e-01
4.600000000000000000e+01 1.179999999999999938e-01 3.999760000000000204e+00 4.691400000000000015e-01
4.700000000000000000e+01 1.179999999999999938e-01 4.017479999999999940e+00 4.703700000000000103e-01
4.800000000000000000e+01 1.809999999999999942e-01 8.475709999999999411e+00 5.050200000000000244e-01
4.900000000000000000e+01 1.809999999999999942e-01 8.470280000000000697e+00 5.053800000000000514e-01
5.000000000000000000e+01 1.179999999999999938e-01 4.068920000000000314e+00 4.738499999999999934e-01
5.100000000000000000e+01 1.179999999999999938e-01 4.086409999999999876e+00 4.748999999999999888e-01
5.200000000000000000e+01 1.880000000000000004e-01 8.455439999999999401e+00 5.066199999999999593e-01
5.300000000000000000e+01 1.880000000000000004e-01 8.450850000000000861e+00 5.070799999999999752e-01
5.400000000000000000e+01 1.179999999999999938e-01 4.140729999999999578e+00 4.776299999999999990e-01
5.500000000000000000e+01 1.179999999999999938e-01 4.159390000000000143e+00 4.781599999999999739e-01
5.600000000000000000e+01 1.179999999999999938e-01 4.178829999999999600e+00 4.786199999999999899e-01
5.700000000000000000e+01 1.179999999999999938e-01 4.198229999999999684e+00 4.791000000000000258e-01
5.800000000000000000e+01 1.179999999999999938e-01 4.217489999999999739e+00 4.793600000000000083e-01
5.900000000000000000e+01 1.880000000000000004e-01 8.419610000000000483e+00 5.120900000000000452e-01
6.000000000000000000e+01 1.880000000000000004e-01 8.412910000000000110e+00 5.135199999999999765e-01
6.100000000000000000e+01 2.010000000000000120e-01 8.406420000000000670e+00 5.149200000000000443e-01
6.200000000000000000e+01 1.179999999999999938e-01 4.290049999999999919e+00 4.805699999999999972e-01
6.300000000000000000e+01 1.179999999999999938e-01 4.307000000000000384e+00 4.808600000000000096e-01
6.400000000000000000e+01 2.010000000000000120e-01 8.388469999999999871e+00 5.188599999999999879e-01
6.500000000000000000e+01 2.010000000000000120e-01 8.383649999999999380e+00 5.201500000000000012e-01
6.600000000000000000e+01 2.010000000000000120e-01 8.379020000000000579e+00 5.214400000000000146e-01
6.700000000000000000e+01 2.010000000000000120e-01 8.374520000000000408e+00 5.227000000000000535e-01
6.800000000000000000e+01 2.010000000000000120e-01 8.370300000000000296e+00 5.238899999999999668e-01
6.900000000000000000e+01 2.010000000000000120e-01 8.366199999999999193e+00 5.250599999999999712e-01
7.000000000000000000e+01 1.940000000000000058e-01 8.362009999999999721e+00 5.262499999999999956e-01
7.100000000000000000e+01 1.940000000000000058e-01 8.357279999999999376e+00 5.275499999999999634e-01
7.200000000000000000e+01 1.940000000000000058e-01 8.352740000000000720e+00 5.288199999999999568e-01
7.300000000000000000e+01 1.940000000000000058e-01 8.348390000000000200e+00 5.300200000000000466e-01
7.400000000000000000e+01 2.010000000000000120e-01 8.344329999999999359e+00 5.311700000000000310e-01
7.500000000000000000e+01 2.010000000000000120e-01 8.340799999999999770e+00 5.323600000000000554e-01
7.600000000000000000e+01 2.010000000000000120e-01 8.337099999999999511e+00 5.335999999999999632e-01
7.700000000000000000e+01 2.010000000000000120e-01 8.333389999999999631e+00 5.348399999999999821e-01
7.800000000000000000e+01 2.010000000000000120e-01 8.329869999999999663e+00 5.360099999999999865e-01
7.900000000000000000e+01 2.010000000000000120e-01 8.326520000000000366e+00 5.371599999999999708e-01
8.000000000000000000e+01 2.010000000000000120e-01 8.323059999999999903e+00 5.383000000000000007e-01
8.100000000000000000e+01 2.010000000000000120e-01 8.320309999999999206e+00 5.394600000000000506e-01
8.200000000000000000e+01 2.010000000000000120e-01 8.318649999999999878e+00 5.408100000000000129e-01
8.300000000000000000e+01 2.010000000000000120e-01 8.317460000000000520e+00 5.421700000000000408e-01
8.400000000000000000e+01 2.010000000000000120e-01 8.316610000000000724e+00 5.435200000000000031e-01
8.500000000000000000e+01 2.010000000000000120e-01 8.317920000000000869e+00 5.451000000000000290e-01
8.600000000000000000e+01 2.010000000000000120e-01 8.319869999999999877e+00 5.466999999999999638e-01
8.700000000000000000e+01 2.010000000000000120e-01 8.320280000000000342e+00 5.485400000000000276e-01
8.800000000000000000e+01 2.010000000000000120e-01 8.322190000000000865e+00 5.503599999999999604e-01
8.900000000000000000e+01 2.010000000000000120e-01 8.323840000000000572e+00 5.520800000000000152e-01
9.000000000000000000e+01 2.010000000000000120e-01 8.325089999999999435e+00 5.537800000000000500e-01
9.100000000000000000e+01 2.079999999999999905e-01 8.326069999999999638e+00 5.552799999999999958e-01
9.200000000000000000e+01 2.079999999999999905e-01 8.326660000000000394e+00 5.567900000000000071e-01
9.300000000000000000e+01 2.079999999999999905e-01 8.327890000000000015e+00 5.583599999999999675e-01
9.400000000000000000e+01 2.079999999999999905e-01 8.328829999999999956e+00 5.598600000000000243e-01
9.500000000000000000e+01 2.079999999999999905e-01 8.329589999999999606e+00 5.613799999999999901e-01
9.600000000000000000e+01 2.079999999999999905e-01 8.331490000000000506e+00 5.628900000000000015e-01
9.700000000000000000e+01 2.079999999999999905e-01 8.333420000000000272e+00 5.643899999999999473e-01
9.800000000000000000e+01 2.079999999999999905e-01 8.335219999999999629e+00 5.658300000000000551e-01
9.900000000000000000e+01 2.079999999999999905e-01 8.337469999999999715e+00 5.672000000000000375e-01
1.000000000000000000e+02 2.079999999999999905e-01 8.340030000000000499e+00 5.686200000000000143e-01
1.010000000000000000e+02 2.010000000000000120e-01 8.342729999999999535e+00 5.699499999999999567e-01
1.020000000000000000e+02 2.010000000000000120e-01 8.345119999999999649e+00 5.713399999999999590e-01
1.030000000000000000e+02 2.010000000000000120e-01 8.347490000000000521e+00 5.726599999999999469e-01
1.040000000000000000e+02 2.010000000000000120e-01 8.349740000000000606e+00 5.739300000000000512e-01
1.050000000000000000e+02 2.010000000000000120e-01 8.352199999999999847e+00 5.753000000000000336e-01
1.060000000000000000e+02 2.010000000000000120e-01 8.354639999999999844e+00 5.766099999999999559e-01
1.070000000000000000e+02 2.010000000000000120e-01 8.357039999999999580e+00 5.779499999999999638e-01
1.080000000000000000e+02 2.010000000000000120e-01 8.359790000000000276e+00 5.792100000000000026e-01
1.090000000000000000e+02 2.010000000000000120e-01 8.362249999999999517e+00 5.805200000000000360e-01
1.100000000000000000e+02 2.010000000000000120e-01 8.364950000000000330e+00 5.817400000000000349e-01
1.110000000000000000e+02 2.010000000000000120e-01 8.367459999999999454e+00 5.829999999999999627e-01
1.120000000000000000e+02 2.010000000000000120e-01 8.369910000000000849e+00 5.841800000000000326e-01
1.130000000000000000e+02 2.010000000000000120e-01 8.372400000000000730e+00 5.853300000000000169e-01
1.140000000000000000e+02 2.010000000000000120e-01 8.374489999999999768e+00 5.864700000000000468e-01
1.150000000000000000e+02 2.010000000000000120e-01 8.376799999999999358e+00 5.875599999999999712e-01
1.160000000000000000e+02 2.010000000000000120e-01 8.378859999999999530e+00 5.885700000000000376e-01
1.170000000000000000e+02 2.010000000000000120e-01 8.380929999999999325e+00 5.896299999999999875e-01
1.180000000000000000e+02 2.010000000000000120e-01 8.383609999999999118e+00 5.906599999999999628e-01
1.190000000000000000e+02 2.010000000000000120e-01 8.386150000000000659e+00 5.915799999999999947e-01
1.200000000000000000e+02 2.010000000000000120e-01 8.388650000000000162e+00 5.923800000000000177e-01
