1.000000000000000000e+00 1.529999999999999971e-01 3.387529999999999930e+00 3.102500000000000258e-01
2.000000000000000000e+00 1.600000000000000033e-01 4.573559999999999626e+00 7.895400000000000196e-01
3.000000000000000000e+00 1.600000000000000033e-01 4.573559999999999626e+00 7.895400000000000196e-01
4.000000000000000000e+00 1.529999999999999971e-01 3.387529999999999930e+00 3.102500000000000258e-01
5.000000000000000000e+00 1.529999999999999971e-01 3.387529999999999930e+00 3.102500000000000258e-01
6.000000000000000000e+00 1.529999999999999971e-01 3.387529999999999930e+00 3.102500000000000258e-01
7.000000000000000000e+00 1.529999999999999971e-01 3.387529999999999930e+00 3.102500000000000258e-01
8.000000000000000000e+00 1.390000000000000124e-01 3.268339999999999801e+00 4.496899999999999786e-01
9.000000000000000000e+00 1.390000000000000124e-01 3.268339999999999801e+00 4.496899999999999786e-01
1.000000000000000000e+01 1.390000000000000124e-01 3.268339999999999801e+00 4.496899999999999786e-01
1.100000000000000000e+01 1.390000000000000124e-01 3.268339999999999801e+00 4.496899999999999786e-01
1.200000000000000000e+01 1.390000000000000124e-01 3.268339999999999801e+00 4.496899999999999786e-01
1.300000000000000000e+01 1.390000000000000124e-01 3.268339999999999801e+00 4.496899999999999786e-01
1.400000000000000000e+01 1.320000000000000062e-01 4.199880000000000280e+00 6.049299999999999677e-01
1.500000000000000000e+01 1.320000000000000062e-01 4.199880000000000280e+00 6.049299999999999677e-01
1.600000000000000000e+01 1.320000000000000062e-01 4.199880000000000280e+00 6.049299999999999677e-01
1.700000000000000000e+01 1.320000000000000062e-01 4.199880000000000280e+00 6.049299999999999677e-01
1.800000000000000000e+01 1.320000000000000062e-01 4.199880000000000280e+00 6.049299999999999677e-01
1.900000000000000000e+01 1.529999999999999971e-01 3.387529999999999930e+00 3.102500000000000258e-01
2.000000000000000000e+01 1.529999999999999971e-01 3.387529999999999930e+00 3.102500000000000258e-01
2.100000000000000000e+01 1.110000000000000014e-01 3.219380000000000130e+00 8.540999999999999703e-01
2.200000000000000000e+01 1.390000000000000124e-01 3.268339999999999801e+00 4.496899999999999786e-01
2.300000000000000000e+01 1.529999999999999971e-01 3.387529999999999930e+00 3.102500000000000258e-01
2.400000000000000000e+01 1.390000000000000124e-01 3.268339999999999801e+00 4.496899999999999786e-01
2.500000000000000000e+01 1.529999999999999971e-01 3.387529999999999930e+00 3.102500000000000258e-01
2.600000000000000000e+01 1.529999999999999971e-01 3.387529999999999930e+00 3.102500000000000258e-01
2.700000000000000000e+01 1.529999999999999971e-01 3.387529999999999930e+00 3.102500000000000258e-01
2.800000000000000000e+01 1.390000000000000124e-01 3.268339999999999801e+00 4.496899999999999786e-01
2.900000000000000000e+01 1.390000000000000124e-01 3.268339999999999801e+00 4.496899999999999786e-01
3.000000000000000000e+01 1.390000000000000124e-01 3.268339999999999801e+00 4.496899999999999786e-01
3.100000000000000000e+01 1.390000000000000124e-01 3.268339999999999801e+00 4.496899999999999786e-01
3.200000000000000000e+01 1.390000000000000124e-01 3.268339999999999801e+00 4.496899999999999786e-01
3.300000000000000000e+01 1.390000000000000124e-01 3.268339999999999801e+00 4.496899999999999786e-01
3.400000000000000000e+01 1.390000000000000124e-01 3.268339999999999801e+00 4.496899999999999786e-01
3.500000000000000000e+01 1.390000000000000124e-01 3.268339999999999801e+00 4.496899999999999786e-01
3.600000000000000000e+01 1.390000000000000124e-01 3.268339999999999801e+00 4.496899999999999786e-01
3.700000000000000000e+01 1.390000000000000124e-01 3.268339999999999801e+00 4.496899999999999786e-01
3.800000000000000000e+01 1.390000000000000124e-01 3.268339999999999801e+00 4.496899999999999786e-01
3.900000000000000000e+01 1.390000000000000124e-01 3.268339999999999801e+00 4.496899999999999786e-01
4.000000000000000000e+01 1.390000000000000124e-01 3.268339999999999801e+00 4.496899999999999786e-01
4.100000000000000000e+01 1.390000000000000124e-01 3.268339999999999801e+00 4.496899999999999786e-01
4.200000000000000000e+01 1.390000000000000124e-01 3.268339999999999801e+00 4.496899999999999786e-01
4.300000000000000000e+01 1.390000000000000124e-01 3.268339999999999801e+00 4.496899999999999786e-01
4.400000000000000000e+01 1.390000000000000124e-01 3.268339999999999801e+00 4.496899999999999786e-01
4.500000000000000000e+01 1.390000000000000124e-01 3.268339999999999801e+00 4.496899999999999786e-01
4.600000000000000000e+01 1.390000000000000124e-01 3.268339999999999801e+00 4.496899999999999786e-01
4.700000000000000000e+01 1.390000000000000124e-01 3.268339999999999801e+00 4.496899999999999786e-01
4.800000000000000000e+01 1.390000000000000124e-01 3.268339999999999801e+00 4.496899999999999786e-01
4.900000000000000000e+01 1.390000000000000124e-01 3.268339999999999801e+00 4.496899999999999786e-01
5.000000000000000000e+01 1.390000000000000124e-01 3.268339999999999801e+00 4.496899999999999786e-01
5.100000000000000000e+01 1.390000000000000124e-01 3.268339999999999801e+00 4.496899999999999786e-01
5.200000000000000000e+01 1.390000000000000124e-01 3.268339999999999801e+00 4.496899999999999786e-01
5.300000000000000000e+01 1.390000000000000124e-01 3.268339999999999801e+00 4.496899999999999786e-01
5.400000000000000000e+01 1.390000000000000124e-01 3.268339999999999801e+00 4.496899999999999786e-01
5.500000000000000000e+01 1.390000000000000124e-01 3.268339999999999801e+00 4.496899999999999786e-01
5.600000000000000000e+01 1.390000000000000124e-01 3.268339999999999801e+00 4.496899999999999786e-01
5.700000000000000000e+01 1.390000000000000124e-01 3.268339999999999801e+00 4.496899999999999786e-01
5.800000000000000000e+01 1.390000000000000124e-01 3.268339999999999801e+00 4.496899999999999786e-01
5.900000000000000000e+01 1.390000000000000124e-01 3.268339999999999801e+00 4.496899999999999786e-01
6.000000000000000000e+01 1.390000000000000124e-01 3.268339999999999801e+00 4.496899999999999786e-01
6.100000000000000000e+01 1.390000000000000124e-01 3.268339999999999801e+00 4.496899999999999786e-01
6.200000000000000000e+01 1.390000000000000124e-01 3.268339999999999801e+00 4.496899999999999786e-01
6.300000000000000000e+01 1.390000000000000124e-01 3.268339999999999801e+00 4.496899999999999786e-01
6.400000000000000000e+01 1.390000000000000124e-01 3.268339999999999801e+00 4.496899999999999786e-01
6.500000000000000000e+01 1.390000000000000124e-01 3.268339999999999801e+00 4.496899999999999786e-01
6.600000000000000000e+01 1.390000000000000124e-01 3.268339999999999801e+00 4.496899999999999786e-01
6.700000000000000000e+01 1.390000000000000124e-01 3.268339999999999801e+00 4.496899999999999786e-01
6.800000000000000000e+01 1.390000000000000124e-01 3.268339999999999801e+00 4.496899999999999786e-01
6.900000000000000000e+01 1.390000000000000124e-01 3.268339999999999801e+00 4.496899999999999786e-01
7.000000000000000000e+01 1.390000000000000124e-01 3.268339999999999801e+00 4.496899999999999786e-01
7.100000000000000000e+01 1.390000000000000124e-01 3.268339999999999801e+00 4.496899999999999786e-01
7.200000000000000000e+01 1.390000000000000124e-01 3.268339999999999801e+00 4.496899999999999786e-01
7.300000000000000000e+01 1.390000000000000124e-01 3.268339999999999801e+00 4.496899999999999786e-01
7.400000000000000000e+01 1.390000000000000124e-01 3.268339999999999801e+00 4.496899999999999786e-01
7.500000000000000000e+01 1.390000000000000124e-01 3.268339999999999801e+00 4.496899999999999786e-01
7.600000000000000000e+01 1.390000000000000124e-01 3.268339999999999801e+00 4.496899999999999786e-01
7.700000000000000000e+01 1.390000000000000124e-01 3.268339999999999801e+00 4.496899999999999786e-01
7.800000000000000000e+01 1.390000000000000124e-01 3.268339999999999801e+00 4.496899999999999786e-01
7.900000000000000000e+01 1.390000000000000124e-01 3.268339999999999801e+00 4.496899999999999786e-01
8.000000000000000000e+01 1.390000000000000124e-01 3.268339999999999801e+00 4.496899999999999786e-01
8.100000000000000000e+01 1.390000000000000124e-01 3.268339999999999801e+00 4.496899999999999786e-01
8.200000000000000000e+01 7.000000000000000146e-03 2.680289999999999839e+00 3.182200000000000029e-01
8.300000000000000000e+01 7.000000000000000146e-03 2.680289999999999839e+00 3.182200000000000029e-01
8.400000000000000000e+01 7.000000000000000146e-03 2.680289999999999839e+00 3.182200000000000029e-01
8.500000000000000000e+01 1.390000000000000124e-01 1.791740000000000110e+00 5.031600000000000517e-01
8.600000000000000000e+01 1.390000000000000124e-01 1.791740000000000110e+00 5.031600000000000517e-01
8.700000000000000000e+01 7.000000000000000146e-03 1.472239999999999993e+00 4.860400000000000276e-01
8.800000000000000000e+01 7.000000000000000146e-03 1.472239999999999993e+00 4.860400000000000276e-01
8.900000000000000000e+01 0.000000000000000000e+00 7.174099999999999921e-01 4.713300000000000267e-01
9.000000000000000000e+01 0.000000000000000000e+00 7.174099999999999921e-01 4.713300000000000267e-01
9.100000000000000000e+01 0.000000000000000000e+00 7.174099999999999921e-01 4.713300000000000267e-01
9.200000000000000000e+01 0.000000000000000000e+00 7.174099999999999921e-01 4.713300000000000267e-01
9.300000000000000000e+01 0.000000000000000000e+00 7.174099999999999921e-01 4.713300000000000267e-01
9.400000000000000000e+01 0.000000000000000000e+00 7.174099999999999921e-01 4.713300000000000267e-01
9.500000000000000000e+01 0.000000000000000000e+00 7.174099999999999921e-01 4.713300000000000267e-01
9.600000000000000000e+01 0.000000000000000000e+00 7.174099999999999921e-01 4.713300000000000267e-01
9.700000000000000000e+01 0.000000000000000000e+00 7.174099999999999921e-01 4.713300000000000267e-01
9.800000000000000000e+01 0.000000000000000000e+00 7.174099999999999921e-01 4.713300000000000267e-01
9.900000000000000000e+01 0.000000000000000000e+00 6.013800000000000257e-01 7.004200000000000426e-01
1.000000000000000000e+02 0.000000000000000000e+00 6.013800000000000257e-01 7.004200000000000426e-01
1.010000000000000000e+02 0.000000000000000000e+00 6.013800000000000257e-01 7.004200000000000426e-01
1.020000000000000000e+02 0.000000000000000000e+00 6.013800000000000257e-01 7.004200000000000426e-01
1.030000000000000000e+02 0.000000000000000000e+00 6.013800000000000257e-01 7.004200000000000426e-01
1.040000000000000000e+02 0.000000000000000000e+00 6.013800000000000257e-01 7.004200000000000426e-01
1.050000000000000000e+02 0.000000000000000000e+00 6.013800000000000257e-01 7.004200000000000426e-01
1.060000000000000000e+02 0.000000000000000000e+00 6.013800000000000257e-01 7.004200000000000426e-01
1.070000000000000000e+02 0.000000000000000000e+00 6.013800000000000257e-01 7.004200000000000426e-01
1.080000000000000000e+02 0.000000000000000000e+00 6.013800000000000257e-01 7.004200000000000426e-01
1.090000000000000000e+02 0.000000000000000000e+00 6.013800000000000257e-01 7.004200000000000426e-01
1.100000000000000000e+02 0.000000000000000000e+00 6.013800000000000257e-01 7.004200000000000426e-01
1.110000000000000000e+02 0.000000000000000000e+00 6.013800000000000257e-01 7.004200000000000426e-01
1.120000000000000000e+02 0.000000000000000000e+00 6.013800000000000257e-01 7.004200000000000426e-01
1.130000000000000000e+02 0.000000000000000000e+00 6.013800000000000257e-01 7.004200000000000426e-01
1.140000000000000000e+02 0.000000000000000000e+00 6.013800000000000257e-01 7.004200000000000426e-01
1.150000000000000000e+02 0.000000000000000000e+00 6.013800000000000257e-01 7.004200000000000426e-01
1.160000000000000000e+02 0.000000000000000000e+00 6.013800000000000257e-01 7.004200000000000426e-01
1.170000000000000000e+02 0.000000000000000000e+00 6.013800000000000257e-01 7.004200000000000426e-01
1.180000000000000000e+02 0.000000000000000000e+00 6.013800000000000257e-01 7.004200000000000426e-01
1.190000000000000000e+02 0.000000000000000000e+00 6.013800000000000257e-01 7.004200000000000426e-01
1.200000000000000000e+02 0.000000000000000000e+00 6.013800000000000257e-01 7.004200000000000426e-01
