1.000000000000000000e+00 1.880000000000000004e-01 6.563499999999999890e-01 2.137999999999999901e-01
2.000000000000000000e+00 1.809999999999999942e-01 7.225300000000000056e-01 2.347499999999999865e-01
3.000000000000000000e+00 1.940000000000000058e-01 7.255099999999999882e-01 3.196700000000000097e-01
4.000000000000000000e+00 1.940000000000000058e-01 7.131300000000000416e-01 3.921499999999999986e-01
5.000000000000000000e+00 1.320000000000000062e-01 6.023800000000000265e-01 4.420000000000000040e-01
6.000000000000000000e+00 1.250000000000000000e-01 6.162699999999999845e-01 4.064300000000000135e-01
7.000000000000000000e+00 1.250000000000000000e-01 6.453299999999999592e-01 3.453899999999999748e-01
8.000000000000000000e+00 1.250000000000000000e-01 6.754200000000000204e-01 2.987199999999999855e-01
9.000000000000000000e+00 1.250000000000000000e-01 7.013000000000000345e-01 2.698900000000000188e-01
1.000000000000000000e+01 1.320000000000000062e-01 7.224500000000000366e-01 2.534699999999999731e-01
1.100000000000000000e+01 1.320000000000000062e-01 7.407399999999999540e-01 2.432799999999999963e-01
1.200000000000000000e+01 1.320000000000000062e-01 7.562699999999999978e-01 2.373099999999999932e-01
1.300000000000000000e+01 1.320000000000000062e-01 7.700200000000000378e-01 2.336699999999999888e-01
1.400000000000000000e+01 1.320000000000000062e-01 7.932000000000000162e-01 2.464999999999999969e-01
1.500000000000000000e+01 1.250000000000000000e-01 8.487400000000000500e-01 2.893800000000000261e-01
1.600000000000000000e+01 1.250000000000000000e-01 9.504599999999999715e-01 3.535200000000000009e-01
1.700000000000000000e+01 1.179999999999999938e-01 1.067379999999999995e+00 4.162100000000000244e-01
1.800000000000000000e+01 1.179999999999999938e-01 1.187650000000000095e+00 4.759599999999999942e-01
1.900000000000000000e+01 1.179999999999999938e-01 1.305979999999999919e+00 5.331799999999999873e-01
2.000000000000000000e+01 1.179999999999999938e-01 1.416679999999999939e+00 5.865899999999999448e-01
2.100000000000000000e+01 1.179999999999999938e-01 1.521949999999999914e+00 6.362799999999999567e-01
2.200000000000000000e+01 1.250000000000000000e-01 1.618749999999999911e+00 6.814900000000000402e-01
2.300000000000000000e+01 1.250000000000000000e-01 1.709440000000000071e+00 7.247500000000000053e-01
2.400000000000000000e+01 1.250000000000000000e-01 1.793120000000000047e+00 7.657300000000000217e-01
2.500000000000000000e+01 1.250000000000000000e-01 1.870339999999999892e+00 8.045400000000000329e-01
2.600000000000000000e+01 1.179999999999999938e-01 1.941519999999999913e+00 8.403100000000000014e-01
2.700000000000000000e+01 1.179999999999999938e-01 2.008160000000000167e+00 8.721999999999999753e-01
2.800000000000000000e+01 1.250000000000000000e-01 2.067200000000000149e+00 9.017699999999999605e-01
2.900000000000000000e+01 1.250000000000000000e-01 2.118430000000000035e+00 9.289800000000000280e-01
3.000000000000000000e+01 1.250000000000000000e-01 2.162150000000000016e+00 9.529900000000000038e-01
3.100000000000000000e+01 1.320000000000000062e-01 2.202049999999999841e+00 9.730699999999999905e-01
3.200000000000000000e+01 1.320000000000000062e-01 2.238220000000000098e+00 9.810900000000000176e-01
3.300000000000000000e+01 1.320000000000000062e-01 2.271529999999999827e+00 9.708999999999999853e-01
3.400000000000000000e+01 1.320000000000000062e-01 2.302810000000000024e+00 9.557900000000000285e-01
3.500000000000000000e+01 1.320000000000000062e-01 2.332500000000000018e+00 9.412500000000000311e-01
3.600000000000000000e+01 1.320000000000000062e-01 2.363070000000000004e+00 9.281300000000000106e-01
3.700000000000000000e+01 1.390000000000000124e-01 2.397120000000000140e+00 9.172599999999999643e-01
3.800000000000000000e+01 1.390000000000000124e-01 2.430309999999999970e+00 9.074900000000000189e-01
3.900000000000000000e+01 1.390000000000000124e-01 2.461380000000000123e+00 8.991599999999999593e-01
4.000000000000000000e+01 1.390000000000000124e-01 2.491490000000000204e+00 8.919300000000000006e-01
4.100000000000000000e+01 1.390000000000000124e-01 2.520099999999999785e+00 8.854999999999999538e-01
4.200000000000000000e+01 1.459999999999999909e-01 2.548909999999999787e+00 8.799799999999999844e-01
4.300000000000000000e+01 1.459999999999999909e-01 2.576849999999999863e+00 8.750400000000000400e-01
4.400000000000000000e+01 1.459999999999999909e-01 2.603540000000000187e+00 8.704600000000000115e-01
4.500000000000000000e+01 1.459999999999999909e-01 2.629379999999999828e+00 8.663999999999999480e-01
4.600000000000000000e+01 1.459999999999999909e-01 2.653230000000000199e+00 8.627500000000000169e-01
4.700000000000000000e+01 1.459999999999999909e-01 2.676520000000000010e+00 8.593499999999999472e-01
4.800000000000000000e+01 1.459999999999999909e-01 2.698129999999999917e+00 8.562800000000000411e-01
4.900000000000000000e+01 1.459999999999999909e-01 2.718399999999999928e+00 8.534699999999999509e-01
5.000000000000000000e+01 1.459999999999999909e-01 2.737830000000000208e+00 8.508799999999999697e-01
5.100000000000000000e+01 1.459999999999999909e-01 2.755930000000000213e+00 8.485800000000000010e-01
5.200000000000000000e+01 1.459999999999999909e-01 2.772470000000000212e+00 8.465399999999999592e-01
5.300000000000000000e+01 1.459999999999999909e-01 2.788469999999999782e+00 8.446000000000000174e-01
5.400000000000000000e+01 1.459999999999999909e-01 2.803889999999999993e+00 8.427599999999999536e-01
5.500000000000000000e+01 1.459999999999999909e-01 2.818690000000000140e+00 8.410400000000000098e-01
5.600000000000000000e+01 1.459999999999999909e-01 2.832559999999999967e+00 8.394599999999999840e-01
5.700000000000000000e+01 1.459999999999999909e-01 2.846280000000000143e+00 8.378999999999999782e-01
5.800000000000000000e+01 1.459999999999999909e-01 2.858629999999999782e+00 8.365799999999999903e-01
5.900000000000000000e+01 1.459999999999999909e-01 2.870060000000000056e+00 8.354000000000000314e-01
6.000000000000000000e+01 1.459999999999999909e-01 2.882019999999999804e+00 8.341800000000000326e-01
6.100000000000000000e+01 1.459999999999999909e-01 2.892700000000000049e+00 8.330100000000000282e-01
6.200000000000000000e+01 1.459999999999999909e-01 2.902979999999999894e+00 8.318999999999999728e-01
6.300000000000000000e+01 1.459999999999999909e-01 2.912690000000000001e+00 8.307799999999999629e-01
6.400000000000000000e+01 1.459999999999999909e-01 2.920819999999999972e+00 8.297200000000000131e-01
6.500000000000000000e+01 1.459999999999999909e-01 2.929149999999999920e+00 8.286999999999999922e-01
6.600000000000000000e+01 1.459999999999999909e-01 2.936539999999999928e+00 8.277999999999999803e-01
6.700000000000000000e+01 1.459999999999999909e-01 2.944150000000000045e+00 8.269199999999999884e-01
6.800000000000000000e+01 1.459999999999999909e-01 2.951220000000000176e+00 8.260499999999999510e-01
6.900000000000000000e+01 1.459999999999999909e-01 2.957969999999999988e+00 8.253500000000000281e-01
7.000000000000000000e+01 1.459999999999999909e-01 2.964609999999999967e+00 8.247499999999999831e-01
7.100000000000000000e+01 1.459999999999999909e-01 2.971000000000000085e+00 8.242099999999999982e-01
7.200000000000000000e+01 1.459999999999999909e-01 2.977170000000000094e+00 8.237900000000000222e-01
7.300000000000000000e+01 1.459999999999999909e-01 2.982899999999999885e+00 8.234500000000000153e-01
7.400000000000000000e+01 1.459999999999999909e-01 2.988329999999999931e+00 8.232000000000000428e-01
7.500000000000000000e+01 1.459999999999999909e-01 2.993489999999999984e+00 8.228900000000000103e-01
7.600000000000000000e+01 1.459999999999999909e-01 2.998289999999999900e+00 8.227100000000000524e-01
7.700000000000000000e+01 1.459999999999999909e-01 3.002940000000000165e+00 8.225099999999999634e-01
7.800000000000000000e+01 1.459999999999999909e-01 3.007050000000000001e+00 8.223599999999999799e-01
7.900000000000000000e+01 1.459999999999999909e-01 3.011080000000000201e+00 8.222099999999999964e-01
8.000000000000000000e+01 1.459999999999999909e-01 3.015179999999999971e+00 8.220800000000000329e-01
8.100000000000000000e+01 1.459999999999999909e-01 3.019559999999999800e+00 8.219199999999999839e-01
8.200000000000000000e+01 1.459999999999999909e-01 3.023690000000000211e+00 8.218199999999999950e-01
8.300000000000000000e+01 1.459999999999999909e-01 3.027089999999999836e+00 8.217799999999999550e-01
8.400000000000000000e+01 1.459999999999999909e-01 3.030710000000000015e+00 8.217499999999999805e-01
8.500000000000000000e+01 1.459999999999999909e-01 3.034660000000000135e+00 8.217499999999999805e-01
8.600000000000000000e+01 1.459999999999999909e-01 3.038019999999999943e+00 8.218100000000000405e-01
8.700000000000000000e+01 1.459999999999999909e-01 3.041059999999999874e+00 8.219400000000000039e-01
8.800000000000000000e+01 1.459999999999999909e-01 3.044230000000000214e+00 8.220300000000000384e-01
8.900000000000000000e+01 1.459999999999999909e-01 3.047130000000000116e+00 8.221500000000000474e-01
9.000000000000000000e+01 1.459999999999999909e-01 3.049510000000000165e+00 8.222699999999999454e-01
9.100000000000000000e+01 1.459999999999999909e-01 3.051680000000000170e+00 8.224599999999999689e-01
9.200000000000000000e+01 1.459999999999999909e-01 3.053580000000000183e+00 8.226799999999999669e-01
9.300000000000000000e+01 1.459999999999999909e-01 3.055270000000000152e+00 8.229600000000000248e-01
9.400000000000000000e+01 1.459999999999999909e-01 3.056799999999999962e+00 8.232500000000000373e-01
9.500000000000000000e+01 1.459999999999999909e-01 3.058059999999999778e+00 8.235400000000000498e-01
9.600000000000000000e+01 1.459999999999999909e-01 3.059280000000000221e+00 8.238100000000000422e-01
9.700000000000000000e+01 1.459999999999999909e-01 3.060290000000000177e+00 8.241100000000000092e-01
9.800000000000000000e+01 1.459999999999999909e-01 3.061669999999999892e+00 8.243500000000000272e-01
9.900000000000000000e+01 1.459999999999999909e-01 3.062739999999999796e+00 8.246299999999999741e-01
1.000000000000000000e+02 1.459999999999999909e-01 3.064020000000000188e+00 8.249199999999999866e-01
1.010000000000000000e+02 1.459999999999999909e-01 3.064979999999999816e+00 8.252500000000000391e-01
1.020000000000000000e+02 1.459999999999999909e-01 3.065570000000000128e+00 8.256200000000000205e-01
1.030000000000000000e+02 1.459999999999999909e-01 3.066110000000000113e+00 8.259600000000000275e-01
1.040000000000000000e+02 1.459999999999999909e-01 3.066230000000000011e+00 8.263500000000000290e-01
1.050000000000000000e+02 1.459999999999999909e-01 3.066230000000000011e+00 8.267499999999999849e-01
1.060000000000000000e+02 1.459999999999999909e-01 3.065630000000000077e+00 8.271800000000000264e-01
1.070000000000000000e+02 1.459999999999999909e-01 3.063889999999999780e+00 8.276700000000000168e-01
1.080000000000000000e+02 1.459999999999999909e-01 3.061669999999999892e+00 8.282199999999999562e-01
1.090000000000000000e+02 1.459999999999999909e-01 3.059079999999999799e+00 8.287900000000000267e-01
1.100000000000000000e+02 1.459999999999999909e-01 3.055709999999999926e+00 8.293899999999999606e-01
1.110000000000000000e+02 1.459999999999999909e-01 3.052659999999999929e+00 8.299699999999999855e-01
1.120000000000000000e+02 1.459999999999999909e-01 3.049160000000000093e+00 8.305700000000000305e-01
1.130000000000000000e+02 1.459999999999999909e-01 3.045090000000000074e+00 8.311800000000000299e-01
1.140000000000000000e+02 1.459999999999999909e-01 3.041020000000000056e+00 8.317900000000000293e-01
1.150000000000000000e+02 1.459999999999999909e-01 3.037139999999999951e+00 8.323599999999999888e-01
1.160000000000000000e+02 1.459999999999999909e-01 3.033170000000000144e+00 8.329199999999999937e-01
1.170000000000000000e+02 1.459999999999999909e-01 3.029009999999999980e+00 8.333700000000000552e-01
1.180000000000000000e+02 1.390000000000000124e-01 3.024849999999999817e+00 8.338200000000000056e-01
1.190000000000000000e+02 1.390000000000000124e-01 3.020789999999999864e+00 8.342600000000000016e-01
1.200000000000000000e+02 1.390000000000000124e-01 3.016420000000000101e+00 8.347299999999999720e-01
