1.000000000000000000e+00 1.940000000000000058e-01 7.751879999999999882e+00 3.416799999999999837e-01
2.000000000000000000e+00 1.739999999999999880e-01 1.023400000000000087e+00 6.396800000000000264e-01
3.000000000000000000e+00 1.670000000000000095e-01 8.736399999999999721e-01 6.163999999999999480e-01
4.000000000000000000e+00 1.670000000000000095e-01 8.455300000000000038e-01 6.365300000000000402e-01
5.000000000000000000e+00 1.670000000000000095e-01 9.022799999999999709e-01 6.255699999999999594e-01
6.000000000000000000e+00 1.670000000000000095e-01 9.418999999999999595e-01 6.211900000000000199e-01
7.000000000000000000e+00 1.670000000000000095e-01 9.744099999999999984e-01 6.218700000000000339e-01
8.000000000000000000e+00 1.739999999999999880e-01 9.946199999999999486e-01 6.223800000000000443e-01
9.000000000000000000e+00 1.739999999999999880e-01 9.902999999999999581e-01 6.284100000000000241e-01
1.000000000000000000e+01 1.529999999999999971e-01 4.878199999999999759e-01 3.683100000000000263e-01
1.100000000000000000e+01 1.529999999999999971e-01 5.225100000000000300e-01 3.667500000000000204e-01
1.200000000000000000e+01 1.529999999999999971e-01 6.108400000000000496e-01 3.832900000000000196e-01
1.300000000000000000e+01 1.529999999999999971e-01 6.886299999999999644e-01 3.810100000000000153e-01
1.400000000000000000e+01 1.529999999999999971e-01 7.742200000000000193e-01 3.457000000000000073e-01
1.500000000000000000e+01 1.529999999999999971e-01 8.517900000000000471e-01 3.064000000000000057e-01
1.600000000000000000e+01 1.459999999999999909e-01 9.147699999999999720e-01 2.912399999999999989e-01
1.700000000000000000e+01 1.390000000000000124e-01 9.464200000000000390e-01 2.768499999999999850e-01
1.800000000000000000e+01 1.459999999999999909e-01 9.544799999999999951e-01 2.647399999999999753e-01
1.900000000000000000e+01 1.459999999999999909e-01 9.227699999999999791e-01 2.545399999999999885e-01
2.000000000000000000e+01 1.529999999999999971e-01 8.531999999999999584e-01 2.459600000000000120e-01
2.100000000000000000e+01 1.459999999999999909e-01 7.758399999999999741e-01 2.418200000000000072e-01
2.200000000000000000e+01 1.459999999999999909e-01 7.205200000000000493e-01 2.432600000000000040e-01
2.300000000000000000e+01 1.459999999999999909e-01 6.823000000000000176e-01 2.500000000000000000e-01
2.400000000000000000e+01 1.600000000000000033e-01 6.723900000000000432e-01 2.588099999999999845e-01
2.500000000000000000e+01 1.600000000000000033e-01 6.807199999999999918e-01 2.680400000000000005e-01
2.600000000000000000e+01 1.670000000000000095e-01 7.029100000000000348e-01 2.775199999999999889e-01
2.700000000000000000e+01 1.670000000000000095e-01 7.368000000000000105e-01 2.859300000000000175e-01
2.800000000000000000e+01 1.670000000000000095e-01 7.948199999999999710e-01 2.956799999999999984e-01
2.900000000000000000e+01 1.670000000000000095e-01 8.629900000000000349e-01 3.073199999999999821e-01
3.000000000000000000e+01 1.739999999999999880e-01 9.194200000000000150e-01 3.180399999999999894e-01
3.100000000000000000e+01 1.739999999999999880e-01 9.666000000000000147e-01 3.274400000000000088e-01
3.200000000000000000e+01 1.739999999999999880e-01 1.010450000000000070e+00 3.353099999999999969e-01
3.300000000000000000e+01 1.809999999999999942e-01 1.050699999999999967e+00 3.418800000000000172e-01
3.400000000000000000e+01 1.809999999999999942e-01 1.082729999999999970e+00 3.466000000000000192e-01
3.500000000000000000e+01 1.390000000000000124e-01 2.183310000000000084e+00 6.633599999999999497e-01
3.600000000000000000e+01 1.390000000000000124e-01 2.196330000000000116e+00 6.667999999999999483e-01
3.700000000000000000e+01 1.390000000000000124e-01 2.208880000000000177e+00 6.697100000000000275e-01
3.800000000000000000e+01 1.459999999999999909e-01 2.220950000000000202e+00 6.716100000000000403e-01
3.900000000000000000e+01 1.459999999999999909e-01 2.232580000000000009e+00 6.726999999999999647e-01
4.000000000000000000e+01 1.459999999999999909e-01 2.245070000000000121e+00 6.733999999999999986e-01
4.100000000000000000e+01 1.390000000000000124e-01 2.259630000000000027e+00 6.728699999999999681e-01
4.200000000000000000e+01 1.739999999999999880e-01 1.184900000000000064e+00 3.641400000000000192e-01
4.300000000000000000e+01 1.809999999999999942e-01 1.184889999999999999e+00 3.654600000000000071e-01
4.400000000000000000e+01 1.809999999999999942e-01 1.179130000000000011e+00 3.658199999999999785e-01
4.500000000000000000e+01 1.809999999999999942e-01 1.176020000000000065e+00 3.668600000000000194e-01
4.600000000000000000e+01 1.809999999999999942e-01 1.175850000000000062e+00 3.687099999999999822e-01
4.700000000000000000e+01 1.459999999999999909e-01 2.310309999999999864e+00 6.797299999999999454e-01
4.800000000000000000e+01 1.459999999999999909e-01 2.317670000000000119e+00 6.815200000000000147e-01
4.900000000000000000e+01 1.459999999999999909e-01 2.325940000000000119e+00 6.835499999999999909e-01
5.000000000000000000e+01 1.390000000000000124e-01 2.335929999999999840e+00 6.845099999999999518e-01
5.100000000000000000e+01 1.459999999999999909e-01 2.344959999999999933e+00 6.862399999999999611e-01
5.200000000000000000e+01 1.459999999999999909e-01 2.353299999999999947e+00 6.881899999999999684e-01
5.300000000000000000e+01 1.459999999999999909e-01 2.362179999999999946e+00 6.903500000000000192e-01
5.400000000000000000e+01 1.459999999999999909e-01 2.370999999999999996e+00 6.921300000000000230e-01
5.500000000000000000e+01 1.459999999999999909e-01 2.379770000000000163e+00 6.938999999999999613e-01
5.600000000000000000e+01 1.459999999999999909e-01 2.388659999999999783e+00 6.955000000000000071e-01
5.700000000000000000e+01 1.459999999999999909e-01 2.397229999999999972e+00 6.981000000000000538e-01
5.800000000000000000e+01 1.459999999999999909e-01 2.405419999999999892e+00 7.005099999999999660e-01
5.900000000000000000e+01 1.459999999999999909e-01 2.415070000000000050e+00 7.027600000000000513e-01
6.000000000000000000e+01 1.459999999999999909e-01 2.426480000000000192e+00 7.045500000000000096e-01
6.100000000000000000e+01 1.459999999999999909e-01 2.437829999999999941e+00 7.060400000000000009e-01
6.200000000000000000e+01 1.459999999999999909e-01 2.448999999999999844e+00 7.075399999999999467e-01
6.300000000000000000e+01 1.459999999999999909e-01 2.459830000000000183e+00 7.089900000000000091e-01
6.400000000000000000e+01 1.459999999999999909e-01 2.470439999999999969e+00 7.103699999999999459e-01
6.500000000000000000e+01 1.459999999999999909e-01 2.480630000000000113e+00 7.116799999999999793e-01
6.600000000000000000e+01 1.459999999999999909e-01 2.490330000000000155e+00 7.130999999999999561e-01
6.700000000000000000e+01 1.459999999999999909e-01 2.500119999999999898e+00 7.148400000000000309e-01
6.800000000000000000e+01 1.459999999999999909e-01 2.510159999999999947e+00 7.165799999999999947e-01
6.900000000000000000e+01 1.459999999999999909e-01 2.519989999999999952e+00 7.180699999999999861e-01
7.000000000000000000e+01 1.459999999999999909e-01 2.529850000000000154e+00 7.193899999999999739e-01
7.100000000000000000e+01 1.459999999999999909e-01 2.539309999999999956e+00 7.206900000000000528e-01
7.200000000000000000e+01 1.459999999999999909e-01 2.548729999999999940e+00 7.219700000000000006e-01
7.300000000000000000e+01 1.459999999999999909e-01 2.557830000000000048e+00 7.231400000000000050e-01
7.400000000000000000e+01 1.459999999999999909e-01 2.567309999999999981e+00 7.244399999999999729e-01
7.500000000000000000e+01 1.459999999999999909e-01 2.577090000000000103e+00 7.254699999999999482e-01
7.600000000000000000e+01 1.459999999999999909e-01 2.586520000000000152e+00 7.264599999999999946e-01
7.700000000000000000e+01 1.459999999999999909e-01 2.596179999999999932e+00 7.274800000000000155e-01
7.800000000000000000e+01 1.459999999999999909e-01 2.606079999999999952e+00 7.285000000000000364e-01
7.900000000000000000e+01 1.459999999999999909e-01 2.615689999999999849e+00 7.294599999999999973e-01
8.000000000000000000e+01 1.459999999999999909e-01 2.625570000000000181e+00 7.305199999999999472e-01
8.100000000000000000e+01 1.459999999999999909e-01 2.635819999999999830e+00 7.316799999999999971e-01
8.200000000000000000e+01 1.459999999999999909e-01 2.646259999999999835e+00 7.328700000000000214e-01
8.300000000000000000e+01 1.459999999999999909e-01 2.656670000000000087e+00 7.342100000000000293e-01
8.400000000000000000e+01 1.459999999999999909e-01 2.665579999999999838e+00 7.354800000000000226e-01
8.500000000000000000e+01 1.459999999999999909e-01 2.674009999999999998e+00 7.366500000000000270e-01
8.600000000000000000e+01 1.529999999999999971e-01 2.682409999999999961e+00 7.378799999999999804e-01
8.700000000000000000e+01 1.529999999999999971e-01 2.690990000000000215e+00 7.391499999999999737e-01
8.800000000000000000e+01 1.529999999999999971e-01 2.698770000000000113e+00 7.401699999999999946e-01
8.900000000000000000e+01 1.529999999999999971e-01 2.706760000000000055e+00 7.412300000000000555e-01
9.000000000000000000e+01 1.529999999999999971e-01 2.714529999999999887e+00 7.422299999999999454e-01
9.100000000000000000e+01 1.529999999999999971e-01 2.722220000000000084e+00 7.432100000000000373e-01
9.200000000000000000e+01 1.529999999999999971e-01 2.730239999999999778e+00 7.442199999999999926e-01
9.300000000000000000e+01 1.529999999999999971e-01 2.737249999999999961e+00 7.450400000000000356e-01
9.400000000000000000e+01 1.529999999999999971e-01 2.744520000000000071e+00 7.458799999999999875e-01
9.500000000000000000e+01 1.529999999999999971e-01 2.751790000000000180e+00 7.467500000000000249e-01
9.600000000000000000e+01 1.529999999999999971e-01 2.758189999999999920e+00 7.476000000000000423e-01
9.700000000000000000e+01 1.529999999999999971e-01 2.764390000000000125e+00 7.484399999999999942e-01
9.800000000000000000e+01 1.529999999999999971e-01 2.770980000000000221e+00 7.493699999999999806e-01
9.900000000000000000e+01 1.529999999999999971e-01 2.777299999999999880e+00 7.502900000000000125e-01
1.000000000000000000e+02 1.529999999999999971e-01 2.783479999999999954e+00 7.511999999999999789e-01
1.010000000000000000e+02 1.529999999999999971e-01 2.789270000000000138e+00 7.521900000000000253e-01
1.020000000000000000e+02 1.529999999999999971e-01 2.795409999999999950e+00 7.532299999999999551e-01
1.030000000000000000e+02 1.529999999999999971e-01 2.800619999999999887e+00 7.541799999999999615e-01
1.040000000000000000e+02 1.529999999999999971e-01 2.806270000000000042e+00 7.551499999999999879e-01
1.050000000000000000e+02 1.529999999999999971e-01 2.811830000000000052e+00 7.560999999999999943e-01
1.060000000000000000e+02 1.529999999999999971e-01 2.817009999999999792e+00 7.570099999999999607e-01
1.070000000000000000e+02 1.529999999999999971e-01 2.822410000000000085e+00 7.579399999999999471e-01
1.080000000000000000e+02 1.529999999999999971e-01 2.827490000000000059e+00 7.587800000000000100e-01
1.090000000000000000e+02 1.529999999999999971e-01 2.832580000000000098e+00 7.595800000000000329e-01
1.100000000000000000e+02 1.529999999999999971e-01 2.838150000000000173e+00 7.604400000000000048e-01
1.110000000000000000e+02 1.529999999999999971e-01 2.842839999999999812e+00 7.612700000000000022e-01
1.120000000000000000e+02 1.529999999999999971e-01 2.847259999999999902e+00 7.621299999999999741e-01
1.130000000000000000e+02 1.529999999999999971e-01 2.851869999999999905e+00 7.630200000000000315e-01
1.140000000000000000e+02 1.529999999999999971e-01 2.856090000000000018e+00 7.638800000000000034e-01
1.150000000000000000e+02 1.529999999999999971e-01 2.860529999999999795e+00 7.647500000000000409e-01
1.160000000000000000e+02 1.529999999999999971e-01 2.864829999999999988e+00 7.656199999999999672e-01
1.170000000000000000e+02 1.529999999999999971e-01 2.869209999999999816e+00 7.664900000000000047e-01
1.180000000000000000e+02 1.529999999999999971e-01 2.873610000000000220e+00 7.673600000000000421e-01
1.190000000000000000e+02 1.529999999999999971e-01 2.877499999999999947e+00 7.681599999999999540e-01
1.200000000000000000e+02 1.529999999999999971e-01 2.881979999999999986e+00 7.690399999999999459e-01
