1.000000000000000000e+00 1.600000000000000033e-01 5.614169999999999661e+00 5.948099999999999499e-01
2.000000000000000000e+00 8.999999999999999667e-02 3.300930000000000142e+00 3.813699999999999868e-01
3.000000000000000000e+00 1.250000000000000000e-01 4.455400000000000027e+00 6.566300000000000470e-01
4.000000000000000000e+00 4.900000000000000189e-02 4.215550000000000352e+00 4.955100000000000060e-01
5.000000000000000000e+00 5.600000000000000117e-02 4.545550000000000423e+00 5.345400000000000151e-01
6.000000000000000000e+00 5.600000000000000117e-02 4.601020000000000110e+00 5.430399999999999672e-01
7.000000000000000000e+00 4.200000000000000261e-02 4.489840000000000053e+00 5.652700000000000502e-01
8.000000000000000000e+00 3.500000000000000333e-02 4.339050000000000296e+00 5.856999999999999984e-01
9.000000000000000000e+00 4.200000000000000261e-02 4.360759999999999970e+00 5.691500000000000448e-01
1.000000000000000000e+01 8.300000000000000433e-02 4.385620000000000296e+00 5.493000000000000105e-01
1.100000000000000000e+01 8.300000000000000433e-02 4.364320000000000199e+00 5.433499999999999996e-01
1.200000000000000000e+01 8.300000000000000433e-02 4.345220000000000304e+00 5.385100000000000442e-01
1.300000000000000000e+01 8.300000000000000433e-02 4.359219999999999651e+00 5.334799999999999542e-01
1.400000000000000000e+01 8.300000000000000433e-02 4.374390000000000001e+00 5.261900000000000466e-01
1.500000000000000000e+01 8.300000000000000433e-02 4.381759999999999877e+00 5.214600000000000346e-01
1.600000000000000000e+01 8.999999999999999667e-02 4.350999999999999979e+00 5.143600000000000394e-01
1.700000000000000000e+01 8.999999999999999667e-02 4.324900000000000411e+00 5.072499999999999787e-01
1.800000000000000000e+01 8.999999999999999667e-02 4.308620000000000339e+00 5.015899999999999803e-01
1.900000000000000000e+01 8.999999999999999667e-02 4.296640000000000015e+00 4.969799999999999773e-01
2.000000000000000000e+01 8.999999999999999667e-02 4.290180000000000327e+00 4.925999999999999823e-01
2.100000000000000000e+01 8.999999999999999667e-02 4.291439999999999699e+00 4.892099999999999782e-01
2.200000000000000000e+01 8.999999999999999667e-02 4.289100000000000357e+00 4.868299999999999850e-01
2.300000000000000000e+01 8.999999999999999667e-02 4.277730000000000032e+00 4.844200000000000172e-01
2.400000000000000000e+01 8.999999999999999667e-02 4.265520000000000422e+00 4.820599999999999885e-01
2.500000000000000000e+01 8.999999999999999667e-02 4.260449999999999626e+00 4.786099999999999799e-01
2.600000000000000000e+01 9.700000000000000289e-02 4.255869999999999820e+00 4.731299999999999950e-01
2.700000000000000000e+01 1.039999999999999952e-01 4.274860000000000326e+00 4.656500000000000083e-01
2.800000000000000000e+01 1.039999999999999952e-01 4.276390000000000136e+00 4.577399999999999802e-01
2.900000000000000000e+01 1.039999999999999952e-01 4.275009999999999977e+00 4.496800000000000241e-01
3.000000000000000000e+01 1.039999999999999952e-01 4.281150000000000233e+00 4.421200000000000130e-01
3.100000000000000000e+01 1.039999999999999952e-01 4.275990000000000180e+00 4.366399999999999726e-01
3.200000000000000000e+01 1.039999999999999952e-01 4.263209999999999944e+00 4.326599999999999890e-01
3.300000000000000000e+01 1.039999999999999952e-01 4.238949999999999996e+00 4.291800000000000059e-01
3.400000000000000000e+01 1.039999999999999952e-01 4.213799999999999990e+00 4.263199999999999767e-01
3.500000000000000000e+01 1.039999999999999952e-01 4.180589999999999584e+00 4.235099999999999976e-01
3.600000000000000000e+01 1.039999999999999952e-01 4.139700000000000379e+00 4.209200000000000164e-01
3.700000000000000000e+01 9.700000000000000289e-02 4.096429999999999794e+00 4.176199999999999912e-01
3.800000000000000000e+01 9.700000000000000289e-02 4.039250000000000007e+00 4.134399999999999742e-01
3.900000000000000000e+01 1.250000000000000000e-01 4.523769999999999847e+00 6.489399999999999613e-01
4.000000000000000000e+01 1.250000000000000000e-01 4.560240000000000293e+00 6.574200000000000044e-01
4.100000000000000000e+01 1.250000000000000000e-01 4.607540000000000191e+00 6.683799999999999741e-01
4.200000000000000000e+01 1.250000000000000000e-01 4.648139999999999716e+00 6.780699999999999505e-01
4.300000000000000000e+01 1.320000000000000062e-01 4.686090000000000089e+00 6.862300000000000066e-01
4.400000000000000000e+01 1.390000000000000124e-01 4.730819999999999581e+00 6.953899999999999526e-01
4.500000000000000000e+01 1.390000000000000124e-01 4.762579999999999814e+00 7.020399999999999974e-01
4.600000000000000000e+01 1.390000000000000124e-01 4.795449999999999768e+00 7.082199999999999607e-01
4.700000000000000000e+01 1.390000000000000124e-01 4.831179999999999808e+00 7.140699999999999825e-01
4.800000000000000000e+01 1.390000000000000124e-01 4.876360000000000028e+00 7.208299999999999708e-01
4.900000000000000000e+01 1.390000000000000124e-01 4.932859999999999800e+00 7.277099999999999680e-01
5.000000000000000000e+01 1.390000000000000124e-01 4.969269999999999854e+00 7.314800000000000191e-01
5.100000000000000000e+01 1.459999999999999909e-01 5.003499999999999837e+00 7.346200000000000507e-01
5.200000000000000000e+01 1.459999999999999909e-01 5.031699999999999839e+00 7.369200000000000195e-01
5.300000000000000000e+01 1.459999999999999909e-01 5.057240000000000180e+00 7.388200000000000323e-01
5.400000000000000000e+01 1.459999999999999909e-01 5.080259999999999998e+00 7.399700000000000166e-01
5.500000000000000000e+01 1.459999999999999909e-01 5.102870000000000239e+00 7.410700000000000065e-01
5.600000000000000000e+01 1.459999999999999909e-01 5.125569999999999737e+00 7.420299999999999674e-01
5.700000000000000000e+01 1.459999999999999909e-01 5.149569999999999759e+00 7.431499999999999773e-01
5.800000000000000000e+01 1.459999999999999909e-01 5.171689999999999898e+00 7.440799999999999637e-01
5.900000000000000000e+01 1.459999999999999909e-01 5.192960000000000242e+00 7.449700000000000211e-01
6.000000000000000000e+01 1.459999999999999909e-01 5.213040000000000340e+00 7.457099999999999840e-01
6.100000000000000000e+01 1.459999999999999909e-01 5.233710000000000306e+00 7.464499999999999469e-01
6.200000000000000000e+01 1.459999999999999909e-01 5.255379999999999718e+00 7.471400000000000263e-01
6.300000000000000000e+01 1.459999999999999909e-01 5.275619999999999976e+00 7.476399999999999713e-01
6.400000000000000000e+01 1.459999999999999909e-01 5.296310000000000073e+00 7.481400000000000272e-01
6.500000000000000000e+01 1.390000000000000124e-01 5.315430000000000099e+00 7.484699999999999687e-01
6.600000000000000000e+01 1.390000000000000124e-01 5.332939999999999792e+00 7.487700000000000466e-01
6.700000000000000000e+01 1.390000000000000124e-01 5.349169999999999980e+00 7.490400000000000391e-01
6.800000000000000000e+01 1.390000000000000124e-01 5.363830000000000098e+00 7.490400000000000391e-01
6.900000000000000000e+01 1.390000000000000124e-01 5.377030000000000420e+00 7.488399999999999501e-01
7.000000000000000000e+01 1.390000000000000124e-01 5.388530000000000264e+00 7.485500000000000487e-01
7.100000000000000000e+01 1.390000000000000124e-01 5.399440000000000239e+00 7.482699999999999907e-01
7.200000000000000000e+01 1.390000000000000124e-01 5.409849999999999604e+00 7.479700000000000237e-01
7.300000000000000000e+01 1.390000000000000124e-01 5.419819999999999638e+00 7.476300000000000168e-01
7.400000000000000000e+01 1.390000000000000124e-01 5.429030000000000022e+00 7.473400000000000043e-01
7.500000000000000000e+01 1.390000000000000124e-01 5.437640000000000029e+00 7.469900000000000428e-01
7.600000000000000000e+01 1.320000000000000062e-01 5.445780000000000065e+00 7.466300000000000159e-01
7.700000000000000000e+01 1.320000000000000062e-01 5.453949999999999854e+00 7.463499999999999579e-01
7.800000000000000000e+01 1.320000000000000062e-01 5.461630000000000429e+00 7.459999999999999964e-01
7.900000000000000000e+01 1.320000000000000062e-01 5.469260000000000232e+00 7.456300000000000150e-01
8.000000000000000000e+01 1.320000000000000062e-01 5.476549999999999585e+00 7.452999999999999625e-01
8.100000000000000000e+01 1.320000000000000062e-01 5.484060000000000379e+00 7.449900000000000411e-01
8.200000000000000000e+01 1.320000000000000062e-01 5.491279999999999717e+00 7.446599999999999886e-01
8.300000000000000000e+01 1.320000000000000062e-01 5.498300000000000409e+00 7.443400000000000016e-01
8.400000000000000000e+01 1.320000000000000062e-01 5.505080000000000418e+00 7.440099999999999492e-01
8.500000000000000000e+01 1.320000000000000062e-01 5.511400000000000077e+00 7.436899999999999622e-01
8.600000000000000000e+01 1.320000000000000062e-01 5.517680000000000362e+00 7.433899999999999952e-01
8.700000000000000000e+01 1.320000000000000062e-01 5.523590000000000444e+00 7.430900000000000283e-01
8.800000000000000000e+01 1.320000000000000062e-01 5.529510000000000147e+00 7.428000000000000158e-01
8.900000000000000000e+01 1.320000000000000062e-01 5.536080000000000112e+00 7.425800000000000178e-01
9.000000000000000000e+01 1.320000000000000062e-01 5.542930000000000135e+00 7.423899999999999944e-01
9.100000000000000000e+01 1.320000000000000062e-01 5.550040000000000084e+00 7.422699999999999854e-01
9.200000000000000000e+01 1.320000000000000062e-01 5.557140000000000413e+00 7.420900000000000274e-01
9.300000000000000000e+01 1.320000000000000062e-01 5.564000000000000057e+00 7.418799999999999839e-01
9.400000000000000000e+01 1.320000000000000062e-01 5.570870000000000211e+00 7.416599999999999859e-01
9.500000000000000000e+01 1.320000000000000062e-01 5.577469999999999928e+00 7.413800000000000390e-01
9.600000000000000000e+01 1.320000000000000062e-01 5.584010000000000140e+00 7.410600000000000520e-01
9.700000000000000000e+01 1.320000000000000062e-01 5.590270000000000294e+00 7.407000000000000250e-01
9.800000000000000000e+01 1.320000000000000062e-01 5.596440000000000303e+00 7.403399999999999981e-01
9.900000000000000000e+01 1.320000000000000062e-01 5.602669999999999817e+00 7.399700000000000166e-01
1.000000000000000000e+02 1.320000000000000062e-01 5.608880000000000088e+00 7.395199999999999552e-01
1.010000000000000000e+02 1.320000000000000062e-01 5.614989999999999704e+00 7.390799999999999592e-01
1.020000000000000000e+02 1.320000000000000062e-01 5.621570000000000178e+00 7.386899999999999578e-01
1.030000000000000000e+02 1.320000000000000062e-01 5.628129999999999633e+00 7.383399999999999963e-01
1.040000000000000000e+02 1.390000000000000124e-01 5.634450000000000180e+00 7.379999999999999893e-01
1.050000000000000000e+02 1.390000000000000124e-01 5.640590000000000437e+00 7.376399999999999624e-01
1.060000000000000000e+02 1.390000000000000124e-01 5.646620000000000417e+00 7.372800000000000464e-01
1.070000000000000000e+02 1.390000000000000124e-01 5.652720000000000411e+00 7.369400000000000395e-01
1.080000000000000000e+02 1.390000000000000124e-01 5.658549999999999969e+00 7.365599999999999925e-01
1.090000000000000000e+02 1.390000000000000124e-01 5.664250000000000007e+00 7.361900000000000110e-01
1.100000000000000000e+02 1.390000000000000124e-01 5.669839999999999769e+00 7.358200000000000296e-01
1.110000000000000000e+02 1.390000000000000124e-01 5.675229999999999997e+00 7.354500000000000481e-01
1.120000000000000000e+02 1.390000000000000124e-01 5.680559999999999832e+00 7.350799999999999557e-01
1.130000000000000000e+02 1.390000000000000124e-01 5.685909999999999798e+00 7.346899999999999542e-01
1.140000000000000000e+02 1.390000000000000124e-01 5.691349999999999909e+00 7.342899999999999983e-01
1.150000000000000000e+02 1.390000000000000124e-01 5.696640000000000370e+00 7.338900000000000423e-01
1.160000000000000000e+02 1.390000000000000124e-01 5.702079999999999593e+00 7.334500000000000464e-01
1.170000000000000000e+02 1.390000000000000124e-01 5.707559999999999967e+00 7.330200000000000049e-01
1.180000000000000000e+02 1.390000000000000124e-01 5.713059999999999583e+00 7.326000000000000290e-01
1.190000000000000000e+02 1.390000000000000124e-01 5.718600000000000350e+00 7.321600000000000330e-01
1.200000000000000000e+02 1.390000000000000124e-01 5.724310000000000009e+00 7.317700000000000315e-01
