1.000000000000000000e+00 2.010000000000000120e-01 5.999240000000000350e+00 2.446800000000000086e-01
2.000000000000000000e+00 1.880000000000000004e-01 6.418650000000000411e+00 2.911299999999999999e-01
3.000000000000000000e+00 1.880000000000000004e-01 6.927789999999999893e+00 2.426500000000000046e-01
4.000000000000000000e+00 1.809999999999999942e-01 6.705460000000000420e+00 2.647200000000000109e-01
5.000000000000000000e+00 1.809999999999999942e-01 6.967990000000000350e+00 2.469099999999999906e-01
6.000000000000000000e+00 1.809999999999999942e-01 6.684739999999999682e+00 3.039100000000000135e-01
7.000000000000000000e+00 1.809999999999999942e-01 6.867750000000000021e+00 3.053199999999999803e-01
8.000000000000000000e+00 1.809999999999999942e-01 7.040070000000000050e+00 3.052199999999999913e-01
9.000000000000000000e+00 1.739999999999999880e-01 7.125960000000000072e+00 2.963100000000000178e-01
1.000000000000000000e+01 1.670000000000000095e-01 7.142059999999999853e+00 2.749900000000000122e-01
1.100000000000000000e+01 1.670000000000000095e-01 8.037919999999999732e+00 3.145800000000000263e-01
1.200000000000000000e+01 1.670000000000000095e-01 8.139490000000000336e+00 3.212700000000000000e-01
1.300000000000000000e+01 1.670000000000000095e-01 8.249840000000000728e+00 3.334300000000000042e-01
1.400000000000000000e+01 1.739999999999999880e-01 8.346379999999999910e+00 3.382299999999999751e-01
1.500000000000000000e+01 1.739999999999999880e-01 8.432499999999999218e+00 3.423900000000000277e-01
1.600000000000000000e+01 1.739999999999999880e-01 8.511559999999999349e+00 3.462500000000000022e-01
1.700000000000000000e+01 1.739999999999999880e-01 8.586510000000000531e+00 3.488399999999999834e-01
1.800000000000000000e+01 1.739999999999999880e-01 8.710760000000000502e+00 3.555200000000000027e-01
1.900000000000000000e+01 1.670000000000000095e-01 8.900740000000000762e+00 3.684600000000000097e-01
2.000000000000000000e+01 1.670000000000000095e-01 9.014110000000000511e+00 3.756300000000000194e-01
2.100000000000000000e+01 1.670000000000000095e-01 9.098399999999999821e+00 3.804600000000000204e-01
2.200000000000000000e+01 1.670000000000000095e-01 9.162839999999999208e+00 3.837499999999999800e-01
2.300000000000000000e+01 1.670000000000000095e-01 9.215510000000000090e+00 3.849000000000000199e-01
2.400000000000000000e+01 1.670000000000000095e-01 9.259710000000000107e+00 3.854799999999999893e-01
2.500000000000000000e+01 1.670000000000000095e-01 9.303229999999999222e+00 3.859000000000000208e-01
2.600000000000000000e+01 1.670000000000000095e-01 9.338889999999999247e+00 3.850000000000000089e-01
2.700000000000000000e+01 1.739999999999999880e-01 9.370039999999999480e+00 3.831100000000000061e-01
2.800000000000000000e+01 1.670000000000000095e-01 9.395080000000000098e+00 3.806599999999999984e-01
2.900000000000000000e+01 1.670000000000000095e-01 9.418160000000000309e+00 3.781900000000000261e-01
3.000000000000000000e+01 1.670000000000000095e-01 9.445429999999999993e+00 3.760399999999999854e-01
3.100000000000000000e+01 1.670000000000000095e-01 9.474230000000000373e+00 3.741999999999999771e-01
3.200000000000000000e+01 1.670000000000000095e-01 9.500360000000000582e+00 3.719700000000000228e-01
3.300000000000000000e+01 1.670000000000000095e-01 9.522669999999999746e+00 3.705499999999999905e-01
3.400000000000000000e+01 1.670000000000000095e-01 9.544059999999999988e+00 3.689500000000000002e-01
3.500000000000000000e+01 1.670000000000000095e-01 9.564270000000000493e+00 3.672000000000000264e-01
3.600000000000000000e+01 1.670000000000000095e-01 9.582580000000000098e+00 3.657400000000000095e-01
3.700000000000000000e+01 1.670000000000000095e-01 9.600160000000000693e+00 3.643899999999999917e-01
3.800000000000000000e+01 1.670000000000000095e-01 9.617079999999999629e+00 3.631699999999999928e-01
3.900000000000000000e+01 1.670000000000000095e-01 9.632730000000000459e+00 3.620099999999999985e-01
4.000000000000000000e+01 1.670000000000000095e-01 9.647809999999999775e+00 3.608600000000000141e-01
4.100000000000000000e+01 1.670000000000000095e-01 9.662079999999999558e+00 3.596099999999999852e-01
4.200000000000000000e+01 1.670000000000000095e-01 9.675539999999999807e+00 3.582799999999999874e-01
4.300000000000000000e+01 1.670000000000000095e-01 9.688000000000000611e+00 3.570300000000000140e-01
4.400000000000000000e+01 1.670000000000000095e-01 9.699220000000000397e+00 3.558600000000000096e-01
4.500000000000000000e+01 1.670000000000000095e-01 9.709319999999999951e+00 3.546900000000000053e-01
4.600000000000000000e+01 1.670000000000000095e-01 9.718740000000000379e+00 3.533000000000000029e-01
4.700000000000000000e+01 1.670000000000000095e-01 9.726760000000000517e+00 3.513100000000000112e-01
4.800000000000000000e+01 1.670000000000000095e-01 9.732670000000000599e+00 3.494300000000000184e-01
4.900000000000000000e+01 1.670000000000000095e-01 9.739850000000000563e+00 3.476400000000000046e-01
5.000000000000000000e+01 1.600000000000000033e-01 7.479280000000000150e+00 4.739300000000000179e-01
5.100000000000000000e+01 1.600000000000000033e-01 7.489309999999999690e+00 4.818000000000000060e-01
5.200000000000000000e+01 1.600000000000000033e-01 7.499089999999999812e+00 4.862000000000000210e-01
5.300000000000000000e+01 1.600000000000000033e-01 7.508070000000000022e+00 4.892900000000000027e-01
5.400000000000000000e+01 1.600000000000000033e-01 7.516379999999999839e+00 4.923299999999999899e-01
5.500000000000000000e+01 1.600000000000000033e-01 7.525579999999999714e+00 4.954600000000000115e-01
5.600000000000000000e+01 1.600000000000000033e-01 7.534139999999999837e+00 4.983899999999999997e-01
5.700000000000000000e+01 1.600000000000000033e-01 7.543459999999999610e+00 5.011999999999999789e-01
5.800000000000000000e+01 1.600000000000000033e-01 7.553259999999999863e+00 5.036899999999999711e-01
5.900000000000000000e+01 1.600000000000000033e-01 7.564390000000000391e+00 5.057099999999999929e-01
6.000000000000000000e+01 1.529999999999999971e-01 7.576909999999999812e+00 5.075199999999999712e-01
6.100000000000000000e+01 1.529999999999999971e-01 7.589789999999999814e+00 5.094100000000000295e-01
6.200000000000000000e+01 1.529999999999999971e-01 7.602000000000000313e+00 5.111700000000000133e-01
6.300000000000000000e+01 1.529999999999999971e-01 7.613349999999999618e+00 5.129399999999999515e-01
6.400000000000000000e+01 1.529999999999999971e-01 7.623910000000000409e+00 5.143999999999999684e-01
6.500000000000000000e+01 1.529999999999999971e-01 7.634579999999999700e+00 5.159000000000000252e-01
6.600000000000000000e+01 1.529999999999999971e-01 7.645199999999999996e+00 5.174900000000000055e-01
6.700000000000000000e+01 1.529999999999999971e-01 7.656399999999999650e+00 5.187599999999999989e-01
6.800000000000000000e+01 1.529999999999999971e-01 7.668470000000000120e+00 5.196199999999999708e-01
6.900000000000000000e+01 1.529999999999999971e-01 7.679109999999999658e+00 5.203799999999999537e-01
7.000000000000000000e+01 1.529999999999999971e-01 7.688600000000000101e+00 5.208899999999999642e-01
7.100000000000000000e+01 1.529999999999999971e-01 7.698220000000000063e+00 5.213999999999999746e-01
7.200000000000000000e+01 1.529999999999999971e-01 7.707600000000000229e+00 5.218699999999999450e-01
7.300000000000000000e+01 1.529999999999999971e-01 7.716820000000000235e+00 5.224100000000000410e-01
7.400000000000000000e+01 1.529999999999999971e-01 7.725749999999999673e+00 5.229300000000000059e-01
7.500000000000000000e+01 1.529999999999999971e-01 7.734589999999999854e+00 5.233100000000000529e-01
7.600000000000000000e+01 1.529999999999999971e-01 7.743439999999999657e+00 5.236600000000000144e-01
7.700000000000000000e+01 1.529999999999999971e-01 7.752030000000000420e+00 5.239700000000000468e-01
7.800000000000000000e+01 1.529999999999999971e-01 7.760390000000000121e+00 5.242700000000000138e-01
7.900000000000000000e+01 1.529999999999999971e-01 7.769560000000000244e+00 5.248399999999999732e-01
8.000000000000000000e+01 1.529999999999999971e-01 7.777750000000000163e+00 5.252499999999999947e-01
8.100000000000000000e+01 1.529999999999999971e-01 7.785319999999999574e+00 5.254100000000000437e-01
8.200000000000000000e+01 1.529999999999999971e-01 7.792239999999999611e+00 5.254100000000000437e-01
8.300000000000000000e+01 1.529999999999999971e-01 7.798440000000000261e+00 5.254400000000000182e-01
8.400000000000000000e+01 1.529999999999999971e-01 7.804219999999999935e+00 5.254100000000000437e-01
8.500000000000000000e+01 1.529999999999999971e-01 7.809859999999999580e+00 5.253600000000000492e-01
8.600000000000000000e+01 1.529999999999999971e-01 7.815310000000000201e+00 5.252999999999999892e-01
8.700000000000000000e+01 1.529999999999999971e-01 7.821060000000000123e+00 5.253400000000000292e-01
8.800000000000000000e+01 1.529999999999999971e-01 7.826870000000000438e+00 5.254199999999999982e-01
8.900000000000000000e+01 1.529999999999999971e-01 7.832300000000000040e+00 5.254600000000000382e-01
9.000000000000000000e+01 1.529999999999999971e-01 7.837320000000000064e+00 5.254999999999999671e-01
9.100000000000000000e+01 1.529999999999999971e-01 7.842150000000000176e+00 5.255499999999999616e-01
9.200000000000000000e+01 1.529999999999999971e-01 7.846840000000000259e+00 5.256100000000000216e-01
9.300000000000000000e+01 1.529999999999999971e-01 7.851219999999999644e+00 5.257399999999999851e-01
9.400000000000000000e+01 1.529999999999999971e-01 7.855339999999999989e+00 5.258699999999999486e-01
9.500000000000000000e+01 1.529999999999999971e-01 7.859420000000000073e+00 5.260000000000000231e-01
9.600000000000000000e+01 1.529999999999999971e-01 7.863509999999999778e+00 5.261700000000000266e-01
9.700000000000000000e+01 1.529999999999999971e-01 7.867560000000000109e+00 5.263799999999999590e-01
9.800000000000000000e+01 1.529999999999999971e-01 7.871439999999999770e+00 5.265800000000000480e-01
9.900000000000000000e+01 1.529999999999999971e-01 7.875549999999999606e+00 5.267800000000000260e-01
1.000000000000000000e+02 1.529999999999999971e-01 7.879500000000000171e+00 5.269599999999999840e-01
1.010000000000000000e+02 1.529999999999999971e-01 7.883200000000000429e+00 5.271400000000000530e-01
1.020000000000000000e+02 1.529999999999999971e-01 7.886490000000000222e+00 5.273099999999999454e-01
1.030000000000000000e+02 1.529999999999999971e-01 7.889529999999999710e+00 5.274499999999999744e-01
1.040000000000000000e+02 1.529999999999999971e-01 7.892579999999999707e+00 5.275699999999999834e-01
1.050000000000000000e+02 1.529999999999999971e-01 7.895529999999999937e+00 5.276899999999999924e-01
1.060000000000000000e+02 1.529999999999999971e-01 7.898290000000000255e+00 5.278199999999999559e-01
1.070000000000000000e+02 1.529999999999999971e-01 7.900999999999999801e+00 5.279099999999999904e-01
1.080000000000000000e+02 1.529999999999999971e-01 7.903559999999999697e+00 5.280000000000000249e-01
1.090000000000000000e+02 1.529999999999999971e-01 7.905879999999999797e+00 5.280899999999999483e-01
1.100000000000000000e+02 1.529999999999999971e-01 7.908030000000000115e+00 5.281500000000000083e-01
1.110000000000000000e+02 1.529999999999999971e-01 7.910199999999999676e+00 5.281900000000000484e-01
1.120000000000000000e+02 1.529999999999999971e-01 7.912410000000000387e+00 5.282400000000000428e-01
1.130000000000000000e+02 1.529999999999999971e-01 7.914710000000000356e+00 5.283200000000000118e-01
1.140000000000000000e+02 1.529999999999999971e-01 7.916990000000000194e+00 5.284100000000000463e-01
1.150000000000000000e+02 1.529999999999999971e-01 7.919209999999999638e+00 5.284799999999999498e-01
1.160000000000000000e+02 1.529999999999999971e-01 7.921389999999999709e+00 5.285499999999999643e-01
1.170000000000000000e+02 1.529999999999999971e-01 7.923569999999999780e+00 5.286199999999999788e-01
1.180000000000000000e+02 1.529999999999999971e-01 7.925849999999999618e+00 5.287399999999999878e-01
1.190000000000000000e+02 1.529999999999999971e-01 7.927920000000000300e+00 5.288599999999999968e-01
1.200000000000000000e+02 1.529999999999999971e-01 7.929940000000000211e+00 5.289899999999999602e-01
