1.000000000000000000e+00 1.459999999999999909e-01 4.606950000000000323e+00 5.352099999999999635e-01
2.000000000000000000e+00 1.320000000000000062e-01 3.792920000000000069e+00 6.845799999999999663e-01
3.000000000000000000e+00 1.179999999999999938e-01 4.165219999999999700e+00 5.523900000000000476e-01
4.000000000000000000e+00 1.320000000000000062e-01 6.747550000000000381e+00 5.437999999999999501e-01
5.000000000000000000e+00 2.100000000000000130e-02 1.577970000000000095e+00 6.762500000000000178e-01
6.000000000000000000e+00 2.100000000000000130e-02 1.611769999999999925e+00 6.788499999999999535e-01
7.000000000000000000e+00 1.459999999999999909e-01 6.232980000000000409e+00 5.556999999999999718e-01
8.000000000000000000e+00 1.390000000000000124e-01 6.083739999999999704e+00 5.699699999999999767e-01
9.000000000000000000e+00 1.459999999999999909e-01 5.976020000000000110e+00 5.856799999999999784e-01
1.000000000000000000e+01 1.459999999999999909e-01 5.898600000000000065e+00 5.973800000000000221e-01
1.100000000000000000e+01 1.390000000000000124e-01 5.824189999999999756e+00 6.035099999999999909e-01
1.200000000000000000e+01 1.390000000000000124e-01 5.773039999999999949e+00 6.039099999999999469e-01
1.300000000000000000e+01 1.320000000000000062e-01 5.746509999999999785e+00 6.025000000000000355e-01
1.400000000000000000e+01 1.250000000000000000e-01 5.821229999999999905e+00 5.964399999999999702e-01
1.500000000000000000e+01 1.320000000000000062e-01 1.250690000000000079e+00 5.657400000000000206e-01
1.600000000000000000e+01 1.320000000000000062e-01 1.392339999999999911e+00 4.814599999999999991e-01
1.700000000000000000e+01 1.320000000000000062e-01 1.527930000000000010e+00 4.371700000000000030e-01
1.800000000000000000e+01 1.250000000000000000e-01 1.647909999999999986e+00 4.074200000000000044e-01
1.900000000000000000e+01 1.250000000000000000e-01 1.755970000000000031e+00 3.879299999999999971e-01
2.000000000000000000e+01 1.250000000000000000e-01 1.830859999999999932e+00 3.729600000000000137e-01
2.100000000000000000e+01 1.250000000000000000e-01 1.907280000000000086e+00 3.604399999999999826e-01
2.200000000000000000e+01 1.320000000000000062e-01 1.989549999999999930e+00 3.499700000000000033e-01
2.300000000000000000e+01 1.320000000000000062e-01 2.069430000000000103e+00 3.416799999999999837e-01
2.400000000000000000e+01 1.320000000000000062e-01 2.128509999999999902e+00 3.378599999999999937e-01
2.500000000000000000e+01 1.320000000000000062e-01 2.180219999999999825e+00 3.337200000000000166e-01
2.600000000000000000e+01 1.250000000000000000e-01 2.239990000000000148e+00 3.288200000000000012e-01
2.700000000000000000e+01 1.250000000000000000e-01 2.307209999999999983e+00 3.261000000000000010e-01
2.800000000000000000e+01 1.250000000000000000e-01 2.387150000000000105e+00 3.249799999999999911e-01
2.900000000000000000e+01 1.250000000000000000e-01 2.442680000000000184e+00 3.235100000000000198e-01
3.000000000000000000e+01 1.250000000000000000e-01 2.500160000000000160e+00 3.225100000000000189e-01
3.100000000000000000e+01 1.250000000000000000e-01 2.550839999999999996e+00 3.220199999999999729e-01
3.200000000000000000e+01 1.250000000000000000e-01 2.597659999999999858e+00 3.222999999999999754e-01
3.300000000000000000e+01 1.250000000000000000e-01 2.626189999999999802e+00 3.234699999999999798e-01
3.400000000000000000e+01 1.250000000000000000e-01 2.656719999999999970e+00 3.254400000000000071e-01
3.500000000000000000e+01 1.250000000000000000e-01 2.697109999999999896e+00 3.282100000000000017e-01
3.600000000000000000e+01 1.250000000000000000e-01 2.746919999999999806e+00 3.310400000000000009e-01
3.700000000000000000e+01 1.250000000000000000e-01 2.796930000000000138e+00 3.341199999999999726e-01
3.800000000000000000e+01 1.250000000000000000e-01 2.839649999999999785e+00 3.369099999999999873e-01
3.900000000000000000e+01 1.250000000000000000e-01 2.889069999999999805e+00 3.393999999999999795e-01
4.000000000000000000e+01 1.250000000000000000e-01 2.939519999999999911e+00 3.416399999999999992e-01
4.100000000000000000e+01 1.250000000000000000e-01 2.989840000000000053e+00 3.434099999999999930e-01
4.200000000000000000e+01 1.250000000000000000e-01 3.035639999999999894e+00 3.447000000000000064e-01
4.300000000000000000e+01 1.250000000000000000e-01 3.077570000000000139e+00 3.461199999999999832e-01
4.400000000000000000e+01 1.250000000000000000e-01 3.119540000000000202e+00 3.474800000000000111e-01
4.500000000000000000e+01 1.250000000000000000e-01 3.161490000000000133e+00 3.486899999999999999e-01
4.600000000000000000e+01 1.250000000000000000e-01 3.202539999999999942e+00 3.501000000000000223e-01
4.700000000000000000e+01 1.250000000000000000e-01 3.241080000000000183e+00 3.513299999999999756e-01
4.800000000000000000e+01 1.250000000000000000e-01 3.281270000000000131e+00 3.524499999999999855e-01
4.900000000000000000e+01 1.250000000000000000e-01 3.325660000000000061e+00 3.533800000000000274e-01
5.000000000000000000e+01 1.179999999999999938e-01 3.371859999999999857e+00 3.544800000000000173e-01
5.100000000000000000e+01 1.179999999999999938e-01 3.411270000000000024e+00 3.552799999999999847e-01
5.200000000000000000e+01 1.179999999999999938e-01 3.446260000000000101e+00 3.556599999999999762e-01
5.300000000000000000e+01 1.179999999999999938e-01 3.476140000000000008e+00 3.558999999999999941e-01
5.400000000000000000e+01 1.179999999999999938e-01 3.503620000000000179e+00 3.560900000000000176e-01
5.500000000000000000e+01 1.179999999999999938e-01 3.533139999999999947e+00 3.560400000000000231e-01
5.600000000000000000e+01 1.179999999999999938e-01 3.567239999999999966e+00 3.556500000000000217e-01
5.700000000000000000e+01 1.179999999999999938e-01 3.597809999999999953e+00 3.552600000000000202e-01
5.800000000000000000e+01 1.179999999999999938e-01 3.629939999999999944e+00 3.546799999999999953e-01
5.900000000000000000e+01 1.179999999999999938e-01 3.671650000000000080e+00 3.536000000000000254e-01
6.000000000000000000e+01 1.179999999999999938e-01 3.715850000000000097e+00 3.521900000000000031e-01
6.100000000000000000e+01 1.110000000000000014e-01 3.753490000000000215e+00 3.508399999999999852e-01
6.200000000000000000e+01 1.110000000000000014e-01 3.787549999999999972e+00 3.496500000000000163e-01
6.300000000000000000e+01 1.110000000000000014e-01 3.821279999999999788e+00 3.486400000000000055e-01
6.400000000000000000e+01 1.110000000000000014e-01 3.853060000000000151e+00 3.474800000000000111e-01
6.500000000000000000e+01 1.110000000000000014e-01 3.879799999999999915e+00 3.462200000000000277e-01
6.600000000000000000e+01 1.110000000000000014e-01 3.906829999999999803e+00 3.447399999999999909e-01
6.700000000000000000e+01 1.110000000000000014e-01 3.932789999999999786e+00 3.433399999999999785e-01
6.800000000000000000e+01 1.110000000000000014e-01 3.955950000000000077e+00 3.418399999999999772e-01
6.900000000000000000e+01 1.110000000000000014e-01 3.976859999999999840e+00 3.404800000000000049e-01
7.000000000000000000e+01 1.110000000000000014e-01 3.994740000000000180e+00 3.395799999999999930e-01
7.100000000000000000e+01 1.110000000000000014e-01 4.012010000000000076e+00 3.388399999999999745e-01
7.200000000000000000e+01 1.110000000000000014e-01 4.026849999999999596e+00 3.381600000000000161e-01
7.300000000000000000e+01 1.110000000000000014e-01 4.040370000000000239e+00 3.374500000000000277e-01
7.400000000000000000e+01 1.110000000000000014e-01 4.052850000000000286e+00 3.367600000000000038e-01
7.500000000000000000e+01 1.110000000000000014e-01 4.066130000000000244e+00 3.359500000000000264e-01
7.600000000000000000e+01 1.110000000000000014e-01 4.076319999999999943e+00 3.356299999999999839e-01
7.700000000000000000e+01 1.110000000000000014e-01 4.086409999999999876e+00 3.352299999999999724e-01
7.800000000000000000e+01 1.110000000000000014e-01 4.095579999999999998e+00 3.349099999999999855e-01
7.900000000000000000e+01 1.110000000000000014e-01 4.103480000000000238e+00 3.346299999999999830e-01
8.000000000000000000e+01 1.110000000000000014e-01 4.110870000000000246e+00 3.343499999999999805e-01
8.100000000000000000e+01 1.110000000000000014e-01 4.118100000000000094e+00 3.341999999999999971e-01
8.200000000000000000e+01 1.110000000000000014e-01 4.124880000000000102e+00 3.340299999999999936e-01
8.300000000000000000e+01 1.110000000000000014e-01 4.131719999999999615e+00 3.339199999999999946e-01
8.400000000000000000e+01 1.110000000000000014e-01 4.141770000000000174e+00 3.337300000000000266e-01
8.500000000000000000e+01 1.110000000000000014e-01 4.152999999999999581e+00 3.333699999999999997e-01
8.600000000000000000e+01 1.110000000000000014e-01 4.165099999999999802e+00 3.329900000000000082e-01
8.700000000000000000e+01 1.110000000000000014e-01 4.177030000000000243e+00 3.326100000000000168e-01
8.800000000000000000e+01 1.110000000000000014e-01 4.189869999999999983e+00 3.321799999999999753e-01
8.900000000000000000e+01 1.110000000000000014e-01 4.202720000000000233e+00 3.319799999999999973e-01
9.000000000000000000e+01 1.110000000000000014e-01 4.214629999999999654e+00 3.320199999999999818e-01
9.100000000000000000e+01 1.110000000000000014e-01 4.228030000000000399e+00 3.321200000000000263e-01
9.200000000000000000e+01 1.110000000000000014e-01 4.241929999999999978e+00 3.323900000000000188e-01
9.300000000000000000e+01 1.110000000000000014e-01 4.255300000000000082e+00 3.327499999999999902e-01
9.400000000000000000e+01 1.039999999999999952e-01 4.270739999999999981e+00 3.326100000000000168e-01
9.500000000000000000e+01 1.039999999999999952e-01 4.285280000000000200e+00 3.325199999999999823e-01
9.600000000000000000e+01 1.039999999999999952e-01 4.298499999999999766e+00 3.323800000000000088e-01
9.700000000000000000e+01 1.039999999999999952e-01 4.312859999999999694e+00 3.322899999999999743e-01
9.800000000000000000e+01 1.039999999999999952e-01 4.327960000000000029e+00 3.323400000000000243e-01
9.900000000000000000e+01 1.039999999999999952e-01 4.343300000000000161e+00 3.326299999999999812e-01
1.000000000000000000e+02 1.039999999999999952e-01 4.356779999999999653e+00 3.327800000000000202e-01
1.010000000000000000e+02 1.039999999999999952e-01 4.371059999999999945e+00 3.329500000000000237e-01
1.020000000000000000e+02 1.039999999999999952e-01 4.383610000000000007e+00 3.331700000000000217e-01
1.030000000000000000e+02 1.039999999999999952e-01 4.395389999999999908e+00 3.333499999999999797e-01
1.040000000000000000e+02 1.039999999999999952e-01 4.407280000000000086e+00 3.334699999999999886e-01
1.050000000000000000e+02 1.039999999999999952e-01 4.420219999999999594e+00 3.336100000000000176e-01
1.060000000000000000e+02 1.039999999999999952e-01 4.433099999999999596e+00 3.338599999999999901e-01
1.070000000000000000e+02 1.039999999999999952e-01 4.445299999999999585e+00 3.341700000000000226e-01
1.080000000000000000e+02 1.039999999999999952e-01 4.455949999999999633e+00 3.345400000000000040e-01
1.090000000000000000e+02 1.039999999999999952e-01 4.468600000000000350e+00 3.348800000000000110e-01
1.100000000000000000e+02 1.039999999999999952e-01 4.480419999999999625e+00 3.349800000000000000e-01
1.110000000000000000e+02 1.039999999999999952e-01 4.492040000000000255e+00 3.349699999999999900e-01
1.120000000000000000e+02 1.039999999999999952e-01 4.503320000000000434e+00 3.349900000000000100e-01
1.130000000000000000e+02 1.039999999999999952e-01 4.512529999999999930e+00 3.350899999999999990e-01
1.140000000000000000e+02 1.039999999999999952e-01 4.521740000000000315e+00 3.351799999999999780e-01
1.150000000000000000e+02 1.039999999999999952e-01 4.529709999999999681e+00 3.353200000000000069e-01
1.160000000000000000e+02 1.039999999999999952e-01 4.538059999999999761e+00 3.355400000000000049e-01
1.170000000000000000e+02 1.039999999999999952e-01 4.547240000000000393e+00 3.360099999999999754e-01
1.180000000000000000e+02 1.039999999999999952e-01 4.555460000000000065e+00 3.367600000000000038e-01
1.190000000000000000e+02 1.039999999999999952e-01 4.563500000000000334e+00 3.376199999999999757e-01
1.200000000000000000e+02 1.110000000000000014e-01 4.570800000000000196e+00 3.387200000000000211e-01
