1.000000000000000000e+00 1.670000000000000095e-01 5.427870000000000417e+00 4.080099999999999838e-01
2.000000000000000000e+00 1.600000000000000033e-01 5.749859999999999971e+00 4.720099999999999851e-01
3.000000000000000000e+00 1.739999999999999880e-01 5.668260000000000076e+00 4.495899999999999896e-01
4.000000000000000000e+00 1.670000000000000095e-01 5.814840000000000231e+00 5.236899999999999888e-01
5.000000000000000000e+00 1.809999999999999942e-01 5.973069999999999879e+00 4.739499999999999824e-01
6.000000000000000000e+00 1.809999999999999942e-01 6.100290000000000212e+00 4.194300000000000250e-01
7.000000000000000000e+00 1.739999999999999880e-01 6.207889999999999908e+00 3.767800000000000038e-01
8.000000000000000000e+00 1.739999999999999880e-01 5.714389999999999858e+00 2.646999999999999909e-01
9.000000000000000000e+00 1.670000000000000095e-01 3.864780000000000104e+00 4.095400000000000151e-01
1.000000000000000000e+01 1.809999999999999942e-01 4.171459999999999724e+00 4.476499999999999924e-01
1.100000000000000000e+01 1.880000000000000004e-01 4.235640000000000072e+00 4.525699999999999723e-01
1.200000000000000000e+01 1.880000000000000004e-01 4.228640000000000398e+00 4.527300000000000213e-01
1.300000000000000000e+01 1.880000000000000004e-01 4.232680000000000220e+00 4.561999999999999944e-01
1.400000000000000000e+01 1.880000000000000004e-01 4.212810000000000166e+00 4.561600000000000099e-01
1.500000000000000000e+01 1.809999999999999942e-01 4.086459999999999759e+00 4.546600000000000086e-01
1.600000000000000000e+01 1.880000000000000004e-01 3.988350000000000062e+00 4.530699999999999728e-01
1.700000000000000000e+01 1.809999999999999942e-01 3.901460000000000150e+00 4.528200000000000003e-01
1.800000000000000000e+01 1.809999999999999942e-01 3.785540000000000127e+00 4.541399999999999881e-01
1.900000000000000000e+01 1.809999999999999942e-01 3.722160000000000135e+00 4.558499999999999774e-01
2.000000000000000000e+01 1.809999999999999942e-01 3.711759999999999948e+00 4.586000000000000076e-01
2.100000000000000000e+01 1.809999999999999942e-01 3.710640000000000160e+00 4.597600000000000020e-01
2.200000000000000000e+01 1.809999999999999942e-01 3.714890000000000025e+00 4.600000000000000200e-01
2.300000000000000000e+01 1.809999999999999942e-01 3.728909999999999947e+00 4.603700000000000014e-01
2.400000000000000000e+01 1.809999999999999942e-01 3.754109999999999836e+00 4.620000000000000218e-01
2.500000000000000000e+01 1.809999999999999942e-01 3.798280000000000101e+00 4.645000000000000240e-01
2.600000000000000000e+01 1.809999999999999942e-01 3.822639999999999816e+00 4.652700000000000169e-01
2.700000000000000000e+01 1.880000000000000004e-01 3.820530000000000204e+00 4.658399999999999763e-01
2.800000000000000000e+01 1.809999999999999942e-01 3.818060000000000009e+00 4.666899999999999937e-01
2.900000000000000000e+01 1.809999999999999942e-01 3.821940000000000115e+00 4.673300000000000232e-01
3.000000000000000000e+01 1.809999999999999942e-01 3.830220000000000180e+00 4.687700000000000200e-01
3.100000000000000000e+01 1.809999999999999942e-01 3.833839999999999915e+00 4.701299999999999923e-01
3.200000000000000000e+01 1.809999999999999942e-01 3.850699999999999790e+00 4.715099999999999847e-01
3.300000000000000000e+01 1.809999999999999942e-01 3.865450000000000053e+00 4.721099999999999741e-01
3.400000000000000000e+01 1.809999999999999942e-01 3.877130000000000187e+00 4.723399999999999821e-01
3.500000000000000000e+01 1.809999999999999942e-01 3.890249999999999986e+00 4.724499999999999811e-01
3.600000000000000000e+01 1.809999999999999942e-01 3.902179999999999982e+00 4.722500000000000031e-01
3.700000000000000000e+01 1.809999999999999942e-01 3.917069999999999830e+00 4.720099999999999851e-01
3.800000000000000000e+01 1.809999999999999942e-01 3.933180000000000121e+00 4.717199999999999727e-01
3.900000000000000000e+01 1.809999999999999942e-01 3.948440000000000172e+00 4.713700000000000112e-01
4.000000000000000000e+01 1.809999999999999942e-01 3.962610000000000188e+00 4.708600000000000008e-01
4.100000000000000000e+01 1.809999999999999942e-01 3.976989999999999803e+00 4.703499999999999903e-01
4.200000000000000000e+01 1.809999999999999942e-01 3.994240000000000013e+00 4.700799999999999979e-01
4.300000000000000000e+01 1.809999999999999942e-01 4.013779999999999681e+00 4.698599999999999999e-01
4.400000000000000000e+01 1.809999999999999942e-01 4.032099999999999795e+00 4.694599999999999884e-01
4.500000000000000000e+01 1.809999999999999942e-01 4.050629999999999953e+00 4.691600000000000215e-01
4.600000000000000000e+01 1.809999999999999942e-01 4.067929999999999602e+00 4.688499999999999890e-01
4.700000000000000000e+01 1.809999999999999942e-01 4.085139999999999993e+00 4.686400000000000010e-01
4.800000000000000000e+01 1.809999999999999942e-01 4.105249999999999844e+00 4.685300000000000020e-01
4.900000000000000000e+01 1.809999999999999942e-01 4.126999999999999780e+00 4.687999999999999945e-01
5.000000000000000000e+01 1.809999999999999942e-01 4.148819999999999730e+00 4.690799999999999970e-01
5.100000000000000000e+01 1.809999999999999942e-01 4.172699999999999854e+00 4.694599999999999884e-01
5.200000000000000000e+01 1.809999999999999942e-01 4.195020000000000415e+00 4.699900000000000189e-01
5.300000000000000000e+01 1.809999999999999942e-01 4.213379999999999903e+00 4.704599999999999893e-01
5.400000000000000000e+01 1.809999999999999942e-01 4.224459999999999660e+00 4.705099999999999838e-01
5.500000000000000000e+01 1.809999999999999942e-01 4.231329999999999814e+00 4.699099999999999944e-01
5.600000000000000000e+01 1.809999999999999942e-01 4.238900000000000112e+00 4.693300000000000249e-01
5.700000000000000000e+01 1.809999999999999942e-01 4.245610000000000106e+00 4.687100000000000155e-01
5.800000000000000000e+01 1.809999999999999942e-01 4.251400000000000290e+00 4.680300000000000016e-01
5.900000000000000000e+01 1.809999999999999942e-01 4.259459999999999802e+00 4.673499999999999877e-01
6.000000000000000000e+01 1.809999999999999942e-01 4.268839999999999968e+00 4.668200000000000127e-01
6.100000000000000000e+01 1.809999999999999942e-01 4.278019999999999712e+00 4.663800000000000168e-01
6.200000000000000000e+01 1.809999999999999942e-01 4.286609999999999587e+00 4.661399999999999988e-01
6.300000000000000000e+01 1.809999999999999942e-01 4.294760000000000133e+00 4.660500000000000198e-01
6.400000000000000000e+01 1.809999999999999942e-01 4.302660000000000373e+00 4.659499999999999753e-01
6.500000000000000000e+01 1.809999999999999942e-01 4.310620000000000118e+00 4.659699999999999953e-01
6.600000000000000000e+01 1.809999999999999942e-01 4.318660000000000387e+00 4.660900000000000043e-01
6.700000000000000000e+01 1.809999999999999942e-01 4.327099999999999724e+00 4.663100000000000023e-01
6.800000000000000000e+01 1.809999999999999942e-01 4.335370000000000168e+00 4.666600000000000192e-01
6.900000000000000000e+01 1.809999999999999942e-01 4.343519999999999825e+00 4.670799999999999952e-01
7.000000000000000000e+01 1.809999999999999942e-01 4.351390000000000313e+00 4.675199999999999911e-01
7.100000000000000000e+01 1.809999999999999942e-01 4.360089999999999577e+00 4.680300000000000016e-01
7.200000000000000000e+01 1.809999999999999942e-01 4.367899999999999672e+00 4.685199999999999920e-01
7.300000000000000000e+01 1.809999999999999942e-01 4.373730000000000118e+00 4.690300000000000025e-01
7.400000000000000000e+01 1.809999999999999942e-01 4.378239999999999910e+00 4.695400000000000129e-01
7.500000000000000000e+01 1.809999999999999942e-01 4.382789999999999964e+00 4.699800000000000089e-01
7.600000000000000000e+01 1.809999999999999942e-01 4.387109999999999843e+00 4.703200000000000158e-01
7.700000000000000000e+01 1.809999999999999942e-01 4.388670000000000293e+00 4.704800000000000093e-01
7.800000000000000000e+01 1.809999999999999942e-01 4.388230000000000075e+00 4.704400000000000248e-01
7.900000000000000000e+01 1.809999999999999942e-01 4.388429999999999609e+00 4.704200000000000048e-01
8.000000000000000000e+01 1.809999999999999942e-01 4.387760000000000105e+00 4.703999999999999848e-01
8.100000000000000000e+01 1.809999999999999942e-01 4.389219999999999899e+00 4.704999999999999738e-01
8.200000000000000000e+01 1.809999999999999942e-01 4.391140000000000043e+00 4.706799999999999873e-01
8.300000000000000000e+01 1.809999999999999942e-01 4.394140000000000157e+00 4.709200000000000053e-01
8.400000000000000000e+01 1.809999999999999942e-01 4.397630000000000372e+00 4.710900000000000087e-01
8.500000000000000000e+01 1.739999999999999880e-01 4.400360000000000049e+00 4.712000000000000077e-01
8.600000000000000000e+01 1.739999999999999880e-01 4.403360000000000163e+00 4.713300000000000267e-01
8.700000000000000000e+01 1.739999999999999880e-01 4.406489999999999796e+00 4.714999999999999747e-01
8.800000000000000000e+01 1.739999999999999880e-01 4.410750000000000171e+00 4.717600000000000127e-01
8.900000000000000000e+01 1.739999999999999880e-01 4.414810000000000123e+00 4.720500000000000251e-01
9.000000000000000000e+01 1.739999999999999880e-01 4.419150000000000134e+00 4.723800000000000221e-01
9.100000000000000000e+01 1.739999999999999880e-01 4.424150000000000027e+00 4.727000000000000091e-01
9.200000000000000000e+01 1.739999999999999880e-01 4.430670000000000108e+00 4.731600000000000250e-01
9.300000000000000000e+01 1.739999999999999880e-01 4.436700000000000088e+00 4.736500000000000155e-01
9.400000000000000000e+01 1.739999999999999880e-01 4.443579999999999863e+00 4.741099999999999759e-01
9.500000000000000000e+01 1.739999999999999880e-01 4.450879999999999725e+00 4.745400000000000174e-01
9.600000000000000000e+01 1.739999999999999880e-01 4.458639999999999937e+00 4.749300000000000188e-01
9.700000000000000000e+01 1.739999999999999880e-01 4.467900000000000205e+00 4.754599999999999937e-01
9.800000000000000000e+01 1.739999999999999880e-01 4.476639999999999731e+00 4.759399999999999742e-01
9.900000000000000000e+01 1.739999999999999880e-01 4.484960000000000058e+00 4.764200000000000101e-01
1.000000000000000000e+02 1.739999999999999880e-01 4.493490000000000428e+00 4.769499999999999851e-01
1.010000000000000000e+02 1.739999999999999880e-01 4.502849999999999575e+00 4.775499999999999745e-01
1.020000000000000000e+02 1.739999999999999880e-01 4.512900000000000134e+00 4.783200000000000229e-01
1.030000000000000000e+02 1.739999999999999880e-01 4.523629999999999818e+00 4.791599999999999748e-01
1.040000000000000000e+02 1.739999999999999880e-01 4.536159999999999748e+00 4.801699999999999857e-01
1.050000000000000000e+02 1.739999999999999880e-01 4.552529999999999966e+00 4.815699999999999981e-01
1.060000000000000000e+02 1.739999999999999880e-01 4.568839999999999790e+00 4.829399999999999804e-01
1.070000000000000000e+02 1.670000000000000095e-01 4.584019999999999762e+00 4.841500000000000248e-01
1.080000000000000000e+02 1.670000000000000095e-01 4.599999999999999645e+00 4.855900000000000216e-01
1.090000000000000000e+02 1.670000000000000095e-01 4.615450000000000053e+00 4.869800000000000240e-01
1.100000000000000000e+02 1.670000000000000095e-01 4.628669999999999618e+00 4.880900000000000238e-01
1.110000000000000000e+02 1.670000000000000095e-01 4.639549999999999841e+00 4.888700000000000268e-01
1.120000000000000000e+02 1.670000000000000095e-01 4.651069999999999816e+00 4.897400000000000087e-01
1.130000000000000000e+02 1.670000000000000095e-01 4.661629999999999718e+00 4.904999999999999916e-01
1.140000000000000000e+02 1.670000000000000095e-01 4.670569999999999666e+00 4.910499999999999865e-01
1.150000000000000000e+02 1.600000000000000033e-01 4.680229999999999890e+00 4.916800000000000059e-01
1.160000000000000000e+02 1.600000000000000033e-01 4.689770000000000216e+00 4.922799999999999954e-01
1.170000000000000000e+02 1.600000000000000033e-01 4.700280000000000236e+00 4.930100000000000038e-01
1.180000000000000000e+02 1.600000000000000033e-01 4.710429999999999673e+00 4.936900000000000177e-01
1.190000000000000000e+02 1.600000000000000033e-01 4.719979999999999620e+00 4.943500000000000116e-01
1.200000000000000000e+02 1.529999999999999971e-01 4.729370000000000296e+00 4.949899999999999856e-01
