1.000000000000000000e+00 1.739999999999999880e-01 5.272450000000000081e+00 1.108200000000000018e-01
2.000000000000000000e+00 1.670000000000000095e-01 4.803099999999999703e+00 2.508299999999999974e-01
3.000000000000000000e+00 1.739999999999999880e-01 4.674229999999999663e+00 2.657800000000000162e-01
4.000000000000000000e+00 1.739999999999999880e-01 5.085210000000000008e+00 2.953500000000000014e-01
5.000000000000000000e+00 1.670000000000000095e-01 5.174920000000000186e+00 3.437999999999999945e-01
6.000000000000000000e+00 1.670000000000000095e-01 5.581640000000000157e+00 3.613100000000000200e-01
7.000000000000000000e+00 1.670000000000000095e-01 5.750200000000000422e+00 3.678699999999999748e-01
8.000000000000000000e+00 1.600000000000000033e-01 5.462189999999999657e+00 3.416000000000000147e-01
9.000000000000000000e+00 1.600000000000000033e-01 5.350670000000000037e+00 3.358599999999999919e-01
1.000000000000000000e+01 1.600000000000000033e-01 5.241100000000000314e+00 3.317800000000000193e-01
1.100000000000000000e+01 1.529999999999999971e-01 5.105109999999999815e+00 3.292700000000000071e-01
1.200000000000000000e+01 1.670000000000000095e-01 4.265900000000000247e+00 4.804200000000000137e-01
1.300000000000000000e+01 1.670000000000000095e-01 4.185229999999999784e+00 4.852799999999999891e-01
1.400000000000000000e+01 1.600000000000000033e-01 4.184300000000000352e+00 4.845999999999999752e-01
1.500000000000000000e+01 1.179999999999999938e-01 3.127369999999999983e+00 7.809300000000000130e-01
1.600000000000000000e+01 1.250000000000000000e-01 3.075279999999999792e+00 7.773999999999999799e-01
1.700000000000000000e+01 1.179999999999999938e-01 3.039750000000000174e+00 7.743400000000000283e-01
1.800000000000000000e+01 1.179999999999999938e-01 3.016290000000000138e+00 7.717699999999999561e-01
1.900000000000000000e+01 1.179999999999999938e-01 3.002769999999999939e+00 7.694900000000000073e-01
2.000000000000000000e+01 1.179999999999999938e-01 2.989930000000000199e+00 7.673400000000000221e-01
2.100000000000000000e+01 1.179999999999999938e-01 2.970250000000000057e+00 7.640599999999999614e-01
2.200000000000000000e+01 1.179999999999999938e-01 2.946279999999999788e+00 7.613499999999999712e-01
2.300000000000000000e+01 1.179999999999999938e-01 2.928549999999999986e+00 7.584699999999999775e-01
2.400000000000000000e+01 1.179999999999999938e-01 2.916619999999999990e+00 7.561299999999999688e-01
2.500000000000000000e+01 1.179999999999999938e-01 2.906289999999999818e+00 7.539299999999999891e-01
2.600000000000000000e+01 1.179999999999999938e-01 2.895750000000000046e+00 7.511799999999999589e-01
2.700000000000000000e+01 1.179999999999999938e-01 2.883710000000000218e+00 7.482799999999999452e-01
2.800000000000000000e+01 1.179999999999999938e-01 2.863199999999999967e+00 7.449599999999999556e-01
2.900000000000000000e+01 1.179999999999999938e-01 2.839179999999999815e+00 7.405899999999999705e-01
3.000000000000000000e+01 1.179999999999999938e-01 2.818989999999999885e+00 7.357500000000000151e-01
3.100000000000000000e+01 1.179999999999999938e-01 2.805369999999999919e+00 7.315599999999999881e-01
3.200000000000000000e+01 1.110000000000000014e-01 2.798150000000000137e+00 7.276000000000000245e-01
3.300000000000000000e+01 1.809999999999999942e-01 6.191390000000000171e+00 5.719199999999999839e-01
3.400000000000000000e+01 1.809999999999999942e-01 6.173639999999999795e+00 5.689300000000000468e-01
3.500000000000000000e+01 1.809999999999999942e-01 6.153019999999999712e+00 5.655099999999999572e-01
3.600000000000000000e+01 1.809999999999999942e-01 6.129240000000000244e+00 5.617699999999999916e-01
3.700000000000000000e+01 1.809999999999999942e-01 6.103939999999999699e+00 5.576799999999999535e-01
3.800000000000000000e+01 1.809999999999999942e-01 6.076069999999999638e+00 5.534499999999999975e-01
3.900000000000000000e+01 1.809999999999999942e-01 6.048169999999999824e+00 5.495299999999999629e-01
4.000000000000000000e+01 1.809999999999999942e-01 6.023500000000000298e+00 5.457999999999999519e-01
4.100000000000000000e+01 1.809999999999999942e-01 6.001660000000000217e+00 5.420700000000000518e-01
4.200000000000000000e+01 1.809999999999999942e-01 5.977210000000000356e+00 5.381899999999999462e-01
4.300000000000000000e+01 1.809999999999999942e-01 5.954419999999999824e+00 5.343799999999999661e-01
4.400000000000000000e+01 1.809999999999999942e-01 5.930920000000000414e+00 5.305800000000000516e-01
4.500000000000000000e+01 1.809999999999999942e-01 5.907259999999999955e+00 5.267699999999999605e-01
4.600000000000000000e+01 1.809999999999999942e-01 5.886739999999999640e+00 5.231200000000000294e-01
4.700000000000000000e+01 1.809999999999999942e-01 5.867680000000000007e+00 5.193600000000000438e-01
4.800000000000000000e+01 1.809999999999999942e-01 5.851230000000000153e+00 5.158099999999999907e-01
4.900000000000000000e+01 1.809999999999999942e-01 5.836809999999999832e+00 5.124900000000000011e-01
5.000000000000000000e+01 1.809999999999999942e-01 5.820599999999999774e+00 5.090900000000000425e-01
5.100000000000000000e+01 1.809999999999999942e-01 5.804149999999999920e+00 5.057199999999999473e-01
5.200000000000000000e+01 1.809999999999999942e-01 5.786389999999999922e+00 5.023699999999999832e-01
5.300000000000000000e+01 1.809999999999999942e-01 5.768690000000000317e+00 4.991200000000000081e-01
5.400000000000000000e+01 1.809999999999999942e-01 5.752469999999999750e+00 4.958199999999999830e-01
5.500000000000000000e+01 1.809999999999999942e-01 5.736430000000000362e+00 4.925800000000000178e-01
5.600000000000000000e+01 1.809999999999999942e-01 5.720589999999999620e+00 4.893500000000000072e-01
5.700000000000000000e+01 1.809999999999999942e-01 5.704279999999999795e+00 4.862299999999999955e-01
5.800000000000000000e+01 1.809999999999999942e-01 5.687439999999999607e+00 4.832099999999999729e-01
5.900000000000000000e+01 1.809999999999999942e-01 5.674150000000000027e+00 4.802000000000000157e-01
6.000000000000000000e+01 1.809999999999999942e-01 5.665809999999999569e+00 4.771799999999999931e-01
6.100000000000000000e+01 1.809999999999999942e-01 5.659270000000000245e+00 4.741799999999999904e-01
6.200000000000000000e+01 1.809999999999999942e-01 5.654779999999999696e+00 4.711000000000000187e-01
6.300000000000000000e+01 1.809999999999999942e-01 5.649000000000000021e+00 4.682999999999999940e-01
6.400000000000000000e+01 1.739999999999999880e-01 5.641750000000000043e+00 4.656799999999999828e-01
6.500000000000000000e+01 1.739999999999999880e-01 5.633390000000000342e+00 4.630600000000000271e-01
6.600000000000000000e+01 1.739999999999999880e-01 5.624539999999999651e+00 4.604400000000000159e-01
6.700000000000000000e+01 1.670000000000000095e-01 5.613369999999999749e+00 4.578900000000000192e-01
6.800000000000000000e+01 1.670000000000000095e-01 5.600730000000000430e+00 4.554900000000000060e-01
6.900000000000000000e+01 1.670000000000000095e-01 5.586109999999999687e+00 4.530299999999999883e-01
7.000000000000000000e+01 1.670000000000000095e-01 5.571830000000000283e+00 4.505100000000000215e-01
7.100000000000000000e+01 1.670000000000000095e-01 5.558089999999999975e+00 4.479299999999999948e-01
7.200000000000000000e+01 1.739999999999999880e-01 5.543400000000000105e+00 4.452999999999999736e-01
7.300000000000000000e+01 1.739999999999999880e-01 5.526399999999999757e+00 4.427699999999999969e-01
7.400000000000000000e+01 1.739999999999999880e-01 5.508219999999999672e+00 4.403400000000000092e-01
7.500000000000000000e+01 1.739999999999999880e-01 5.489499999999999602e+00 4.380000000000000004e-01
7.600000000000000000e+01 1.739999999999999880e-01 5.471020000000000216e+00 4.356700000000000017e-01
7.700000000000000000e+01 1.739999999999999880e-01 5.451909999999999812e+00 4.334399999999999920e-01
7.800000000000000000e+01 1.739999999999999880e-01 5.433699999999999974e+00 4.311900000000000177e-01
7.900000000000000000e+01 1.739999999999999880e-01 5.414990000000000414e+00 4.289499999999999980e-01
8.000000000000000000e+01 1.739999999999999880e-01 5.397470000000000212e+00 4.267599999999999727e-01
8.100000000000000000e+01 1.670000000000000095e-01 5.381569999999999965e+00 4.246099999999999874e-01
8.200000000000000000e+01 1.670000000000000095e-01 5.365140000000000242e+00 4.224399999999999822e-01
8.300000000000000000e+01 1.670000000000000095e-01 5.347760000000000069e+00 4.202099999999999724e-01
8.400000000000000000e+01 1.670000000000000095e-01 5.331850000000000200e+00 4.179999999999999827e-01
8.500000000000000000e+01 1.670000000000000095e-01 5.316510000000000069e+00 4.158499999999999974e-01
8.600000000000000000e+01 1.670000000000000095e-01 5.301359999999999850e+00 4.137199999999999767e-01
8.700000000000000000e+01 1.670000000000000095e-01 5.287149999999999572e+00 4.116500000000000159e-01
8.800000000000000000e+01 1.670000000000000095e-01 5.272459999999999702e+00 4.096400000000000041e-01
8.900000000000000000e+01 1.670000000000000095e-01 5.259330000000000283e+00 4.076400000000000023e-01
9.000000000000000000e+01 1.670000000000000095e-01 5.246929999999999872e+00 4.058200000000000141e-01
9.100000000000000000e+01 1.670000000000000095e-01 5.236729999999999663e+00 4.040599999999999747e-01
9.200000000000000000e+01 1.670000000000000095e-01 5.225810000000000066e+00 4.022399999999999864e-01
9.300000000000000000e+01 1.670000000000000095e-01 5.216269999999999740e+00 4.003999999999999782e-01
9.400000000000000000e+01 1.670000000000000095e-01 5.208420000000000272e+00 3.985099999999999754e-01
9.500000000000000000e+01 1.670000000000000095e-01 5.198990000000000222e+00 3.966100000000000181e-01
9.600000000000000000e+01 1.670000000000000095e-01 5.191099999999999604e+00 3.946799999999999753e-01
9.700000000000000000e+01 1.739999999999999880e-01 5.182380000000000209e+00 3.925899999999999945e-01
9.800000000000000000e+01 1.739999999999999880e-01 5.174750000000000405e+00 3.904199999999999893e-01
9.900000000000000000e+01 1.739999999999999880e-01 5.169150000000000134e+00 3.881800000000000250e-01
1.000000000000000000e+02 1.739999999999999880e-01 5.163940000000000197e+00 3.858900000000000108e-01
1.010000000000000000e+02 1.739999999999999880e-01 5.157829999999999693e+00 3.833500000000000241e-01
1.020000000000000000e+02 1.739999999999999880e-01 5.153129999999999988e+00 3.806300000000000239e-01
1.030000000000000000e+02 1.739999999999999880e-01 5.147280000000000300e+00 3.779600000000000182e-01
1.040000000000000000e+02 1.739999999999999880e-01 5.143309999999999604e+00 3.754100000000000215e-01
1.050000000000000000e+02 1.739999999999999880e-01 5.192709999999999937e+00 4.360299999999999732e-01
1.060000000000000000e+02 1.739999999999999880e-01 5.164620000000000211e+00 4.407400000000000206e-01
1.070000000000000000e+02 1.739999999999999880e-01 5.168770000000000309e+00 4.407200000000000006e-01
1.080000000000000000e+02 1.739999999999999880e-01 5.173420000000000130e+00 4.406999999999999806e-01
1.090000000000000000e+02 1.670000000000000095e-01 5.178700000000000081e+00 4.406700000000000061e-01
1.100000000000000000e+02 1.670000000000000095e-01 5.184459999999999624e+00 4.406399999999999761e-01
1.110000000000000000e+02 1.670000000000000095e-01 5.190549999999999997e+00 4.406100000000000017e-01
1.120000000000000000e+02 1.670000000000000095e-01 5.196810000000000151e+00 4.406599999999999961e-01
1.130000000000000000e+02 1.670000000000000095e-01 5.203210000000000335e+00 4.407099999999999906e-01
1.140000000000000000e+02 1.670000000000000095e-01 5.209380000000000344e+00 4.407800000000000051e-01
1.150000000000000000e+02 1.670000000000000095e-01 5.214739999999999931e+00 4.408299999999999996e-01
1.160000000000000000e+02 1.670000000000000095e-01 5.220150000000000290e+00 4.408500000000000196e-01
1.170000000000000000e+02 1.670000000000000095e-01 5.225279999999999703e+00 4.408500000000000196e-01
1.180000000000000000e+02 1.670000000000000095e-01 5.229149999999999743e+00 4.407400000000000206e-01
1.190000000000000000e+02 1.670000000000000095e-01 5.232689999999999841e+00 4.405800000000000272e-01
1.200000000000000000e+02 1.670000000000000095e-01 5.236080000000000290e+00 4.404000000000000137e-01
