1.000000000000000000e+00 1.110000000000000014e-01 5.451579999999999870e+00 4.217000000000000193e-01
2.000000000000000000e+00 1.250000000000000000e-01 5.213409999999999656e+00 4.234899999999999776e-01
3.000000000000000000e+00 1.459999999999999909e-01 5.408389999999999809e+00 6.751399999999999624e-01
4.000000000000000000e+00 1.529999999999999971e-01 4.137290000000000134e+00 5.237000000000000544e-01
5.000000000000000000e+00 1.529999999999999971e-01 4.345340000000000202e+00 5.402700000000000280e-01
6.000000000000000000e+00 1.529999999999999971e-01 4.652239999999999931e+00 5.315600000000000325e-01
7.000000000000000000e+00 1.600000000000000033e-01 4.871179999999999843e+00 5.082400000000000251e-01
8.000000000000000000e+00 1.529999999999999971e-01 5.121850000000000236e+00 4.915300000000000225e-01
9.000000000000000000e+00 1.600000000000000033e-01 5.264240000000000030e+00 4.657800000000000273e-01
1.000000000000000000e+01 1.459999999999999909e-01 5.518329999999999735e+00 4.998199999999999865e-01
1.100000000000000000e+01 1.529999999999999971e-01 5.314199999999999591e+00 4.460700000000000220e-01
1.200000000000000000e+01 1.459999999999999909e-01 5.346890000000000143e+00 4.400000000000000022e-01
1.300000000000000000e+01 1.459999999999999909e-01 5.359340000000000437e+00 4.352199999999999958e-01
1.400000000000000000e+01 1.459999999999999909e-01 5.444289999999999630e+00 4.317699999999999871e-01
1.500000000000000000e+01 1.320000000000000062e-01 5.530149999999999899e+00 4.289999999999999925e-01
1.600000000000000000e+01 1.320000000000000062e-01 5.586210000000000342e+00 4.267199999999999882e-01
1.700000000000000000e+01 1.320000000000000062e-01 5.621100000000000207e+00 4.245999999999999774e-01
1.800000000000000000e+01 -1.000000000000000000e+00 -1.000000000000000000e+00 0.000000000000000000e+00
1.900000000000000000e+01 1.320000000000000062e-01 5.620899999999999785e+00 4.199300000000000255e-01
2.000000000000000000e+01 1.320000000000000062e-01 5.600950000000000095e+00 4.184300000000000241e-01
2.100000000000000000e+01 1.320000000000000062e-01 5.594649999999999679e+00 4.168100000000000138e-01
2.200000000000000000e+01 1.320000000000000062e-01 5.629940000000000389e+00 4.166099999999999803e-01
2.300000000000000000e+01 1.320000000000000062e-01 5.710399999999999920e+00 4.186799999999999966e-01
2.400000000000000000e+01 1.670000000000000095e-01 7.789100000000000357e+00 5.346800000000000441e-01
2.500000000000000000e+01 1.670000000000000095e-01 7.786310000000000286e+00 5.308100000000000041e-01
2.600000000000000000e+01 1.670000000000000095e-01 7.791210000000000413e+00 5.264999999999999680e-01
2.700000000000000000e+01 1.670000000000000095e-01 7.836310000000000109e+00 5.257699999999999596e-01
2.800000000000000000e+01 1.670000000000000095e-01 7.891869999999999941e+00 5.256300000000000416e-01
2.900000000000000000e+01 1.670000000000000095e-01 7.940719999999999779e+00 5.262099999999999556e-01
3.000000000000000000e+01 1.670000000000000095e-01 7.990759999999999863e+00 5.275300000000000544e-01
3.100000000000000000e+01 1.670000000000000095e-01 8.043319999999999581e+00 5.299099999999999921e-01
3.200000000000000000e+01 1.320000000000000062e-01 6.058539999999999814e+00 4.098399999999999821e-01
3.300000000000000000e+01 1.320000000000000062e-01 6.070009999999999906e+00 4.087799999999999767e-01
3.400000000000000000e+01 1.670000000000000095e-01 8.221379999999999910e+00 5.416600000000000303e-01
3.500000000000000000e+01 1.320000000000000062e-01 6.089430000000000121e+00 4.072600000000000109e-01
3.600000000000000000e+01 1.320000000000000062e-01 6.092819999999999681e+00 4.062600000000000100e-01
3.700000000000000000e+01 1.320000000000000062e-01 6.091980000000000395e+00 4.049699999999999966e-01
3.800000000000000000e+01 1.320000000000000062e-01 6.087049999999999628e+00 4.034800000000000053e-01
3.900000000000000000e+01 1.320000000000000062e-01 6.083510000000000417e+00 4.022100000000000120e-01
4.000000000000000000e+01 1.320000000000000062e-01 6.076209999999999667e+00 4.009800000000000031e-01
4.100000000000000000e+01 1.320000000000000062e-01 6.069250000000000256e+00 3.997200000000000197e-01
4.200000000000000000e+01 1.320000000000000062e-01 6.061670000000000336e+00 3.985799999999999899e-01
4.300000000000000000e+01 1.320000000000000062e-01 6.058220000000000383e+00 3.975799999999999890e-01
4.400000000000000000e+01 1.320000000000000062e-01 6.057419999999999582e+00 3.966899999999999871e-01
4.500000000000000000e+01 1.320000000000000062e-01 6.059639999999999915e+00 3.959099999999999842e-01
4.600000000000000000e+01 1.320000000000000062e-01 6.059879999999999711e+00 3.951799999999999757e-01
4.700000000000000000e+01 1.320000000000000062e-01 6.058390000000000164e+00 3.943300000000000138e-01
4.800000000000000000e+01 1.320000000000000062e-01 6.058489999999999931e+00 3.934099999999999819e-01
4.900000000000000000e+01 1.320000000000000062e-01 6.056129999999999569e+00 3.924699999999999855e-01
5.000000000000000000e+01 1.320000000000000062e-01 6.052579999999999849e+00 3.914699999999999847e-01
5.100000000000000000e+01 1.320000000000000062e-01 6.052229999999999777e+00 3.905199999999999783e-01
5.200000000000000000e+01 1.320000000000000062e-01 6.053989999999999760e+00 3.896499999999999964e-01
5.300000000000000000e+01 1.320000000000000062e-01 6.057409999999999961e+00 3.889099999999999779e-01
5.400000000000000000e+01 1.320000000000000062e-01 6.060220000000000162e+00 3.881899999999999795e-01
5.500000000000000000e+01 1.320000000000000062e-01 6.062689999999999912e+00 3.875100000000000211e-01
5.600000000000000000e+01 1.320000000000000062e-01 6.064059999999999562e+00 3.868900000000000117e-01
5.700000000000000000e+01 1.320000000000000062e-01 6.064079999999999693e+00 3.862099999999999977e-01
5.800000000000000000e+01 1.320000000000000062e-01 6.065690000000000026e+00 3.855899999999999883e-01
5.900000000000000000e+01 1.320000000000000062e-01 6.067440000000000389e+00 3.850500000000000034e-01
6.000000000000000000e+01 1.320000000000000062e-01 6.067560000000000286e+00 3.844799999999999884e-01
6.100000000000000000e+01 1.320000000000000062e-01 6.068419999999999703e+00 3.839500000000000135e-01
6.200000000000000000e+01 1.320000000000000062e-01 6.068489999999999718e+00 3.833900000000000086e-01
6.300000000000000000e+01 1.320000000000000062e-01 6.067890000000000228e+00 3.828199999999999936e-01
6.400000000000000000e+01 1.320000000000000062e-01 6.067420000000000258e+00 3.821999999999999842e-01
6.500000000000000000e+01 1.320000000000000062e-01 6.067140000000000200e+00 3.815700000000000203e-01
6.600000000000000000e+01 1.320000000000000062e-01 6.067400000000000126e+00 3.809899999999999953e-01
6.700000000000000000e+01 1.320000000000000062e-01 6.069709999999999717e+00 3.804899999999999949e-01
6.800000000000000000e+01 1.320000000000000062e-01 6.070859999999999701e+00 3.800299999999999789e-01
6.900000000000000000e+01 1.320000000000000062e-01 6.071410000000000196e+00 3.795200000000000240e-01
7.000000000000000000e+01 1.320000000000000062e-01 6.071600000000000108e+00 3.789600000000000191e-01
7.100000000000000000e+01 1.320000000000000062e-01 6.069749999999999979e+00 3.783900000000000041e-01
7.200000000000000000e+01 1.320000000000000062e-01 6.066600000000000215e+00 3.778099999999999792e-01
7.300000000000000000e+01 1.320000000000000062e-01 6.062450000000000117e+00 3.772099999999999898e-01
7.400000000000000000e+01 1.320000000000000062e-01 6.058060000000000223e+00 3.765899999999999803e-01
7.500000000000000000e+01 1.320000000000000062e-01 6.054579999999999629e+00 3.759899999999999909e-01
7.600000000000000000e+01 1.320000000000000062e-01 6.050069999999999837e+00 3.754100000000000215e-01
7.700000000000000000e+01 1.320000000000000062e-01 6.046439999999999593e+00 3.748600000000000265e-01
7.800000000000000000e+01 1.320000000000000062e-01 6.043470000000000120e+00 3.742900000000000116e-01
7.900000000000000000e+01 1.320000000000000062e-01 6.041520000000000223e+00 3.737599999999999811e-01
8.000000000000000000e+01 1.320000000000000062e-01 6.040090000000000181e+00 3.732400000000000162e-01
8.100000000000000000e+01 1.320000000000000062e-01 6.038579999999999615e+00 3.727199999999999958e-01
8.200000000000000000e+01 1.320000000000000062e-01 6.038490000000000357e+00 3.721999999999999753e-01
8.300000000000000000e+01 1.320000000000000062e-01 6.038359999999999950e+00 3.717099999999999849e-01
8.400000000000000000e+01 1.320000000000000062e-01 6.038210000000000299e+00 3.712199999999999944e-01
8.500000000000000000e+01 1.320000000000000062e-01 6.038879999999999804e+00 3.707099999999999840e-01
8.600000000000000000e+01 1.320000000000000062e-01 6.040269999999999584e+00 3.701900000000000190e-01
8.700000000000000000e+01 1.320000000000000062e-01 6.042040000000000077e+00 3.696999999999999731e-01
8.800000000000000000e+01 1.320000000000000062e-01 6.043330000000000091e+00 3.692099999999999826e-01
8.900000000000000000e+01 1.320000000000000062e-01 6.043770000000000309e+00 3.687199999999999922e-01
9.000000000000000000e+01 1.320000000000000062e-01 6.043840000000000323e+00 3.682300000000000018e-01
9.100000000000000000e+01 1.320000000000000062e-01 6.043630000000000280e+00 3.677300000000000013e-01
9.200000000000000000e+01 1.320000000000000062e-01 6.044290000000000163e+00 3.672599999999999754e-01
9.300000000000000000e+01 1.320000000000000062e-01 6.045560000000000045e+00 3.668100000000000249e-01
9.400000000000000000e+01 1.320000000000000062e-01 6.047060000000000102e+00 3.663899999999999935e-01
9.500000000000000000e+01 1.320000000000000062e-01 6.049400000000000333e+00 3.659999999999999920e-01
9.600000000000000000e+01 1.320000000000000062e-01 6.050620000000000331e+00 3.656200000000000006e-01
9.700000000000000000e+01 1.320000000000000062e-01 6.051999999999999602e+00 3.652099999999999791e-01
9.800000000000000000e+01 1.320000000000000062e-01 6.052859999999999907e+00 3.647799999999999931e-01
9.900000000000000000e+01 1.320000000000000062e-01 6.052959999999999674e+00 3.643500000000000072e-01
1.000000000000000000e+02 1.320000000000000062e-01 6.053539999999999921e+00 3.639600000000000057e-01
1.010000000000000000e+02 1.320000000000000062e-01 6.054310000000000080e+00 3.635900000000000243e-01
1.020000000000000000e+02 1.320000000000000062e-01 6.054249999999999687e+00 3.632299999999999973e-01
1.030000000000000000e+02 1.320000000000000062e-01 6.054590000000000138e+00 3.628299999999999859e-01
1.040000000000000000e+02 1.320000000000000062e-01 6.055109999999999992e+00 3.624399999999999844e-01
1.050000000000000000e+02 1.320000000000000062e-01 6.054899999999999949e+00 3.620700000000000029e-01
1.060000000000000000e+02 1.320000000000000062e-01 6.054570000000000007e+00 3.616900000000000115e-01
1.070000000000000000e+02 1.320000000000000062e-01 6.055229999999999890e+00 3.612900000000000000e-01
1.080000000000000000e+02 1.320000000000000062e-01 6.054079999999999906e+00 3.609399999999999831e-01
1.090000000000000000e+02 1.320000000000000062e-01 6.051359999999999850e+00 3.605900000000000216e-01
1.100000000000000000e+02 1.320000000000000062e-01 6.049459999999999837e+00 3.602299999999999947e-01
1.110000000000000000e+02 1.320000000000000062e-01 6.048140000000000072e+00 3.598899999999999877e-01
1.120000000000000000e+02 1.320000000000000062e-01 6.047279999999999767e+00 3.595499999999999807e-01
1.130000000000000000e+02 1.320000000000000062e-01 6.046619999999999884e+00 3.592199999999999838e-01
1.140000000000000000e+02 1.320000000000000062e-01 6.046619999999999884e+00 3.588999999999999968e-01
1.150000000000000000e+02 1.320000000000000062e-01 6.047530000000000072e+00 3.585800000000000098e-01
1.160000000000000000e+02 1.320000000000000062e-01 6.049859999999999793e+00 3.582899999999999974e-01
1.170000000000000000e+02 1.320000000000000062e-01 6.052599999999999980e+00 3.580099999999999949e-01
1.180000000000000000e+02 1.320000000000000062e-01 6.055500000000000327e+00 3.577600000000000224e-01
1.190000000000000000e+02 1.320000000000000062e-01 6.058919999999999639e+00 3.574999999999999845e-01
1.200000000000000000e+02 1.320000000000000062e-01 6.063039999999999985e+00 3.572600000000000220e-01
