1.000000000000000000e+00 1.869999999999999996e-01 4.156209999999999738e+00 1.401000000000000023e-01
2.000000000000000000e+00 1.809999999999999942e-01 4.628049999999999997e+00 2.302500000000000102e-01
3.000000000000000000e+00 1.809999999999999942e-01 4.541310000000000180e+00 2.054600000000000037e-01
4.000000000000000000e+00 1.880000000000000004e-01 4.278380000000000294e+00 1.784100000000000130e-01
5.000000000000000000e+00 1.880000000000000004e-01 4.148139999999999716e+00 1.623600000000000043e-01
6.000000000000000000e+00 1.869999999999999996e-01 4.087159999999999904e+00 1.522300000000000042e-01
7.000000000000000000e+00 1.940000000000000058e-01 4.041210000000000413e+00 1.442599999999999993e-01
8.000000000000000000e+00 1.809999999999999942e-01 3.945469999999999811e+00 1.374100000000000044e-01
9.000000000000000000e+00 1.809999999999999942e-01 3.784229999999999983e+00 1.315000000000000058e-01
1.000000000000000000e+01 1.809999999999999942e-01 3.700559999999999850e+00 1.263700000000000101e-01
1.100000000000000000e+01 1.739999999999999880e-01 3.643240000000000034e+00 1.232100000000000001e-01
1.200000000000000000e+01 1.600000000000000033e-01 3.569160000000000110e+00 1.202700000000000019e-01
1.300000000000000000e+01 1.600000000000000033e-01 3.492910000000000181e+00 1.124900000000000067e-01
1.400000000000000000e+01 1.600000000000000033e-01 3.416069999999999940e+00 1.064800000000000052e-01
1.500000000000000000e+01 1.600000000000000033e-01 3.353250000000000064e+00 1.022099999999999953e-01
1.600000000000000000e+01 1.670000000000000095e-01 3.387630000000000141e+00 1.008000000000000007e-01
1.700000000000000000e+01 1.670000000000000095e-01 3.407509999999999817e+00 9.947999999999999898e-02
1.800000000000000000e+01 1.670000000000000095e-01 3.368850000000000122e+00 9.815000000000000113e-02
1.900000000000000000e+01 1.670000000000000095e-01 3.325709999999999944e+00 9.775999999999999968e-02
2.000000000000000000e+01 1.670000000000000095e-01 3.183749999999999858e+00 9.675999999999999879e-02
2.100000000000000000e+01 1.600000000000000033e-01 3.022069999999999812e+00 9.615999999999999548e-02
2.200000000000000000e+01 1.529999999999999971e-01 2.908259999999999845e+00 9.667000000000000592e-02
2.300000000000000000e+01 1.600000000000000033e-01 2.848710000000000075e+00 9.848999999999999422e-02
2.400000000000000000e+01 1.670000000000000095e-01 2.817379999999999995e+00 1.008099999999999968e-01
2.500000000000000000e+01 1.670000000000000095e-01 2.821800000000000086e+00 1.039400000000000046e-01
2.600000000000000000e+01 1.670000000000000095e-01 2.838810000000000056e+00 1.074299999999999977e-01
2.700000000000000000e+01 1.670000000000000095e-01 2.864279999999999937e+00 1.107800000000000035e-01
2.800000000000000000e+01 1.600000000000000033e-01 2.903290000000000148e+00 1.140199999999999964e-01
2.900000000000000000e+01 1.529999999999999971e-01 2.940970000000000084e+00 1.166999999999999982e-01
3.000000000000000000e+01 1.529999999999999971e-01 2.964659999999999851e+00 1.193099999999999994e-01
3.100000000000000000e+01 1.529999999999999971e-01 2.977959999999999940e+00 1.213499999999999995e-01
3.200000000000000000e+01 1.529999999999999971e-01 2.991109999999999935e+00 1.230200000000000043e-01
3.300000000000000000e+01 1.529999999999999971e-01 2.988440000000000207e+00 1.240399999999999975e-01
3.400000000000000000e+01 1.529999999999999971e-01 2.975379999999999914e+00 1.247899999999999981e-01
3.500000000000000000e+01 1.600000000000000033e-01 2.961939999999999795e+00 1.255400000000000127e-01
3.600000000000000000e+01 1.670000000000000095e-01 2.933660000000000156e+00 1.260699999999999876e-01
3.700000000000000000e+01 1.600000000000000033e-01 2.887579999999999814e+00 1.262000000000000066e-01
3.800000000000000000e+01 1.529999999999999971e-01 2.862379999999999924e+00 1.276599999999999957e-01
3.900000000000000000e+01 1.529999999999999971e-01 2.864549999999999930e+00 1.303700000000000137e-01
4.000000000000000000e+01 1.459999999999999909e-01 2.895500000000000185e+00 1.338199999999999945e-01
4.100000000000000000e+01 1.320000000000000062e-01 3.636670000000000069e+00 8.086299999999999599e-01
4.200000000000000000e+01 1.320000000000000062e-01 3.648270000000000124e+00 8.144900000000000473e-01
4.300000000000000000e+01 1.320000000000000062e-01 3.660029999999999895e+00 8.206200000000000161e-01
4.400000000000000000e+01 1.320000000000000062e-01 3.671660000000000146e+00 8.270899999999999919e-01
4.500000000000000000e+01 1.320000000000000062e-01 3.683159999999999989e+00 8.334799999999999986e-01
4.600000000000000000e+01 1.320000000000000062e-01 3.694620000000000015e+00 8.398299999999999654e-01
4.700000000000000000e+01 1.320000000000000062e-01 3.705909999999999815e+00 8.461899999999999977e-01
4.800000000000000000e+01 1.320000000000000062e-01 3.717099999999999849e+00 8.524000000000000465e-01
4.900000000000000000e+01 1.320000000000000062e-01 3.728279999999999816e+00 8.582899999999999974e-01
5.000000000000000000e+01 1.320000000000000062e-01 3.740639999999999965e+00 8.643300000000000427e-01
5.100000000000000000e+01 1.320000000000000062e-01 3.752429999999999932e+00 8.698299999999999921e-01
5.200000000000000000e+01 1.320000000000000062e-01 3.763830000000000009e+00 8.750799999999999690e-01
5.300000000000000000e+01 1.320000000000000062e-01 3.774369999999999781e+00 8.799500000000000099e-01
5.400000000000000000e+01 1.320000000000000062e-01 3.784250000000000114e+00 8.845399999999999929e-01
5.500000000000000000e+01 1.320000000000000062e-01 3.793439999999999923e+00 8.886800000000000255e-01
5.600000000000000000e+01 1.320000000000000062e-01 3.802130000000000010e+00 8.924299999999999455e-01
5.700000000000000000e+01 1.320000000000000062e-01 3.814309999999999867e+00 8.952299999999999702e-01
5.800000000000000000e+01 1.320000000000000062e-01 3.827949999999999964e+00 8.974199999999999955e-01
5.900000000000000000e+01 1.320000000000000062e-01 3.841009999999999813e+00 8.995199999999999863e-01
6.000000000000000000e+01 1.320000000000000062e-01 3.853320000000000078e+00 9.015600000000000280e-01
6.100000000000000000e+01 1.250000000000000000e-01 3.865110000000000046e+00 9.035100000000000353e-01
6.200000000000000000e+01 1.250000000000000000e-01 3.875999999999999890e+00 9.052900000000000391e-01
6.300000000000000000e+01 1.250000000000000000e-01 3.886600000000000055e+00 9.070899999999999519e-01
6.400000000000000000e+01 1.250000000000000000e-01 3.896720000000000184e+00 9.088300000000000267e-01
6.500000000000000000e+01 1.250000000000000000e-01 3.906509999999999927e+00 9.104799999999999560e-01
6.600000000000000000e+01 1.250000000000000000e-01 3.915900000000000158e+00 9.119199999999999529e-01
6.700000000000000000e+01 1.250000000000000000e-01 3.924910000000000121e+00 9.132000000000000117e-01
6.800000000000000000e+01 1.250000000000000000e-01 3.933539999999999814e+00 9.143099999999999561e-01
6.900000000000000000e+01 1.250000000000000000e-01 3.941650000000000098e+00 9.153000000000000025e-01
7.000000000000000000e+01 1.250000000000000000e-01 3.949749999999999872e+00 9.162299999999999889e-01
7.100000000000000000e+01 1.250000000000000000e-01 3.957399999999999807e+00 9.170199999999999463e-01
7.200000000000000000e+01 1.250000000000000000e-01 3.964719999999999800e+00 9.176999999999999602e-01
7.300000000000000000e+01 1.250000000000000000e-01 3.971690000000000165e+00 9.182799999999999851e-01
7.400000000000000000e+01 1.250000000000000000e-01 3.978019999999999889e+00 9.187400000000000011e-01
7.500000000000000000e+01 1.250000000000000000e-01 3.984259999999999913e+00 9.191200000000000481e-01
7.600000000000000000e+01 1.250000000000000000e-01 3.990460000000000118e+00 9.194400000000000350e-01
7.700000000000000000e+01 1.250000000000000000e-01 3.996550000000000047e+00 9.196499999999999675e-01
7.800000000000000000e+01 1.250000000000000000e-01 4.002519999999999634e+00 9.197300000000000475e-01
7.900000000000000000e+01 1.250000000000000000e-01 4.008460000000000356e+00 9.196900000000000075e-01
8.000000000000000000e+01 1.250000000000000000e-01 4.014300000000000423e+00 9.195100000000000495e-01
8.100000000000000000e+01 1.320000000000000062e-01 4.020360000000000156e+00 9.191399999999999570e-01
8.200000000000000000e+01 1.320000000000000062e-01 4.026239999999999597e+00 9.186499999999999666e-01
8.300000000000000000e+01 1.320000000000000062e-01 4.032160000000000188e+00 9.179800000000000182e-01
8.400000000000000000e+01 1.320000000000000062e-01 4.037910000000000110e+00 9.171899999999999498e-01
8.500000000000000000e+01 1.320000000000000062e-01 4.043379999999999974e+00 9.163099999999999579e-01
8.600000000000000000e+01 1.320000000000000062e-01 4.048770000000000202e+00 9.153299999999999770e-01
8.700000000000000000e+01 1.320000000000000062e-01 4.054149999999999920e+00 9.142500000000000071e-01
8.800000000000000000e+01 1.250000000000000000e-01 4.059239999999999959e+00 9.130599999999999827e-01
8.900000000000000000e+01 1.250000000000000000e-01 4.064199999999999591e+00 9.118100000000000094e-01
9.000000000000000000e+01 1.250000000000000000e-01 4.069119999999999848e+00 9.104700000000000015e-01
9.100000000000000000e+01 1.250000000000000000e-01 4.074080000000000368e+00 9.090000000000000302e-01
9.200000000000000000e+01 1.250000000000000000e-01 4.078809999999999825e+00 9.075100000000000389e-01
9.300000000000000000e+01 1.250000000000000000e-01 4.083409999999999762e+00 9.060099999999999820e-01
9.400000000000000000e+01 1.250000000000000000e-01 4.087780000000000413e+00 9.044200000000000017e-01
9.500000000000000000e+01 1.250000000000000000e-01 4.091940000000000133e+00 9.026600000000000179e-01
9.600000000000000000e+01 1.250000000000000000e-01 4.096040000000000347e+00 9.006800000000000361e-01
9.700000000000000000e+01 1.250000000000000000e-01 4.099920000000000009e+00 8.986699999999999688e-01
9.800000000000000000e+01 1.250000000000000000e-01 4.103780000000000427e+00 8.965300000000000491e-01
9.900000000000000000e+01 1.250000000000000000e-01 4.107499999999999929e+00 8.944299999999999473e-01
1.000000000000000000e+02 1.250000000000000000e-01 4.111100000000000421e+00 8.923200000000000021e-01
1.010000000000000000e+02 1.250000000000000000e-01 4.114620000000000388e+00 8.901900000000000368e-01
1.020000000000000000e+02 1.250000000000000000e-01 4.118109999999999715e+00 8.880400000000000515e-01
1.030000000000000000e+02 1.250000000000000000e-01 4.121579999999999799e+00 8.858700000000000463e-01
1.040000000000000000e+02 1.250000000000000000e-01 4.125060000000000393e+00 8.837099999999999955e-01
1.050000000000000000e+02 1.250000000000000000e-01 4.128459999999999575e+00 8.815300000000000358e-01
1.060000000000000000e+02 1.250000000000000000e-01 4.131820000000000270e+00 8.793299999999999450e-01
1.070000000000000000e+02 1.250000000000000000e-01 4.135159999999999947e+00 8.771700000000000053e-01
1.080000000000000000e+02 1.250000000000000000e-01 4.138460000000000250e+00 8.750499999999999945e-01
1.090000000000000000e+02 1.250000000000000000e-01 4.141639999999999766e+00 8.729500000000000037e-01
1.100000000000000000e+02 1.250000000000000000e-01 4.144849999999999923e+00 8.708799999999999875e-01
1.110000000000000000e+02 1.250000000000000000e-01 4.148170000000000357e+00 8.687500000000000222e-01
1.120000000000000000e+02 1.250000000000000000e-01 4.151340000000000252e+00 8.666300000000000114e-01
1.130000000000000000e+02 1.250000000000000000e-01 4.154499999999999638e+00 8.645699999999999497e-01
1.140000000000000000e+02 1.250000000000000000e-01 4.157530000000000392e+00 8.625399999999999734e-01
1.150000000000000000e+02 1.250000000000000000e-01 4.160440000000000360e+00 8.604800000000000226e-01
1.160000000000000000e+02 1.250000000000000000e-01 4.163199999999999790e+00 8.584100000000000064e-01
1.170000000000000000e+02 1.250000000000000000e-01 4.165849999999999831e+00 8.562800000000000411e-01
1.180000000000000000e+02 1.250000000000000000e-01 4.168219999999999814e+00 8.541199999999999903e-01
1.190000000000000000e+02 1.250000000000000000e-01 4.170420000000000016e+00 8.520400000000000196e-01
1.200000000000000000e+02 1.250000000000000000e-01 4.172399999999999665e+00 8.499900000000000233e-01
