1.000000000000000000e+00 2.800000000000000058e-02 1.826680000000000081e+00 3.010300000000000198e-01
2.000000000000000000e+00 3.500000000000000333e-02 2.292279999999999873e+00 3.370400000000000063e-01
3.000000000000000000e+00 3.500000000000000333e-02 2.131940000000000168e+00 2.935599999999999876e-01
4.000000000000000000e+00 2.800000000000000058e-02 2.057339999999999947e+00 2.957099999999999729e-01
5.000000000000000000e+00 2.800000000000000058e-02 1.934469999999999912e+00 2.867399999999999949e-01
6.000000000000000000e+00 2.100000000000000130e-02 1.785730000000000040e+00 2.868200000000000194e-01
7.000000000000000000e+00 2.100000000000000130e-02 1.719060000000000032e+00 2.911400000000000099e-01
8.000000000000000000e+00 1.400000000000000029e-02 1.462460000000000093e+00 2.993199999999999750e-01
9.000000000000000000e+00 1.400000000000000029e-02 1.220639999999999947e+00 3.030900000000000261e-01
1.000000000000000000e+01 1.400000000000000029e-02 1.022489999999999899e+00 3.124600000000000155e-01
1.100000000000000000e+01 1.400000000000000029e-02 9.327999999999999625e-01 3.158400000000000096e-01
1.200000000000000000e+01 1.400000000000000029e-02 8.226099999999999524e-01 3.135700000000000154e-01
1.300000000000000000e+01 1.400000000000000029e-02 6.506899999999999906e-01 3.364800000000000013e-01
1.400000000000000000e+01 1.400000000000000029e-02 5.829100000000000392e-01 3.451500000000000123e-01
1.500000000000000000e+01 1.400000000000000029e-02 5.563399999999999457e-01 3.436699999999999755e-01
1.600000000000000000e+01 1.400000000000000029e-02 5.379300000000000193e-01 3.420099999999999807e-01
1.700000000000000000e+01 1.400000000000000029e-02 5.319199999999999484e-01 3.397899999999999809e-01
1.800000000000000000e+01 1.400000000000000029e-02 5.369099999999999984e-01 3.371000000000000107e-01
1.900000000000000000e+01 1.400000000000000029e-02 5.410500000000000309e-01 3.341100000000000181e-01
2.000000000000000000e+01 1.400000000000000029e-02 5.442500000000000115e-01 3.313200000000000034e-01
2.100000000000000000e+01 1.400000000000000029e-02 5.447199999999999820e-01 3.304300000000000015e-01
2.200000000000000000e+01 1.400000000000000029e-02 5.419800000000000173e-01 3.310600000000000209e-01
2.300000000000000000e+01 1.400000000000000029e-02 5.390200000000000546e-01 3.321200000000000263e-01
2.400000000000000000e+01 1.400000000000000029e-02 5.390500000000000291e-01 3.327600000000000002e-01
2.500000000000000000e+01 1.400000000000000029e-02 5.429300000000000237e-01 3.325799999999999867e-01
2.600000000000000000e+01 1.400000000000000029e-02 5.516400000000000192e-01 3.309400000000000119e-01
2.700000000000000000e+01 1.400000000000000029e-02 5.610800000000000232e-01 3.292900000000000271e-01
2.800000000000000000e+01 1.400000000000000029e-02 5.614799999999999791e-01 3.303900000000000170e-01
2.900000000000000000e+01 1.400000000000000029e-02 5.617199999999999971e-01 3.317999999999999838e-01
3.000000000000000000e+01 1.400000000000000029e-02 5.649499999999999522e-01 3.331500000000000017e-01
3.100000000000000000e+01 1.400000000000000029e-02 5.656900000000000261e-01 3.348200000000000065e-01
3.200000000000000000e+01 1.400000000000000029e-02 5.678800000000000514e-01 3.360099999999999754e-01
3.300000000000000000e+01 1.400000000000000029e-02 5.703899999999999526e-01 3.370400000000000063e-01
3.400000000000000000e+01 1.400000000000000029e-02 5.737100000000000533e-01 3.377399999999999847e-01
3.500000000000000000e+01 1.400000000000000029e-02 5.768499999999999739e-01 3.388100000000000001e-01
3.600000000000000000e+01 1.400000000000000029e-02 5.815399999999999459e-01 3.395099999999999785e-01
3.700000000000000000e+01 1.400000000000000029e-02 5.865299999999999958e-01 3.402700000000000169e-01
3.800000000000000000e+01 1.400000000000000029e-02 5.893199999999999550e-01 3.410400000000000098e-01
3.900000000000000000e+01 1.400000000000000029e-02 5.929900000000000171e-01 3.416399999999999992e-01
4.000000000000000000e+01 1.400000000000000029e-02 5.984000000000000430e-01 3.421000000000000152e-01
4.100000000000000000e+01 1.400000000000000029e-02 6.028700000000000170e-01 3.429800000000000071e-01
4.200000000000000000e+01 1.400000000000000029e-02 6.057099999999999707e-01 3.439599999999999880e-01
4.300000000000000000e+01 1.400000000000000029e-02 6.072800000000000420e-01 3.449200000000000044e-01
4.400000000000000000e+01 1.400000000000000029e-02 6.076399999999999579e-01 3.459699999999999998e-01
4.500000000000000000e+01 1.400000000000000029e-02 6.077099999999999724e-01 3.471199999999999841e-01
4.600000000000000000e+01 1.400000000000000029e-02 6.084600000000000009e-01 3.482399999999999940e-01
4.700000000000000000e+01 1.400000000000000029e-02 6.084399999999999809e-01 3.494200000000000084e-01
4.800000000000000000e+01 1.400000000000000029e-02 6.096700000000000452e-01 3.504999999999999782e-01
4.900000000000000000e+01 1.400000000000000029e-02 6.106700000000000461e-01 3.515300000000000091e-01
5.000000000000000000e+01 1.400000000000000029e-02 6.112600000000000255e-01 3.524800000000000155e-01
5.100000000000000000e+01 1.400000000000000029e-02 6.118999999999999995e-01 3.534399999999999764e-01
5.200000000000000000e+01 1.400000000000000029e-02 6.123100000000000209e-01 3.545499999999999763e-01
5.300000000000000000e+01 1.400000000000000029e-02 6.118400000000000505e-01 3.557699999999999751e-01
5.400000000000000000e+01 1.400000000000000029e-02 6.107200000000000406e-01 3.570200000000000040e-01
5.500000000000000000e+01 1.400000000000000029e-02 6.102100000000000302e-01 3.583100000000000174e-01
5.600000000000000000e+01 1.400000000000000029e-02 6.105399999999999716e-01 3.594399999999999817e-01
5.700000000000000000e+01 1.400000000000000029e-02 6.106399999999999606e-01 3.604899999999999771e-01
5.800000000000000000e+01 1.400000000000000029e-02 6.101999999999999647e-01 3.615499999999999825e-01
5.900000000000000000e+01 1.400000000000000029e-02 6.097900000000000542e-01 3.625999999999999779e-01
6.000000000000000000e+01 1.400000000000000029e-02 6.096399999999999597e-01 3.635700000000000043e-01
6.100000000000000000e+01 1.400000000000000029e-02 6.097500000000000142e-01 3.645800000000000152e-01
6.200000000000000000e+01 1.400000000000000029e-02 6.098200000000000287e-01 3.655800000000000161e-01
6.300000000000000000e+01 1.400000000000000029e-02 6.097500000000000142e-01 3.666699999999999959e-01
6.400000000000000000e+01 1.400000000000000029e-02 6.106500000000000261e-01 3.677699999999999858e-01
6.500000000000000000e+01 7.000000000000000146e-03 6.114899999999999780e-01 3.688500000000000112e-01
6.600000000000000000e+01 7.000000000000000146e-03 6.121900000000000119e-01 3.698699999999999766e-01
6.700000000000000000e+01 7.000000000000000146e-03 6.140700000000000047e-01 3.707699999999999885e-01
6.800000000000000000e+01 7.000000000000000146e-03 6.174399999999999888e-01 3.716499999999999804e-01
6.900000000000000000e+01 7.000000000000000146e-03 6.209500000000000020e-01 3.724799999999999778e-01
7.000000000000000000e+01 7.000000000000000146e-03 6.253600000000000270e-01 3.732099999999999862e-01
7.100000000000000000e+01 7.000000000000000146e-03 6.296699999999999520e-01 3.738600000000000256e-01
7.200000000000000000e+01 7.000000000000000146e-03 6.332799999999999541e-01 3.745100000000000096e-01
7.300000000000000000e+01 7.000000000000000146e-03 6.367800000000000127e-01 3.751099999999999990e-01
7.400000000000000000e+01 7.000000000000000146e-03 6.407599999999999962e-01 3.756599999999999939e-01
7.500000000000000000e+01 7.000000000000000146e-03 6.445300000000000473e-01 3.762300000000000089e-01
7.600000000000000000e+01 7.000000000000000146e-03 6.479399999999999604e-01 3.768099999999999783e-01
7.700000000000000000e+01 7.000000000000000146e-03 6.516699999999999715e-01 3.773599999999999732e-01
7.800000000000000000e+01 7.000000000000000146e-03 6.547300000000000342e-01 3.779199999999999782e-01
7.900000000000000000e+01 7.000000000000000146e-03 6.575699999999999878e-01 3.784699999999999731e-01
8.000000000000000000e+01 7.000000000000000146e-03 6.622700000000000253e-01 3.789000000000000146e-01
8.100000000000000000e+01 7.000000000000000146e-03 6.670199999999999463e-01 3.793500000000000205e-01
8.200000000000000000e+01 7.000000000000000146e-03 6.716800000000000548e-01 3.798199999999999910e-01
8.300000000000000000e+01 7.000000000000000146e-03 6.756799999999999473e-01 3.803599999999999759e-01
8.400000000000000000e+01 7.000000000000000146e-03 6.789600000000000080e-01 3.809500000000000108e-01
8.500000000000000000e+01 7.000000000000000146e-03 6.819600000000000106e-01 3.815100000000000158e-01
8.600000000000000000e+01 7.000000000000000146e-03 6.838600000000000234e-01 3.821300000000000252e-01
8.700000000000000000e+01 7.000000000000000146e-03 6.853399999999999492e-01 3.828199999999999936e-01
8.800000000000000000e+01 7.000000000000000146e-03 6.873099999999999765e-01 3.835200000000000276e-01
8.900000000000000000e+01 7.000000000000000146e-03 6.889600000000000168e-01 3.842800000000000105e-01
9.000000000000000000e+01 7.000000000000000146e-03 6.899800000000000377e-01 3.850700000000000234e-01
9.100000000000000000e+01 7.000000000000000146e-03 6.913799999999999946e-01 3.858599999999999808e-01
9.200000000000000000e+01 7.000000000000000146e-03 6.927600000000000424e-01 3.866600000000000037e-01
9.300000000000000000e+01 7.000000000000000146e-03 6.941599999999999993e-01 3.874500000000000166e-01
9.400000000000000000e+01 7.000000000000000146e-03 6.959499999999999575e-01 3.882099999999999995e-01
9.500000000000000000e+01 7.000000000000000146e-03 6.976499999999999924e-01 3.889400000000000079e-01
9.600000000000000000e+01 7.000000000000000146e-03 6.987299999999999622e-01 3.897200000000000109e-01
9.700000000000000000e+01 7.000000000000000146e-03 7.000499999999999501e-01 3.905000000000000138e-01
9.800000000000000000e+01 7.000000000000000146e-03 7.020600000000000174e-01 3.912399999999999767e-01
9.900000000000000000e+01 7.000000000000000146e-03 7.046599999999999531e-01 3.919199999999999906e-01
1.000000000000000000e+02 7.000000000000000146e-03 7.073300000000000143e-01 3.926000000000000045e-01
1.010000000000000000e+02 7.000000000000000146e-03 7.101199999999999735e-01 3.932999999999999829e-01
1.020000000000000000e+02 7.000000000000000146e-03 7.131300000000000416e-01 3.939799999999999969e-01
1.030000000000000000e+02 7.000000000000000146e-03 7.160999999999999588e-01 3.946500000000000008e-01
1.040000000000000000e+02 7.000000000000000146e-03 7.193699999999999539e-01 3.952600000000000002e-01
1.050000000000000000e+02 7.000000000000000146e-03 7.227599999999999580e-01 3.958599999999999897e-01
1.060000000000000000e+02 7.000000000000000146e-03 7.262600000000000167e-01 3.964199999999999946e-01
1.070000000000000000e+02 7.000000000000000146e-03 7.296500000000000208e-01 3.969799999999999995e-01
1.080000000000000000e+02 7.000000000000000146e-03 7.327099999999999724e-01 3.975500000000000145e-01
1.090000000000000000e+02 7.000000000000000146e-03 7.356300000000000061e-01 3.980899999999999994e-01
1.100000000000000000e+02 7.000000000000000146e-03 7.381199999999999983e-01 3.986199999999999743e-01
1.110000000000000000e+02 7.000000000000000146e-03 7.407799999999999940e-01 3.991299999999999848e-01
1.120000000000000000e+02 7.000000000000000146e-03 7.434100000000000152e-01 3.996399999999999952e-01
1.130000000000000000e+02 7.000000000000000146e-03 7.462299999999999489e-01 4.001000000000000112e-01
1.140000000000000000e+02 7.000000000000000146e-03 7.494600000000000151e-01 4.005099999999999771e-01
1.150000000000000000e+02 7.000000000000000146e-03 7.522400000000000198e-01 4.009599999999999831e-01
1.160000000000000000e+02 7.000000000000000146e-03 7.551499999999999879e-01 4.013700000000000045e-01
1.170000000000000000e+02 7.000000000000000146e-03 7.582600000000000451e-01 4.017200000000000215e-01
1.180000000000000000e+02 7.000000000000000146e-03 7.610900000000000443e-01 4.021000000000000130e-01
1.190000000000000000e+02 7.000000000000000146e-03 7.636100000000000110e-01 4.024800000000000044e-01
1.200000000000000000e+02 7.000000000000000146e-03 7.658800000000000052e-01 4.028999999999999804e-01
