1.000000000000000000e+00 5.600000000000000117e-02 1.685009999999999897e+00 6.091600000000000348e-01
2.000000000000000000e+00 4.900000000000000189e-02 1.526860000000000106e+00 6.317399999999999682e-01
3.000000000000000000e+00 4.900000000000000189e-02 1.299619999999999997e+00 5.636799999999999589e-01
4.000000000000000000e+00 4.200000000000000261e-02 1.166090000000000071e+00 5.533700000000000285e-01
5.000000000000000000e+00 2.800000000000000058e-02 1.247149999999999981e+00 4.873799999999999799e-01
6.000000000000000000e+00 3.500000000000000333e-02 1.461019999999999985e+00 4.287199999999999900e-01
7.000000000000000000e+00 2.800000000000000058e-02 1.586140000000000105e+00 4.182899999999999952e-01
8.000000000000000000e+00 2.100000000000000130e-02 1.673110000000000097e+00 4.180200000000000027e-01
9.000000000000000000e+00 2.100000000000000130e-02 1.726630000000000109e+00 4.201900000000000079e-01
1.000000000000000000e+01 2.100000000000000130e-02 1.749109999999999943e+00 4.272400000000000087e-01
1.100000000000000000e+01 2.100000000000000130e-02 1.723479999999999901e+00 4.355800000000000227e-01
1.200000000000000000e+01 2.100000000000000130e-02 1.705349999999999921e+00 4.413000000000000256e-01
1.300000000000000000e+01 2.100000000000000130e-02 1.701400000000000023e+00 4.486700000000000133e-01
1.400000000000000000e+01 2.800000000000000058e-02 1.719079999999999941e+00 4.578499999999999792e-01
1.500000000000000000e+01 3.500000000000000333e-02 1.741389999999999993e+00 4.678499999999999881e-01
1.600000000000000000e+01 3.500000000000000333e-02 1.798159999999999981e+00 4.782299999999999884e-01
1.700000000000000000e+01 3.500000000000000333e-02 1.869070000000000009e+00 4.890999999999999792e-01
1.800000000000000000e+01 3.500000000000000333e-02 1.950380000000000003e+00 4.982800000000000007e-01
1.900000000000000000e+01 3.500000000000000333e-02 1.993360000000000021e+00 5.049200000000000355e-01
2.000000000000000000e+01 3.500000000000000333e-02 2.041529999999999845e+00 5.111299999999999732e-01
2.100000000000000000e+01 3.500000000000000333e-02 2.103990000000000027e+00 5.174600000000000311e-01
2.200000000000000000e+01 3.500000000000000333e-02 2.166650000000000187e+00 5.231999999999999984e-01
2.300000000000000000e+01 3.500000000000000333e-02 2.228400000000000158e+00 5.288899999999999713e-01
2.400000000000000000e+01 3.500000000000000333e-02 2.282540000000000013e+00 5.342999999999999972e-01
2.500000000000000000e+01 3.500000000000000333e-02 2.339710000000000178e+00 5.395499999999999741e-01
2.600000000000000000e+01 3.500000000000000333e-02 2.398470000000000102e+00 5.451599999999999779e-01
2.700000000000000000e+01 3.500000000000000333e-02 2.448519999999999808e+00 5.505499999999999838e-01
2.800000000000000000e+01 2.800000000000000058e-02 2.499830000000000219e+00 5.554700000000000193e-01
2.900000000000000000e+01 2.800000000000000058e-02 2.535699999999999843e+00 5.585799999999999654e-01
3.000000000000000000e+01 2.800000000000000058e-02 2.563590000000000035e+00 5.608699999999999797e-01
3.100000000000000000e+01 2.800000000000000058e-02 2.586090000000000000e+00 5.631699999999999484e-01
3.200000000000000000e+01 2.800000000000000058e-02 2.601440000000000197e+00 5.648600000000000287e-01
3.300000000000000000e+01 2.800000000000000058e-02 2.617550000000000043e+00 5.668299999999999450e-01
3.400000000000000000e+01 2.800000000000000058e-02 2.629560000000000120e+00 5.685299999999999798e-01
3.500000000000000000e+01 2.800000000000000058e-02 2.635590000000000099e+00 5.698999999999999622e-01
3.600000000000000000e+01 3.500000000000000333e-02 2.632490000000000219e+00 5.718100000000000405e-01
3.700000000000000000e+01 3.500000000000000333e-02 2.624690000000000190e+00 5.744000000000000217e-01
3.800000000000000000e+01 3.500000000000000333e-02 2.635369999999999990e+00 5.762899999999999689e-01
3.900000000000000000e+01 2.800000000000000058e-02 2.650990000000000180e+00 5.774899999999999478e-01
4.000000000000000000e+01 2.800000000000000058e-02 2.670900000000000052e+00 5.784399999999999542e-01
4.100000000000000000e+01 2.100000000000000130e-02 2.690119999999999845e+00 5.796000000000000041e-01
4.200000000000000000e+01 2.100000000000000130e-02 2.699370000000000047e+00 5.807600000000000540e-01
4.300000000000000000e+01 2.100000000000000130e-02 2.710900000000000087e+00 5.819800000000000528e-01
4.400000000000000000e+01 2.100000000000000130e-02 2.705769999999999786e+00 5.836999999999999966e-01
4.500000000000000000e+01 2.100000000000000130e-02 2.697569999999999801e+00 5.852899999999999769e-01
4.600000000000000000e+01 2.800000000000000058e-02 2.667940000000000200e+00 5.869499999999999718e-01
4.700000000000000000e+01 2.800000000000000058e-02 2.648590000000000000e+00 5.886400000000000521e-01
4.800000000000000000e+01 2.800000000000000058e-02 2.610869999999999802e+00 5.904899999999999594e-01
4.900000000000000000e+01 2.800000000000000058e-02 2.495919999999999916e+00 5.939100000000000490e-01
5.000000000000000000e+01 2.800000000000000058e-02 2.380799999999999805e+00 5.976700000000000346e-01
5.100000000000000000e+01 2.800000000000000058e-02 2.311970000000000081e+00 6.005899999999999572e-01
5.200000000000000000e+01 2.800000000000000058e-02 2.280110000000000081e+00 6.023699999999999610e-01
5.300000000000000000e+01 2.800000000000000058e-02 2.266999999999999904e+00 6.034800000000000164e-01
5.400000000000000000e+01 2.800000000000000058e-02 2.255949999999999900e+00 6.044399999999999773e-01
5.500000000000000000e+01 2.800000000000000058e-02 2.244510000000000005e+00 6.053500000000000547e-01
5.600000000000000000e+01 2.800000000000000058e-02 2.231059999999999821e+00 6.062199999999999811e-01
5.700000000000000000e+01 2.800000000000000058e-02 2.218700000000000117e+00 6.071199999999999930e-01
5.800000000000000000e+01 2.800000000000000058e-02 2.175739999999999785e+00 6.087200000000000388e-01
5.900000000000000000e+01 2.800000000000000058e-02 2.149449999999999861e+00 6.098900000000000432e-01
6.000000000000000000e+01 2.800000000000000058e-02 2.137039999999999829e+00 6.106300000000000061e-01
6.100000000000000000e+01 2.800000000000000058e-02 2.127730000000000121e+00 6.116099999999999870e-01
6.200000000000000000e+01 2.800000000000000058e-02 2.126469999999999860e+00 6.122699999999999809e-01
6.300000000000000000e+01 2.800000000000000058e-02 2.130399999999999849e+00 6.126800000000000024e-01
6.400000000000000000e+01 2.800000000000000058e-02 2.134419999999999984e+00 6.130799999999999583e-01
6.500000000000000000e+01 2.800000000000000058e-02 2.138069999999999915e+00 6.134600000000000053e-01
6.600000000000000000e+01 2.800000000000000058e-02 2.126599999999999824e+00 6.143899999999999917e-01
6.700000000000000000e+01 2.800000000000000058e-02 2.111489999999999867e+00 6.154399999999999871e-01
6.800000000000000000e+01 2.800000000000000058e-02 2.093840000000000146e+00 6.166300000000000114e-01
6.900000000000000000e+01 2.800000000000000058e-02 2.084859999999999935e+00 6.173699999999999743e-01
7.000000000000000000e+01 2.800000000000000058e-02 2.081929999999999836e+00 6.177599999999999758e-01
7.100000000000000000e+01 2.800000000000000058e-02 2.068000000000000060e+00 6.185599999999999987e-01
7.200000000000000000e+01 2.800000000000000058e-02 2.053669999999999884e+00 6.191799999999999526e-01
7.300000000000000000e+01 2.800000000000000058e-02 2.042339999999999822e+00 6.197300000000000031e-01
7.400000000000000000e+01 2.800000000000000058e-02 2.030549999999999855e+00 6.203800000000000425e-01
7.500000000000000000e+01 2.800000000000000058e-02 2.017399999999999860e+00 6.212400000000000144e-01
7.600000000000000000e+01 2.800000000000000058e-02 2.006110000000000060e+00 6.220700000000000118e-01
7.700000000000000000e+01 2.800000000000000058e-02 1.996869999999999923e+00 6.227700000000000458e-01
7.800000000000000000e+01 2.800000000000000058e-02 1.991139999999999910e+00 6.233199999999999852e-01
7.900000000000000000e+01 2.800000000000000058e-02 1.989239999999999897e+00 6.236599999999999921e-01
8.000000000000000000e+01 2.800000000000000058e-02 1.983740000000000059e+00 6.242199999999999971e-01
8.100000000000000000e+01 2.800000000000000058e-02 1.980169999999999986e+00 6.246699999999999475e-01
8.200000000000000000e+01 2.800000000000000058e-02 1.977570000000000050e+00 6.249900000000000455e-01
8.300000000000000000e+01 2.800000000000000058e-02 1.971680000000000099e+00 6.254699999999999704e-01
8.400000000000000000e+01 2.800000000000000058e-02 1.963559999999999972e+00 6.260499999999999954e-01
8.500000000000000000e+01 2.800000000000000058e-02 1.952679999999999971e+00 6.268299999999999983e-01
8.600000000000000000e+01 2.800000000000000058e-02 1.943910000000000027e+00 6.275300000000000322e-01
8.700000000000000000e+01 2.800000000000000058e-02 1.936600000000000099e+00 6.282699999999999951e-01
8.800000000000000000e+01 2.800000000000000058e-02 1.931619999999999893e+00 6.288500000000000201e-01
8.900000000000000000e+01 2.800000000000000058e-02 1.929200000000000026e+00 6.293199999999999905e-01
9.000000000000000000e+01 2.800000000000000058e-02 1.928230000000000111e+00 6.297700000000000520e-01
9.100000000000000000e+01 2.800000000000000058e-02 1.928679999999999950e+00 6.301499999999999879e-01
9.200000000000000000e+01 2.800000000000000058e-02 1.929159999999999986e+00 6.305100000000000149e-01
9.300000000000000000e+01 2.800000000000000058e-02 1.928919999999999968e+00 6.309299999999999908e-01
9.400000000000000000e+01 2.800000000000000058e-02 1.928949999999999942e+00 6.313499999999999668e-01
9.500000000000000000e+01 2.800000000000000058e-02 1.930460000000000065e+00 6.317000000000000393e-01
9.600000000000000000e+01 2.800000000000000058e-02 1.932010000000000005e+00 6.320900000000000407e-01
9.700000000000000000e+01 2.800000000000000058e-02 1.932779999999999943e+00 6.324800000000000422e-01
9.800000000000000000e+01 2.800000000000000058e-02 1.932590000000000030e+00 6.329299999999999926e-01
9.900000000000000000e+01 2.800000000000000058e-02 1.932649999999999979e+00 6.334300000000000486e-01
1.000000000000000000e+02 2.800000000000000058e-02 1.933859999999999912e+00 6.339000000000000190e-01
1.010000000000000000e+02 2.800000000000000058e-02 1.936169999999999947e+00 6.343100000000000405e-01
1.020000000000000000e+02 2.800000000000000058e-02 1.938949999999999951e+00 6.346600000000000019e-01
1.030000000000000000e+02 2.800000000000000058e-02 1.940409999999999968e+00 6.351099999999999524e-01
1.040000000000000000e+02 2.800000000000000058e-02 1.942350000000000021e+00 6.355199999999999738e-01
1.050000000000000000e+02 2.800000000000000058e-02 1.945580000000000087e+00 6.357800000000000118e-01
1.060000000000000000e+02 2.800000000000000058e-02 1.949149999999999938e+00 6.360299999999999843e-01
1.070000000000000000e+02 2.800000000000000058e-02 1.951999999999999957e+00 6.363400000000000167e-01
1.080000000000000000e+02 2.800000000000000058e-02 1.955389999999999961e+00 6.366500000000000492e-01
1.090000000000000000e+02 2.800000000000000058e-02 1.959589999999999943e+00 6.369500000000000162e-01
1.100000000000000000e+02 2.800000000000000058e-02 1.962350000000000039e+00 6.373699999999999921e-01
1.110000000000000000e+02 2.800000000000000058e-02 1.962830000000000075e+00 6.379599999999999715e-01
1.120000000000000000e+02 2.800000000000000058e-02 1.964269999999999960e+00 6.384699999999999820e-01
1.130000000000000000e+02 2.800000000000000058e-02 1.965740000000000043e+00 6.389799999999999924e-01
1.140000000000000000e+02 2.800000000000000058e-02 1.967799999999999994e+00 6.394800000000000484e-01
1.150000000000000000e+02 2.800000000000000058e-02 1.971019999999999994e+00 6.399299999999999988e-01
1.160000000000000000e+02 2.100000000000000130e-02 1.975689999999999946e+00 6.402799999999999603e-01
1.170000000000000000e+02 2.100000000000000130e-02 1.981239999999999890e+00 6.405699999999999728e-01
1.180000000000000000e+02 2.100000000000000130e-02 1.986920000000000019e+00 6.408500000000000307e-01
1.190000000000000000e+02 2.100000000000000130e-02 1.992040000000000033e+00 6.411700000000000177e-01
1.200000000000000000e+02 2.100000000000000130e-02 1.996129999999999960e+00 6.415800000000000392e-01
